0	0.e-56
3600	36.40796799033968444207674614820457683645238294074
7200	72.81745199028353508076089324083065824285745214573
10800	109.22845222904694192422496576415143265742082244108
14400	145.6409689358624086392819596621814083330665125495
18000	182.0550023400713459297702606123679009572982080661
21600	218.4705526711292277035324420003427306598788166455
25200	254.88762015849259343145574821598582560039283509448
28800	291.30620503161798258442742364917711393842476021967
32400	327.72630752003010736737819274497880832879843209567
36000	364.147927853401987575819526378103956459834772473
39600	400.57106626141903578738599873837162900654633296
43200	436.9957229738312552174233557203498918762249730582
46800	473.4218982204689490804174295761947653268818077761
50400	509.8495922311776537905358453400710780811440015029
54000	546.2788052358883938685303435031008389047310998683
57600	582.7095374645872541377107892123030591828418862346
61200	619.1417891473266656287391813733364159763573798044
64800	655.5755605141713528265804943722567561874282888028
68400	692.0108517952918805617926370575184723886124332908
72000	728.4476632209897821829826669165971951322457736537
75600	764.8859950215684403678480028671857581913067389537
79200	801.3258474273312377940860638269769953387737582531
82800	837.7672206685444023073474199797755771777068409751
86400	874.2101149755385569521372480968550726493887038941
90000	910.6545305790263641860606627301062595820610446497
93600	947.1004677097506188183591836781803297171396103793
97200	983.5479265984541156582743307397284747960401482205
100800	1019.9969074758796495150476237134018865601784053108
104400	1056.4474105727700151979205823978517567509701287878
108000	1092.8994361198680075161347265917292771098310657889
111600	1129.3529843479164212789315760936856393781769634517
115200	1165.808055487604230717160006304077621788749522435
118800	1202.264649768867164117640165920550131814708541407
122400	1238.722767422853978402763949847105902660217878322
126000	1275.182408681195135325627748210290233347814126181
129600	1311.643573775521096639327951136648422900033877981
133200	1348.1062629374623240969609487527257703394137267219
136800	1384.5704763986492794516231311850675746884902654018
140400	1421.0362143907124244564108885602191349698000870197
144000	1457.5034771452822208644206110047257502058797845743
147600	1493.9722648939891304287486886451327194192659510645
151200	1530.4425778684636149024915116079853416324951794889
154800	1566.9144163003361360387454700198289158681040628464
158400	1603.3877804212371555906069540072087411486291941358
162000	1639.8626704627971353111723536966701164966071663557
165600	1676.3390866566465369535380592147583409345745725051
169200	1712.8170292344158222708004606880187134850680055825
172800	1749.296498427735453016055948242996533170624058587
176400	1785.7774944682358909424009120062370990137793245171
180000	1822.2600175875475978029317421042857100370703963717
183600	1858.7440680173010353507448286636876652630338671495
187200	1895.229645988814282930827356138626200541098404757
190800	1931.716751729188316490248681506857931884999391057
194400	1968.205385470038373931013422033831755570744058829
198000	2004.695547444913535137995568742230497156614731202
201600	2041.187237887362879996069112654736982200893731301
205200	2077.680457030935488390108044794034036261863382256
208800	2114.175205109180440204986356182804484897806007194
212400	2150.671482355646815325578037843731153667003929242
216000	2187.169289003883693636757080799496868127739471527
219600	2223.668625287440155023397476072784453838294957179
223200	2260.169491439865279370373214686276736356952709323
226800	2296.671887694708146562558287662656541241995051088
230400	2333.175814285517836484826686024606694051704305602
234000	2369.681271445843429022052400794810020344362795991
237600	2406.188259409234004059109422995949345678252845384
241200	2442.696778409238641480871743650707495611656776908
244800	2479.206828679406421172213353781767295702856913691
248400	2515.71841045328642301800824441181157151013557886
252000	2552.231523964427726903130406563523148591775095543
255600	2588.746169446379412712453831259584852506057786868
259200	2625.262347132690560330852509522679508811265975962
262800	2661.780057256910249643200432375489943065681985952
266400	2698.299300052587560534371590840698980827588139967
270000	2734.820075753271572889239975940989447655266761134
273600	2771.342384592511366592679578699044169107000172581
277200	2807.866226803856021529564390137545970741070697434
280800	2844.391602620854617584768401279177678115760658823
284400	2880.918512277056234643165603146622116789352379874
288000	2917.446956006009952589629986762562112320128183714
291600	2953.976934041264851309035543149680490266370393473
295200	2990.5084466163700106862562633306600761863613322764
298800	3027.0414939648745106061661383281836956383833232528
302400	3063.5760763203274309536391591649341741807186895295
306000	3100.1121939162778516135493168635943373716497542343
309600	3136.6498469862748524707706024468470107694588404946
313200	3173.1890357638675134101770069373750199324282714382
316800	3209.7297604826049143166425213578611904188403701925
320400	3246.2720213760361350750411367309883477869774598853
324000	3282.8158186777102555702468440794393175951218636441
327600	3319.3611526211763556871336344258969254015559045965
331200	3355.9080234399835153105754987930439967645619058702
334800	3392.4564313676808143254464282035633572424221905926
338400	3429.0063766378173326166204136801378323934190818915
342000	3465.557859481010337506984820634164961999600269042
345600	3502.110880115265417784329894305502278146190868571
349200	3538.665438775039760846034528296670796635033275605
352800	3575.221535697674316517794313664446502056039017061
356400	3611.779171120510034625304841465605378999119619853
360000	3648.338345280887864994261702756923412054186610896
363600	3684.899058416148757450360488595176585811151517103
367200	3721.46131076363366181929679003714088485992586539
370800	3758.025102560683527926766198139592293790421182672
374400	3794.590434044639305598464303959306797192548995863
378000	3831.157305452841944660086698553060379656220831877
381600	3867.72571702263239493732897297762902577134821763
385200	3904.295668991351606255886718289788720127842680036
388800	3940.867161596340528441455525546315447315615746009
392400	3977.440195074940111319730985803985191924578942465
396000	4014.014769664491304716408690119573938544643796318
399600	4050.590885602335058457184229549857671765721834482
403200	4087.168543125812322367753195151612376177724583873
406800	4123.747742472264046273811177981614036370563571405
410400	4160.328483879031180001053769096638636934150323993
414000	4196.91076758345467337517655955346216245839636855
417600	4233.494593822875476221875140408860597533213231993
421200	4270.079962834634538366845102719609926748512441235
424800	4306.666874856072809635782037542486134694205523192
428400	4343.255330124531239854381535934265205960204004777
432000	4379.845328877350778848339188951723125136419412906
435600	4416.436871351872376443350587651635876812763274493
439200	4453.029957785436982465111323090779445579147116453
442800	4489.624588415385546739316986325929816025482465701
446400	4526.22076347905901909166316841386297274168084915
450000	4562.818483213798349347845460411354900317653793717
453600	4599.417747856944487333559453375181583343312826315
457200	4636.018557645838382874500738362119006408569473859
460800	4672.620912817820985796364906428943154103335263264
464400	4709.224813610233245924847548632430011017521721444
468000	4745.830260260416113085644256029355561741040375314
471600	4782.43725300571053710445061967649579086380275179
475200	4819.045792083457467806962230630626682975720377784
478800	4855.655877730997855018874679948524222666704780213
482400	4892.26751018567264856588355868696439452666748599
486000	4928.880689684822798273684457902723183145520022031
489600	4965.49541646578925396797296865257657311317391525
493200	5002.111690765912965474444681993300549019540692561
496800	5038.72951282253488261879518898167109545453188088
500400	5075.34888287299595522672008067446419700805900712
504000	5111.969801154637133123914948128455838270033598198
507600	5148.592267904799366136075382400422003830367181026
511200	5185.216283360823604088896974547138678278971282521
514800	5221.841847760050796808075315625381846205757429596
518400	5258.468961339821894119305996691927492200637149166
522000	5295.097624337477845848284608803551600853521968147
525600	5331.727836990359601820706743017030156754323413452
529200	5368.359599535808111862267990389139144492953011996
532800	5404.992912211164325798663941976654548659322290694
536400	5441.62777525376919345559018883635235384334277646
540000	5478.26418890096366465874232202500854463492599621
543600	5514.902153390088689233815932599399105623983476858
547200	5551.541668958485217006506611616300021400426745318
550800	5588.182735843494197802509950132487276554167328505
554400	5624.825354282456581447521539204736855675116753334
558000	5661.469524512713317767236969889824743353186546719
561600	5698.115246771605356587351833244526924178288235576
565200	5734.762521296473647733561720325619382740333346818
568800	5771.411348324659141031562222189878103629233407361
572400	5808.061728093502786307048929894079071434899944119
576000	5844.713660840345533385717434494998270747244484006
579600	5881.367146802528332093263327049411686156178553938
583200	5918.022186217392132255382198614095302251613680829
586800	5954.678779322277883697769640245825103623461391594
590400	5991.336926354526536246121243001377074861633213147
594000	6027.996627551479039726132597937527200556040672403
597600	6064.657883150476343963499296111051465296595296276
601200	6101.320693388859398783916928578725853673208611682
604800	6137.985058503969154013081086397326350275792145535
608400	6174.65097873314655947668736062362893969425742475
612000	6211.31845431373256500043134231440960651851597624
615600	6247.987485483068120410008622526444335338479326922
619200	6284.658072478494175531114792316509110744059003709
622800	6321.330215537351680189445442741379917325166533517
626400	6358.003914899746829257712343914940144797172385524
630000	6394.679170826290582490489579309440270026189172676
633600	6431.355983562281428377351649322121015126731170359
637200	6468.034353348401529883333020092216542981562179864
640800	6504.714280425333049973468157758961016473446002483
644400	6541.395765033758151612791528461588598485146439506
648000	6578.078807414358997766337598339333451899427292226
651600	6614.763407807817751399140833531429739599052361934
655200	6651.449566454816575476235700177111624466785449921
658800	6688.137283596037632962656664415613269385390357479
662400	6724.826559472163086823438192386168837237630885899
666000	6761.517394323875100023614750228012490906270836473
669600	6798.209788391855835528220804080378393274074010491
673200	6834.903741916787456302290820082500707223804209247
676800	6871.59925513935212531085926437361359563822523403
680400	6908.296328300232005518960603092951221400100886132
684000	6944.994961640109259891629302379747747392194966846
687600	6981.695155399666051393899828373237336497271277461
691200	7018.396909819584542990806647212654151598093619271
694800	7055.100225140546897647384225037232355577425793565
698400	7091.805101603235278328667027986206111318031601636
702000	7128.511539448331847999689522198809581702674844775
705600	7165.219538916518769625486173814276929614119324274
709200	7201.929100248478206171091448971842317935128841423
712800	7238.640223684892320601539813810739909548467197515
716400	7275.35290946644327588186573447020386733689819384
720000	7312.067157833815729674157717657594763612322374622
723600	7348.782969028181085618806832205979887231606358419
727200	7385.500343291771940546120785140757944232294456665
730800	7422.21928086696038799016415005733662013574486632
734400	7458.939781996118521485001500551123600463315784342
738000	7495.661846921618434564697410217526570736365407691
741600	7532.385475885832220763316452651953216476251933328
745200	7569.11066913113197361492320144981122320433355821
748800	7605.837426899889786653582230206508276441968479297
752400	7642.565749434477753413358112517452061710514893549
756000	7679.295636977267967428315421978050264531330997925
759600	7716.027089770632522232518732183710570425774989385
763200	7752.760108056943511360032616729840664915205064887
766800	7789.494692078573028344921649211848233520979421392
770400	7826.230842077893166721250403225140961764456255858
774000	7862.968558297276020023083452365126535166993765245
777600	7899.707840979093681784485370227212639249950146512
781200	7936.448690365718245539520730406806959534683596619
784800	7973.191106699521804822254106499317181542552312525
788400	8009.935090222876453166750072100150990794914491189
792000	8046.680641178154284107073200804716072813128329571
795600	8083.42775980772739117728806620842011311855202463
799200	8120.176446353967867911459241906670797232543773326
802800	8156.926701059247807843651301494875810676461772618
806400	8193.678524165939304507928818568442838971664219465
810000	8230.431915916414451438356366722779567639509310826
813600	8267.186876553045991292633865200765682742830248502
817200	8303.943406320104412623126350692528123969508725682
820800	8340.701505462496386801465469025474064463349403321
824400	8377.461174223741094201722545350109261948031386662
828000	8414.222412847357715197968904816939474147233780944
831600	8450.985221576865430164275872576470458784635691409
835200	8487.749600655783419474714773779207973583916223296
838800	8524.515550327630863503356933575657776268754481848
842400	8561.283070835926942624273677116325624562829572305
846000	8598.052162424190837211536329551717276189820599906
849600	8634.822825336035435833857764092031277101546409721
853200	8671.595059815463370129422916728713846741540326887
856800	8708.368866106575646947786888360734326543954554902
860400	8745.144244453473223701463420936621745703804408535
864000	8781.921195100257057802966256404905133416105202555
867600	8818.699718291028106664809136714113518875872251732
871200	8855.479814269887327699505803812775931278120870835
874800	8892.261483280935678319569999649421399817866374633
878400	8929.044725568263698109280283605296049927669710683
882000	8965.829541375846503127362403109692517995765940043
885600	9002.615930948283820862888102290976878604746703403
889200	9039.403894530386577211143022070648329490182959233
892800	9076.193432366965698067412803370206068387645666005
896400	9112.984544702832109326983087111149293032705782191
900000	9149.77723178279673688513951421497720116093426626
903600	9186.571493851670506637167725603188990507902076686
907200	9223.367331154264344478353362197283858809180171937
910800	9260.164743935389176303982064918761003800339510487
914400	9296.963732439855928009339474689119623216951050805
918000	9333.764296912475525489711232429858914794585751363
921600	9370.566437598058894640382979062478076268814570633
925200	9407.370154741452558356265008265100183093944704624
928800	9444.175448588232316772186494653724132310143514485
932400	9480.982319383952000052143849165304877291591308851
936000	9517.790767373995601199737312040403151262383168388
939600	9554.600792803747113218567123519579687446614173761
943200	9591.412395918616175099160620466985763613886760636
946800	9628.225576964199454448649236531065440224090239703
950400	9665.040336186176472828908577882622954706655179712
954000	9701.856673830227122214860685065514249004454549771
957600	9738.674590142001722689119909528494921838819679342
961200	9775.494085366924335645924359931857062442105505962
964800	9812.315159751033826729735702987957948271740307756
968400	9849.137813540541283012497276481622945085391702308
972000	9885.962046981657791566152418197677418640727307201
975600	9922.787860320594439462644465920946734695414740017
979200	9959.615253803562313773916757436256259007121618341
982800	9996.444227676772501571912630528431357333515559756
986400	10033.274782186436089928575422982297395432264181844
990000	10070.106917578764165915848472582679739061035102189
993600	10106.940634099967816605675117114403753977495938375
997200	10143.775931996258129069998694362294805939314307984
1000800	10180.612811514081696196444564005682367851455987797
1004400	10217.451272900443441576292401539152936417671169623
1008000	10254.291316402043323467859486330301516311254368307
1011600	10291.132942265622620677420684634055788933686537471
1015200	10327.976150737986863144132722796874117325946708306
1018800	10364.820942065988783858665818187261285661468425805
1022400	10401.66731649660865280470219558191987641923108489
1026000	10438.515274276853740314059206756542193655285858273
1029600	10475.364815653661152464544862372703944089717070824
1033200	10512.215940874012944918748736074545784253011399462
1036800	10549.068650185321388596548801809649129782253885922