0	0.e-56
3600	36.38575728227579567664690894930904055329515542978
7200	72.7730304136093850025805046229452500135542247179
10800	109.16181962320785965606703587137214639666986727964
14400	145.5521251402954254079729320385195524944350216838
18000	181.9439471942052014718564983306456984515357838723
21600	218.3372860143843734787554454024726228273482611198
25200	254.73214183028119253531890832331524321673400471124
28800	291.12851487134390974819602216248847721455456593165
32400	327.5264053669844013599501017952010508483484371444
36000	363.9258135468311655439448016281672989394946425501
39600	400.3267396407247414667030674518655225408786876241
43200	436.7291838785069693977373446098945477420802570622
46800	473.1331464900196896065600784458532006326790355603
50400	509.5386277051047423626837143033403073022547078144
54000	545.9456277536039679356206975259546938403869585202
57600	582.3541468653592065948834734572951863366554723739
61200	618.7641852703172500776598794430479017474960422316
64800	655.1757431987457179216318748439303241355311394609
68400	691.5888208808246169194641325766502843279469915349
72000	728.0034185467480155216151011343297449254056790924
75600	764.4195364268224668003143264622135400005154069932
79200	800.8371747513899300866801310982108599424205739285
82800	837.256333750838488218526883994777299534231873867
86400	873.6770136556387628626791028742878109547657151123
90000	910.0992146963069639371657588954344128463164400895
93600	946.5229371034441276836650811300119904764847431839
97200	982.9481811076864244367586237513328967638360907186
100800	1019.3749469397321798464172468175667894235723244772
104400	1055.803234830350509922460998366135121912336735298
108000	1092.233045010363853496696152652088570246233940325
111600	1128.6643777106503375713695564381038801272349452121
115200	1165.0972331621641606054604066925740817640149857259
118800	1201.5316115958435602594070623542869449024675798832
122400	1237.9675132427558405822510904582986825903865029322
126000	1274.4049383341226112446034063577040776023888747273
129600	1310.8438871011668366799739557915189991690200849147
133200	1347.2843597751114813218726844987593165208255231409
136800	1383.7263565871795096038095382184408988883505790521
140400	1420.169877768526471284600004368326484696189576353
144000	1456.6149235505308058524493648100636445597985416825
147600	1493.0614941648989378684194075666676259402307253742
151200	1529.5095898433416972963182546911010897393743875683
154800	1565.9592108175699140999540282363266968591177884055
158400	1602.4103573192944182431348502553071082013491880265
162000	1638.863029580226039689668842801004984667956846572
165600	1675.3172278320756084033641279263829871608290241826
169200	1711.772952306553954348028827684403776581853980999
172800	1748.2302032353719074874710641280300138329199771619
176400	1784.688980849733887006024438224114276151525292911
180000	1821.149285380817944286443075582237053644305904458
183600	1857.611117061258273920176806866452768437731634092
187200	1894.074476123728025697313859223827488969073039685
190800	1930.539362800900349407942459801427283675600679106
194400	1967.005777325448394842150835746318220994585110227
198000	2003.473719930045311790027214205566369363296890918
201600	2039.943190847364250041659822326237797219006579049
205200	2076.414190310078359387136887255398572998984732491
208800	2112.886718550860789616546636140114765140501909115
212400	2149.360775802384690519977296127452442080828666792
216000	2185.8363622973232118875170943644776722572355633914
219600	2222.3134782683495035092542579982565241069931567845
223200	2258.7921239481367151752770141758550660673720048417
226800	2295.2722995693579966756735900443393665756426654336
230400	2331.7540053646864978005322127507754940690756964309
234000	2368.2372415667953683399411094422295169849416557042
237600	2404.722008408357758083988507265767503760511101124
241200	2441.2083061220468168227626333684555228330545905609
244800	2477.6961349405356943463517148973596426398426818856
248400	2514.1854950964975404448439789995459316181459329686
252000	2550.6763868222741824936154516059124267416852719
255600	2587.168810345216907054206779893626062306594383456
259200	2623.662765897732023607027478659883016549646974967
262800	2660.158253714574122681171185513196177484909820315
266400	2696.655274030497794805731538062078433126449693382
270000	2733.153827080257630509802173915042671488333368049
273600	2769.653913098608220322476730680601780584627618198
277200	2806.155532320304154772848845967268648429399217712
280800	2842.658684980100024390012157383556163036714940471
284400	2879.163371312750419703060302537977212420641560357
288000	2915.669591553009931241086919039044684595245851253
291600	2952.17734593563314953318564449527146757459458704
295200	2988.6866346953746651084501165151704493727545416
298800	3025.197458066989068495973972707254518003792488815
302400	3061.709816285230950224850850680036561481775202566
306000	3098.223709584854900824174388042029467820769456735
309600	3134.739138200615510823038222401746125034842025205
313200	3171.256102367267370750535991367699421138059681856
316800	3207.774602319565071135761332548402244144489200571
320400	3244.294638292263202507807883552367482068197355231
324000	3280.816210520116355395769281988108022923250919718
327600	3317.339319237879120328739165464136754723716667914
331200	3353.863964680306087835811171588966565483661373701
334800	3390.39014708215184844607893797111034321715181096
338400	3426.917866678170992688636102219080975938254753574
342000	3463.447123703118111092576301941391351661036975424
345600	3499.977918391747794186993174746554358399565250391
349200	3536.510250978814632500980358243082884167906352359
352800	3573.044121699073216563631490039489816980127055207
356400	3609.579530787278136904040207744288044850294132819
360000	3646.116478478183984051300148965990455792474359076
363600	3682.654965006545348534504951313109937820734507859
367200	3719.194990607116820882748252394159378949141353051
370800	3755.736555514652991625123689817651667191761668533
374400	3792.279659963908451290724901192099690562662228188
378000	3828.824304189637790408645524126016337075909805896
381600	3865.37048842659559950797919622791449474557117554
385200	3901.918212909536469117819555106307051585713111001
388800	3938.4674778732149897672602383697068956104023861617
392400	3975.0182835523857519853948836266269148337057749032
396000	4011.5706301818033463013171284855799972696900511074
399600	4048.1245179962223632441206105550790309324219886562
403200	4084.6799472303973933428989674436369038359683614314
406800	4121.2369181190830271267458367597665039943959433146
410400	4157.7954308970338551247548561119807194217715081878
414000	4194.3554857990044678660196631087924381321618299326
417600	4230.917083059354000407160220088412922396026016232
421200	4267.480222898713139068206412092570573597616393204
424800	4304.044905547688295931691998001729043014708819437
428400	4340.611131245012168626234072743417520581332212661
432000	4377.178900229417454780449731245165196231515490604
435600	4413.748212739636852022956068434501259899287570992
439200	4450.319069014403057982370179238954901518677371555
442800	4486.891469292448770287309158586055311023713810021
446400	4523.465413812506686566390101403331678348425804118
450000	4560.040902813309504448230102618313193426842271573
453600	4596.617936533589921561446257158529046192992130115
457200	4633.196515212080635534655659951508426580904297473
460800	4669.776639087514343996475405924780524524607691373
464400	4706.358308398623744575522590005874529958131229545
468000	4742.941523384141534900414307122319632815503829716
471600	4779.526284282800412599767652201645023030754409614
475200	4816.112591333333075302199720171379890537911886968
478800	4852.700444774472220636327605959053425271005179506
482400	4889.289844844950546230768404492194817164063204956
486000	4925.880791783500749714139210698333256151114881045
489600	4962.473285828855528715057119504997932166189125503
493200	4999.067327219747580862139225839718035143314856056
496800	5035.662916194909603784002624630022755016520990434
500400	5072.260052993074295109264410803441281719836446364
504000	5108.858737852974352466541679287502805187290141575
507600	5145.458971013342473484451525009736515352910993794
511200	5182.060752712911355791611042897671602150727920749
514800	5218.66408319041369701663732787883725551476984017
518400	5255.268962684582194788147474880762665379065669783
522000	5291.875391434149546734758578830977021677644327318
525600	5328.483369677848450485087734657009514344534730501
529200	5365.092897654411603667752037286389333313765797061
532800	5401.703975602571703911368581646645668519366444727
536400	5438.316603761061448844554462665307709895365591226
540000	5474.930782368613536095926775269904647375792154287
543600	5511.546511663960663294102614387965670894675051638
547200	5548.163791885835528067699074947019970386043201006
550800	5584.782623272970828045333251874596735783925520119
554400	5621.403006064099260855622240098225157022350926707
558000	5658.024940497953524127183134545434424035348338497
561600	5694.648426813266315488633030143753726756946673217
565200	5731.273465248770332568589021820712255121174848595
568800	5767.90005604319827299566820450383919906206178236
572400	5804.528199435282834398487673120663748513636392239
576000	5841.15789566375671440566452259871509340992759596
579600	5877.789144967352610645815847865522423684964311253
583200	5914.421947584803220747558743848614929272775455844
586800	5951.056303754841242339510305475521800107389947462
590400	5987.692213716199373050287627673772226122836703834
594000	6024.329677707610310508507805370895397253144642691
597600	6060.968695967806752342787933494420503432342681758
601200	6097.609268735521396181745106971876734594459738764
604800	6134.251396249486939653996420730793280673524731438
608400	6170.895078748436080388158969698699331603566577508
612000	6207.540316471101516012849848803124077318614194701
615600	6244.187109656215944156686152971596707752696500746
619200	6280.835458542512062448284977131646412839842413371
622800	6317.485363368722568516263416210802382514080850303
626400	6354.136824373580159989238565136593806709440729272
630000	6390.789841795817534495827518836549875359950968005
633600	6427.44441587416738966464737223819977839964048423
637200	6464.100546847362423124315220269072705762538195676
640800	6500.75823495413533250344815785669784738267302007
644400	6537.417480433218815430663279928604393194073875141
648000	6574.078283523345569534577681412321533130769678616
651600	6610.740644463248292443808457235378457126789348225
655200	6647.404563491659681786972702325304355116161801694
658800	6684.070040847312435192687511609628417032915956752
662400	6720.737076768939250289569980015879832811080731127
666000	6757.405671495272824706237202471587792384685042548
669600	6794.075825265045856071306273904281485687757808742
673200	6830.747538316991042013394289241490102654327947437
676800	6867.420810889841080161118343410742833218424376362
680400	6904.095643222328668143095531339568867314076013245
684000	6940.772035553186503587942947955497394875311775813
687600	6977.449988121147284124277688186057605836160581795
691200	7014.12950116494370738071684695877869013065134892
694800	7050.810574923308470985877519201189837692812994914
698400	7087.493209634974272568376799840820238456674437507
702000	7124.177405538673809756831783805199082356264594426
705600	7160.863162873139780179859566021855559325612383399
709200	7197.550481880011910005019247922027097280288742432
712800	7234.23936282246189321330833330287965467729223779
716400	7270.929805947520763263213070117677418768242107274
720000	7307.621811497362649877689236420142130215706223949
723600	7344.315379714161682779692610263995529682252460879
727200	7381.010510840091991692178969702959357830448691131
730800	7417.707205117327706338104092790755355322862787768
734400	7454.405462788042956440423757581105262822062623857
738000	7491.105284094411871722093742127730820990616072461
741600	7527.806669278608581906069824484353770491091006647
745200	7564.509618582807216715307782704695851986055299479
748800	7601.214132249181905872763394842478806138076824022
752400	7637.920210519906779101392438951424373609723453341
756000	7674.627853637155966124150693085254295063563060502
759600	7711.337061843103596663993935297690311162163518569
763200	7748.047835379923800443877943642454162568092700608
766800	7784.760174489790707186758496173267589943918479683
770400	7821.47407941487844661559137094385233395220872886
774000	7858.189550397361148453332346007930135255531321203
777600	7894.906587679412942422937199419222734516454129778
781200	7931.62519150320795824736170923145187239754502765
784800	7968.345362110920325649561653498339289561371887883
788400	8005.067099744724174352492810273606726670502583544
792000	8041.790404646793634079110957610975924387504987696
795600	8078.515277059302834552371873564168623374946973406
799200	8115.241717224425905495231336186906564295396413737
802800	8151.969725384336976630645123532911487811421181756
806400	8188.699301781290506796984452817800013169608038772
810000	8225.43044665852809573008417729280229528303449113
813600	8262.163160259953024390140479572164316092945416999
817200	8298.89744282948068538927390692305969173489735092
820800	8335.633294611026471339605006612662038344446827434
824400	8372.370715848505774853254325908144972057150381083
828000	8409.109706785833988542342412076682109008564546405
831600	8445.850267666926505018989812385447065334245857944
835200	8482.592398735698716895317074101613457169750850238
838800	8519.33610023606601678344474449235490065063605783
842400	8556.081372411943797295493370824845011912458015261
846000	8592.82821550724745104358350036625740709077325707
849600	8629.576629765892370639835680383765702321138317799
853200	8666.326615431793948696370458144543513739109731989
856800	8703.07817274886757782530838091576445748024403418
860400	8739.831301961028650638769995964602149680097758914
864000	8776.58600331219255974887585055823020647422744073
867600	8813.342277046274697767746491963822243998189614172
871200	8850.100123407190457307502467448551878387540813778
874800	8886.859542638855230980264324279592725777837574089
878400	8923.620534985184411398152609724118402304636429648
882000	8960.383100690093391173287871049302524103493914994
885600	8997.147239997497562917790655522318707309966564669
889200	9033.912953151312319243781510410340568059610913212
892800	9070.680240395453052763380982980541722487983495166
896400	9107.449101973835156088709620500095786730640845071
900000	9144.219538130374021831887970236176376923139497468
903600	9180.991549110710995125255291940867062098929855014
907200	9217.76513516175567126363315234907007065349403108
910800	9254.54029652840205842278353956243648249870739019
914400	9291.317033455597521394175255894838302838674499099
918000	9328.095346188397043544959423789257144294553238686
921600	9364.875234971862476081635245882541702379849729687
925200	9401.65670005092410226401615546753135669148116295
928800	9438.439741670815536377279447669040210987523590328
932400	9475.224360077018067819249577313620868779392356809
936000	9512.010555515012985987750999227825933578502807381
939600	9548.798328230281580280608168238208008896270287032
943200	9585.587678468305140095645539171319698244110140749
946800	9622.378606474564954830687566853713605133437713522
950400	9659.171112494542313883558706111942333075668350337
954000	9695.965196773718506652083411772558485582217396183
957600	9732.760859557475151573041378548352432495021750472
961200	9769.558101091553601408182284987328947323476345234
964800	9806.356921622165384269680223814503944407600853925
968400	9843.157321395526813394494877436366202563628750869
972000	9879.959300657854202019585928259404500607793510388
975600	9916.762859655363863381913058690107617356328606807
979200	9953.56799863427211071843595113496433162546751445
982800	9990.37471784079525726611428800046342223144370764
986400	10027.183017521149616261907751693093667990490660701
990000	10063.992897921551500942776024619343847718841847956
993600	10100.80435928821722454567878918570274023273074373
997200	10137.617401867363100307575727798659124348390822345
1000800	10174.432025905205441465426522864701778882055558127
1004400	10211.248231648278979730871174797218395955724622405
1008000	10248.066019343764410281105716588130924439474399665
1011600	10284.885389238476894875133966979054265098599449425
1015200	10321.706341579216413253731891923618664619551224982
1018800	10358.528876612783988253937841884647360513370427833
1022400	10395.35299458608054836197720467110272303319975999
1026000	10432.17869574618830275627233929712815074925652228
1029600	10469.00598034020861285561626951227911765146276099
1033200	10505.834848615242840078802019066111097729740522407
1036800	10542.665300818434101023528513673248597308923840063