0	0.e-56
3600	36.36842800544300844397878371092326698669191886153
7200	72.73837173388507503437672587197111818402921961756
10800	109.10983141452671562623032800322992844626778481955
14400	145.4828072765855599416838683474013499441124861706
18000	181.857299549388158706978607200191341260739955744
21600	218.2333084623751272800601131340914727241140237893
25200	254.61083424498814615588154583046625241277538056979
28800	290.98987712666889582939606497068018840526471634884
32400	327.3704373368227716558587819050547641301986542739
36000	363.7525151050718098568279249248642736104564626288
39600	400.1361106612498964290829712802076648100733723922
43200	436.5212242351922155534461529149767225539844019835
46800	472.9078560567339514107397017730632316671245698224
50400	509.2960063557102881817858497983589769744288943284
54000	545.6856753619564100474068289347557433008323939211
57600	582.07686330530750118842487112614531547127008702
61200	618.4695704153148680714649661781240114123092856323
64800	654.8637969215186004035155056953228140132243257534
68400	691.2595430544855958552112871502748774332558467096
72000	727.6568090448215297101774707107436502926647770424
75600	764.0555951231320772520392165444925812117120452932
79200	800.4559015200229137644216848192851188106585800035
82800	836.857728466099714530950035702884711709765309715
86400	873.2610761919681548352494293630548085292931629691
90000	909.6659449282339099609450259675588578895030683073
93600	946.0723349055026551916619856841603084106559542711
97200	982.4802463543800658110254686806226087130127494021
100800	1018.8896795054718171026606351247092074168343822418
104400	1055.3006345893835843501926451841835531423817813317
108000	1091.7131118367210428372466590268090945099158752132
111600	1128.127111478089867847447836820349280139697592428
115200	1164.5426337440957346644213387325675586519878615176
118800	1200.9596788653443185717923249312273786670476110234
122400	1237.378247072511196650477953019032932291624946534
126000	1273.7983385974225058358523418945890738584133398394
129600	1310.2199536716730868794589098555070820529036540473
133200	1346.643092526579006568555682859505740856889825854
136800	1383.0677553934563316904006868643038342521657919552
140400	1419.493942503621129032251947827620146220525489047
144000	1455.9216540883966132064247767338956923301883910415
147600	1492.350890379292703478278029295824598282118914717
151200	1528.7816516078861011561352934106555081628176127203
154800	1565.2139380057851557406110473206518675336400079785
158400	1601.647749804653114758096798310556316553792714071
162000	1638.083087236114941034156711869518795121451006752
165600	1674.5199505320232008410074646182088183615937302955
169200	1710.958339924317648148035811065275204330879098764
172800	1747.3982556449380369246285057193667710859653262224
176400	1783.839697925824121140172303089132336683510626735
180000	1820.2826669989156547640539576832207191801732143661
183600	1856.727163096094778997824287846871034422797844187
187200	1893.173186449404045605605600589259730043779235381
190800	1929.620737291283237747182656462642993324481434248
194400	1966.069815854186776337083264849724052999403090428
198000	2002.520422370569082289835235133206137803042853559
201600	2038.9725570728845765199663766957924764698993732802
205200	2075.4262201935876799420044989201862977344712992305
208800	2111.8814119651328134704774111890908303312572810485
212400	2148.3381326199743980199129228852093029947559683732
216000	2184.7963823905668545048388433912449444594660108434
219600	2221.256161509284053022691586606627915840455650526
223200	2257.717470207513873245009887033122875002891967078
226800	2294.180308718151955199503504242531346030473879197
230400	2330.644677274657280686629430449992368578578743177
234000	2367.110576110488831506844657870644982302583915312
237600	2403.578005459105589460606178719628226857866751895
241200	2440.04696555396653634837098521208114189980460922
244800	2476.517456628530653970596069563142767083774843581
248400	2512.989478916256924127738423987952142065154811272
252000	2549.463032650604328620255040701648306499321868586
255600	2585.938118065031849248602911919370300041653371818
259200	2622.414735392998467813239029856257162347526677261
262800	2658.892884867963166114620386727447933072319141209
266400	2695.372566723384925953203974748081651871408119956
270000	2731.8537811927227291294467861332973584001709697954
273600	2768.3365285094355574438058130982340923139850470213
277200	2804.8208089069823926967380478580308932682277079273
280800	2841.3066226188222166887004826278268009182763088074
284400	2877.7939698784140112201501096227608549195082059553
288000	2914.2828509192167580915439210579720949273007556647
291600	2950.7732659746894391033389091485995605970313142296
295200	2987.2652152782910360559920661097822915840772379436
298800	3023.7586990634805307499603841566593275438158831007
302400	3060.253717559937662797441204368767727290372922842
306000	3096.750270997634429080650094153534644353912006956
309600	3133.248359612183831812657416000861815469696863093
313200	3169.747983639218500851105706029998010646805983681
316800	3206.249143314371066053637500360191999894317861147
320400	3242.75183887327415727789533511069255322131098792
324000	3279.256070551560404381521746400748440636863856426
327600	3315.761838584862437222159270349608432150054959094
331200	3352.26914320881288565745044307652129776996278835
334800	3388.777984659044379545037800700735807505665836623
338400	3425.288363171189548742563879341500731366242596339
342000	3461.800278980881023107671215118064839360771559928
345600	3498.313732323751432498002344149676901498331219816
349200	3534.82872343543340677119980255558568778800006843
352800	3571.3452525515595757849061264550399682388565982
356400	3607.863319907762569396763851967288512859979301551
360000	3644.382925739675017464415515211580091660446670912
363600	3680.904070282929549845503652307163474649337198711
367200	3717.426753773158796397670799373287431835729377375
370800	3753.950976445995386978559492529200733228701699331
374400	3790.476738537071951445812267894152148837332657007
378000	3827.004040282021119657071661587390448670700742831
381600	3863.532881916475521469980209728164402737884449231
385200	3900.063263676067786742180448435722781047962268634
388800	3936.595185796430545331314913829314353610012693467
392400	3973.128648513196427095026142028187890433114216159
396000	4009.663652061998061890956669151592161526345329136
399600	4046.200196678468079576749031318775936898784524827
403200	4082.738282598239110010045764648987986559510295659
406800	4119.27791005694378304848940526147708051760113406
410400	4155.819079290214728549722489275491988782135532457
414000	4192.361790533684576371387552810281481362191983279
417600	4228.906044022985956371127131985094328266848978951
421200	4265.451839993751498406583762919179299505185011903
424800	4301.999178681613832335399981731785165086278574562
428400	4338.548060322205588015218324542160695019208159355
432000	4375.09848515115939530368132746955465931305225871
435600	4411.650453404107884058431526633215827976889365055
439200	4448.203965316683684137111458152392971019797970816
442800	4484.759021124519425397363658146334858450856568423
446400	4521.315621063247737696830662734290260279143650302
450000	4557.873765368501250893155008035507946513737708882
453600	4594.433454275912594843979230169236687163717236589
457200	4630.994688021114399406945865254725252238160725851
460800	4667.557466839739294439697449411222411746146669096
464400	4704.1217909674199097998765187579769356967535587516
468000	4740.6876606397888753451256094142375940990598872454
471600	4777.255076092457234879714932242449070413937509123
475200	4813.824037549106716905513058840270027652899880773
478800	4850.394545238090505828521327776573045253094516046
482400	4886.966599399130283255411749624637556544964068162
486000	4923.540200271947730792856334957742994858951190339
489600	4960.115348096264530047527094349168793525498535796
493200	4996.692043111802362626096038372194385875048757753
496800	5033.270285558282910135235177600099205238044509427
500400	5069.850075675427854181616522606162684944928444039
504000	5106.431413702958876371912083963664258326143214807
507600	5143.014299880597658312793872245883358712131474949
511200	5179.598734448065881610933898026099419433335877686
514800	5216.184717645085227873004171877591873820199076235
518400	5252.772249711377378705676704373640155203163723816
522000	5289.361330886664015715623506087523696912672473648
525600	5325.951961410666820509516587592521932279167978949
529200	5362.544141523107474694027959461914294633092892939
532800	5399.137871463707659875829632268980217304889868836
536400	5435.73315147218905766159361658699913362500155986
540000	5472.329981788273349657991922989250476923870619229
543600	5508.928362651682217471696562049013680531939700162
547200	5545.528294302137342709379544339568177779651455879
550800	5582.129776979360406977712880434193401997448539598
554400	5618.732810923073091883368580906168786515773604538
558000	5655.337396372997079033018656328773764665069303918
561600	5691.943533568854050033335117275287769775778290957
565200	5728.551222750365686490989974318990235178343218874
568800	5765.160464157253670012655238033160594203206740888
572400	5801.771258029239682205002918991078280180811510217
576000	5838.383604606045404674705027766022726441600180082
579600	5874.9975041273925190284335749312733663160154037
583200	5911.61295683300270687286057106010963313449983429
586800	5948.229962962597649814658026725810960227496125072
590400	5984.848522755899029460497952501656780925446929265
594000	6021.468636452628527417052358960926528558794900087
597600	6058.090304292507825290993256676899636457982690757
601200	6094.713526515258604688992656222855537953452954495
604800	6131.338303360602547217722568172073666375648344519
608400	6167.964635068261334483855003097833455055011514048
612000	6204.592521877956648094061971573414337321985116301
615600	6241.221964029410169655015484172095746507011804497
619200	6277.852961762343580773387551467157115940534231855
622800	6314.485515316478563055850184031877878952995051595
626400	6351.119624931536798109075392439537468874836916933
630000	6387.755290847239967539735187263415319036502481091
633600	6424.392513303309752954501579076790862768434397287
637200	6461.031292539467835960046578452943533401075318739
640800	6497.671628795435898163042195965152764264867898666
644400	6534.313522310935621170160442186697988690254790289
648000	6570.956973325688686588073327690858640007678646824
651600	6607.601982079416776023452863050914151547582121492
655200	6644.248548811841571082971058840143956640407867512
658800	6680.896673762684753373299925631827488616598538101
662400	6717.54635717166800450111147399924418080659678648
666000	6754.197599278513006073077714515673466540845265867
669600	6790.850400322941439695870657754394779149786629482
673200	6827.504760544674986976162314288687551963863530542
676800	6864.160680183435329520624694691831218313518622267
680400	6900.818159478944148935929809537105211529194557876
684000	6937.477198670923126828749669397788964941333990588
687600	6974.137797999093944805756284847161911880379573621
691200	7010.799957703178284473621666458503485676773960196
694800	7047.46367802289782743901782480509311966095980353
698400	7084.128959197974255308616770460210247163379756842
702000	7120.795801468129249689090513997134301514476473352
705600	7157.464205073084492187111065989144716044692606279
709200	7194.134170252561664409350437009520924084470808841
712800	7230.805697246282447962480637631542358964253734257
716400	7267.478786293968524453173678428488454014484035747
720000	7304.153437635341575488101569973638642565604366528
723600	7340.829651510123282673936322840272357948057379821
727200	7377.507428158035327617349947601669033492285728844
730800	7414.186767818799391925014454831108102528732066816
734400	7450.867670732137157203601855101868998387839046956
738000	7487.550137137770305059784158987231154400049322483
741600	7524.234167275420517100233377060474003895805546615
745200	7560.919761384809474931621519894876980205550372573
748800	7597.606919705658860160620598063719516659726453574
752400	7634.295642477690354393902622140281046588776442837
756000	7670.985929940625639238139602697841003323142993582
759600	7707.677782334186396300003550309678820193268759028
763200	7744.371199898094307186166475549073930529596392393
766800	7781.066182873324095937235786312562407492870880084
770400	7817.762731523006811432599302202673444999841275725
774000	7854.460846098366465364465519661008590222013066973
777600	7891.160526842630354393213902905841674773285572095
781200	7927.861773999025775179223916155446530267558109355
784800	7964.56458781078002438287502362809698831872999702
788400	8001.268968521120398664546689542066880540700553353
792000	8037.974916373274194684618378115630038547369096622
795600	8074.68243161046870910346955356706029395263494509
799200	8111.391514475931238581479680114631478370397417023
802800	8148.102165212889079779028221976617423414555830687
806400	8184.814384064569529356494643371291960699009504347
810000	8221.528171274199883974258408516928921837657756268
813600	8258.243527085007440292698981631802138444399904715
817200	8294.960451740219494972195826934185442133135267955
820800	8331.678945483063344673128408642352664517763164251
824400	8368.39900855676628605587619097457763721218291187
828000	8405.120641204555615780818638149134191830293829076
831600	8441.843843669658630508335214384296159985995234136
835200	8478.568616195302626898805383898337373293186445314
838800	8515.294959024714901612608610909531663365766780875
842400	8552.022872401122751310124359636152861817635559086
846000	8588.752356567753472651732094296474800262692098211
849600	8625.483411767834362297811279108771310314835716515
853200	8662.216038244592716908741378291316223587965732264
856800	8698.950236241255833144901856062383371695981463724
860400	8735.686006001051007666672176640246586252782229159
864000	8772.423347767206819062097272814329340402025493831
867600	8809.162261783414297225663268493977473860460669575
871200	8845.902748294503194360370656439501919298591661191
874800	8882.644807545474948995914872730607736676424028047
878400	8919.388439781330999661991353446999985953963329507
882000	8956.13364524707278488829553466838372709121512494
885600	8992.880424187701743204522852474464020048184973711
889200	9029.628776848219313140368742944945924784878435187
892800	9066.378703473626933225528642159534501261301068733
896400	9103.130204308926041989697986197934809437458433718
900000	9139.883279599118077962572211139851909273356089507
903600	9176.637929589204479673846753064990860728999595466
907200	9213.394154524186685653217048053056723764394510962
910800	9250.151954649066134430378532183754558339546395362
914400	9286.911330208844264535026641536789424414460808032
918000	9323.672281448522514496856812191866381949143308338
921600	9360.434808613102322845564480228690490903599455647
925200	9397.198911947585128110845081726966811237834809325
928800	9433.964591696972368822394052766400402911854928739
932400	9470.731848106265483509906829426696325885665373255
936000	9507.500681420465910703078847787559640119271702239
939600	9544.271091884575088931605543928695405572679475059
943200	9581.04307974359445672518235392980868220589425108
946800	9617.816645242525452613504713870604529978921589669
950400	9654.591788626369515126268059830788008851767050192
954000	9691.368510140128082793167827890064178784436192017
957600	9728.146810028802594143899454128138099736934574508
961200	9764.92668853740835118092369833734660287484664257
964800	9801.708145913261101365864174102936866793278427669
968400	9838.491182403888137726943731846577305400109603775
972000	9875.275798255495508676513869638180374610673127128
975600	9912.061993714289262626926085547658530340301953971
979200	9948.849769026475447990531877644924228504329040545
982800	9985.639124438260113179682743999889925018087343092
986400	10022.430060195849306606730182682468075796909817854
990000	10059.222576545449076684025691762571136756129421072
993600	10096.016673733265471823920769310111563811079108989
997200	10132.812352005550009463623548099651381168253185631
1000800	10169.609611608933784056990979011273892312651124933
1004400	10206.408452790229207054714006423014875897258874989
1008000	10243.208875796249275574506109133820452747898456888
1011600	10280.010880873806986734080765942636743690391891722
1015200	10316.814468269715337651151455648409869550561200582
1018800	10353.619638230787325443431657050085951154228404559
1022400	10390.426391003835947228634848946611109327215524743
1026000	10427.234726835674200124474510136931464895344582225
1029600	10464.044645973008579843943356406597824041041480331
1033200	10500.856148662832703108812130817401269986726919584
1036800	10537.669235152683586676418127391403121658899867566