-9.8999999999999999e-01 1.1043843736546502e+02 3.3493649053890337e-02 2.2162619170384471e-09 2.0444431430021117e-12 -2.5684055118852960e-06 -2.2809268457214274e-09
-9.8999999999999999e-01 1.1181054531549191e+02 1.2500000000000000e-01 2.0819565027694779e-09 2.8092857313869689e-12 -2.4385349140518548e-06 -2.1414739580633025e-09
-9.8999999999999999e-01 1.1028262049641364e+02 2.5000000000000000e-01 2.1022522820749649e-09 5.8845193752174957e-12 -2.3519368636245486e-06 -2.1629535846851651e-09
-9.8999999999999999e-01 1.0453583958604580e+02 3.7500000000000000e-01 2.3923732915951653e-09 1.2861562461739827e-11 -2.3705373503652717e-06 -2.4656319590305666e-09
-9.8999999999999999e-01 9.7480452865583743e+01 4.6650635094610965e-01 2.8745940976396961e-09 2.3555363194413958e-11 -2.4650771149557506e-06 -2.9700153291935710e-09
-9.8999999999999999e-01 9.4270482783614227e+01 5.0000000000000000e-01 3.1439138483488480e-09 2.9828670192598372e-11 -2.5219453493981059e-06 -3.2524671356144403e-09
-9.8999999999999999e-01 7.7618325078513067e+01 3.3493649053890337e-02 9.0642853189301053e-09 1.4344505389709924e-11 -6.1854473059581866e-06 -9.4918736325974651e-09
-9.8999999999999999e-01 7.8592950794545828e+01 1.2500000000000000e-01 8.5168282177532275e-09 1.8517732869355089e-11 -5.8730537462859154e-06 -8.9115633325424421e-09
-9.8999999999999999e-01 7.7554931923162826e+01 2.5000000000000000e-01 8.6047305895263203e-09 3.6167452998788432e-11 -5.6650451464290849e-06 -9.0086467312957247e-09
-9.8999999999999999e-01 7.3577877969367833e+01 3.7500000000000000e-01 9.8007166640170067e-09 7.6392137278324685e-11 -5.7104866807597451e-06 -1.0289320135736858e-08
-9.8999999999999999e-01 6.8682326490447707e+01 4.6650635094610965e-01 1.1786144468592492e-08 1.3771976508099799e-10 -5.9387763796492234e-06 -1.2423461700122442e-08
-9.8999999999999999e-01 6.6453522752730834e+01 5.0000000000000000e-01 1.2895052354331887e-08 1.7351476448378479e-10 -6.0760027062406414e-06 -1.3620506550626145e-08
-9.8999999999999999e-01 4.2084096582853995e+01 3.3493649053890337e-02 1.0470464181204630e-07 4.3329613483880477e-10 -2.8460661437600802e-05 -1.1543102410708027e-07
-9.8999999999999999e-01 4.2629987582726592e+01 1.2500000000000000e-01 9.8441974260389324e-08 5.0582645051223253e-10 -2.7026065422586434e-05 -1.0838614840808676e-07
-9.8999999999999999e-01 4.2128785802078013e+01 2.5000000000000000e-01 9.9641013706095327e-08 8.6333836469462249e-10 -2.6075640163530082e-05 -1.0991368812273235e-07
-9.8999999999999999e-01 4.0079884240145915e+01 3.7500000000000000e-01 1.1381653165597609e-07 1.6882316835851417e-09 -2.6294935447450799e-05 -1.2641843882720389e-07
-9.8999999999999999e-01 3.7536531109465386e+01 4.6650635094610965e-01 1.3724572967506382e-07 2.9290425380636366e-09 -2.7355900733548764e-05 -1.5391584815352201e-07
-9.8999999999999999e-01 3.6376499675871123e+01 5.0000000000000000e-01 1.5032622426476819e-07 3.6440308393576631e-09 -2.7992043630098001e-05 -1.6942074116179852e-07
-9.8999999999999999e-01 2.5028810676275093e+01 3.3493649053890337e-02 8.4251859095133094e-07 8.2200539745276439e-09 -1.0456817879545523e-04 -1.0075208058275830e-06
-9.8999999999999999e-01 2.5372229152284760e+01 1.2500000000000000e-01 7.9278500041177021e-07 8.8724589873348580e-09 -9.9291050763353219e-05 -9.4642140807977515e-07
-9.8999999999999999e-01 2.5140839949842857e+01 2.5000000000000000e-01 8.0474128553907903e-07 1.3310422657452392e-08 -9.5821160810991533e-05 -9.6575624296018534e-07
-9.8999999999999999e-01 2.4040209858852869e+01 3.7500000000000000e-01 9.2316056309164345e-07 2.3806004236640878e-08 -9.6678955106924321e-05 -1.1253938245153112e-06
-9.8999999999999999e-01 2.2652361795869105e+01 4.6650635094610965e-01 1.1169229291088972e-06 3.9372145089371406e-08 -1.0063494680848204e-04 -1.3906652672837696e-06
-9.8999999999999999e-01 2.2018057684831646e+01 5.0000000000000000e-01 1.2246592493901868e-06 4.8209889082647427e-08 -1.0299807569842187e-04 -1.5412306715085475e-06
-9.8999999999999999e-01 1.6983230285740177e+01 3.3493649053890337e-02 4.0545422446879197e-06 7.8390356005690007e-08 -2.7944041226824048e-04 -5.3613754299710544e-06
-9.8999999999999999e-01 1.7236581671286672e+01 1.2500000000000000e-01 3.8173811458147303e-06 8.0246404344939450e-08 -2.6521928485405633e-04 -5.0398549931614008e-06
-9.8999999999999999e-01 1.7151123429775890e+01 2.5000000000000000e-01 3.8850091436724517e-06 1.0875312964484506e-07 -2.5592601356175693e-04 -5.1876597628429103e-06
-9.8999999999999999e-01 1.6532939791220095e+01 3.7500000000000000e-01 4.4693225611545256e-06 1.7904537694300235e-07 -2.5831798914612703e-04 -6.1460438545599143e-06
-9.8999999999999999e-01 1.5732729047885744e+01 4.6650635094610965e-01 5.4061494585153232e-06 2.8232910060502974e-07 -2.6902627187247002e-04 -7.7184763600350253e-06
-9.8999999999999999e-01 1.5367719955174053e+01 5.0000000000000000e-01 5.9195908939341257e-06 3.4019413164738446e-07 -2.7540285315928649e-04 -8.6087344992542845e-06
-9.8999999999999999e-01 1.2889063311786936e+01 3.3493649053890337e-02 1.2625186314778391e-05 4.1145980862598159e-07 -5.7088218122858649e-04 -1.8516848676287460e-05
-9.8999999999999999e-01 1.3106225250149608e+01 1.2500000000000000e-01 1.1883454364155949e-05 4.0747540851122500e-07 -5.4132342170674799e-04 -1.7417892592169830e-05
-9.8999999999999999e-01 1.3125760396291128e+01 2.5000000000000000e-01 1.2098382716314073e-05 5.1470760545661871e-07 -5.2202939356864883e-04 -1.8079596998299328e-05
-9.8999999999999999e-01 1.2811099609842012e+01 3.7500000000000000e-01 1.3880057878304591e-05 7.9205813766823994e-07 -5.2685632952284242e-04 -2.1684745931583633e-05
-9.8999999999999999e-01 1.2383427286720062e+01 4.6650635094610965e-01 1.6636860388020366e-05 1.1927979643509042e-06 -5.4866932927212389e-04 -2.7382431853066670e-05
-9.8999999999999999e-01 1.2193540558997329e+01 5.0000000000000000e-01 1.8100761484156190e-05 1.4117350159196091e-06 -5.6159442300667700e-04 -3.0518311883241308e-05
-9.8999999999999999e-01 1.0726114365103959e+01 3.3493649053890337e-02 2.7344282602043781e-05 1.2907803844301356e-06 -9.3168392346361438e-04 -4.3841298137501634e-05
-9.8999999999999999e-01 1.0944235308750283e+01 1.2500000000000000e-01 2.5703612745391188e-05 1.2533587211437568e-06 -8.8231814876143220e-04 -4.1240901781232727e-05
-9.8999999999999999e-01 1.1075019545853317e+01 2.5000000000000000e-01 2.6084615650956447e-05 1.5107522851638228e-06 -8.4987848912638337e-04 -4.2974323573196163e-05
-9.8999999999999999e-01 1.1017705070959252e+01 3.7500000000000000e-01 2.9598262364070272e-05 2.1914127700307039e-06 -8.5677966685863234e-04 -5.1443066760152923e-05
-9.8999999999999999e-01 1.0899722123749692e+01 4.6650635094610965e-01 3.4765824278580962e-05 3.1198025249750493e-06 -8.9061014465324718e-04 -6.3866727359881582e-05
-9.8999999999999999e-01 1.0855154684387143e+01 5.0000000000000000e-01 3.7379571235987239e-05 3.5966417826074922e-06 -9.1037714583245741e-04 -7.0283866384786807e-05
-9.8999999999999999e-01 9.6604257849607755e+00 3.3493649053890337e-02 4.2953427778854976e-05 2.5318055872383492e-06 -1.2432781568197562e-03 -7.3108542504036816e-05
-9.8999999999999999e-01 9.9207372236404083e+00 1.2500000000000000e-01 4.0299691706955821e-05 2.4298483546440740e-06 -1.1759812021143914e-03 -6.8704093047795500e-05
-9.8999999999999999e-01 1.0183444998940249e+01 2.5000000000000000e-01 4.0641352640026954e-05 2.8297402343605712e-06 -1.1309719534249351e-03 -7.1330692231220312e-05
-9.8999999999999999e-01 1.0344219804721709e+01 3.7500000000000000e-01 4.5359724132423801e-05 3.8837764633023161e-06 -1.1371197646860029e-03 -8.3909398759372458e-05
-9.8999999999999999e-01 1.0441591714801600e+01 4.6650635094610965e-01 5.2023211134779995e-05 5.2236003917990668e-06 -1.1766574699410076e-03 -1.0106576124652064e-04
-9.8999999999999999e-01 1.0483281524835858e+01 5.0000000000000000e-01 5.5257797963950765e-05 5.8728328634736280e-06 -1.1993636612002291e-03 -1.0943907712848899e-04
-9.8999999999999999e-01 9.3444375639639077e+00 3.3493649053890337e-02 4.9851681456111552e-05 3.1642332768286097e-06 -1.3680572731910058e-03 -8.6648929624238755e-05
-9.8999999999999999e-01 9.6457668345532213e+00 1.2500000000000000e-01 4.6717078848487662e-05 3.0216475519500506e-06 -1.2932689590698660e-03 -8.1337904372770896e-05
-9.8999999999999999e-01 9.9711392788358353e+00 2.5000000000000000e-01 4.6924856302610897e-05 3.4635805197392962e-06 -1.2425447433035859e-03 -8.4079117297353531e-05
-9.8999999999999999e-01 1.0207964778365044e+01 3.7500000000000000e-01 5.1926343430992707e-05 4.6392259700482110e-06 -1.2470042016789274e-03 -9.7838843558415009e-05
-9.8999999999999999e-01 1.0364884341703481e+01 4.6650635094610965e-01 5.8941180990105841e-05 6.1014188269231296e-06 -1.2868824162810301e-03 -1.1624402335205813e-04
-9.8999999999999999e-01 1.0426557154359124e+01 5.0000000000000000e-01 6.2307794213950260e-05 6.7982209078468984e-06 -1.3097871112556184e-03 -1.2508808882211601e-04
-8.5736514974659428e-01 1.0602084289634105e+02 3.3493649053890337e-02 2.6073850243117225e-09 2.2574462263853919e-12 -2.8423847698291832e-06 -2.3285680145172817e-09
-8.5736514974659428e-01 1.0736602786239175e+02 1.2500000000000000e-01 2.4469630213600407e-09 3.5417081920593860e-12 -2.6969963856786984e-06 -2.1839872322799231e-09
-8.5736514974659428e-01 1.0594878590789506e+02 2.5000000000000000e-01 2.4664850540545212e-09 8.3595624628548570e-12 -2.5983359761465183e-06 -2.2021274368296482e-09
-8.5736514974659428e-01 1.0048644882991627e+02 3.7500000000000000e-01 2.8008803406766840e-09 1.9084515316159593e-11 -2.6153207640070940e-06 -2.5053344374599935e-09
-8.5736514974659428e-01 9.3750302488628108e+01 4.6650635094610965e-01 3.3594958307484600e-09 3.5388211474876171e-11 -2.7165366711201731e-06 -3.0131869054277899e-09
-8.5736514974659428e-01 9.0680602521982493e+01 5.0000000000000000e-01 3.6717230360887841e-09 4.4916551015028493e-11 -2.7779739364273978e-06 -3.2978613202257493e-09
-8.5736514974659428e-01 7.4511228259667760e+01 3.3493649053890337e-02 1.0661535610643249e-08 1.5795957259728039e-11 -6.8437223390359320e-06 -9.6976038987300988e-09
-8.5736514974659428e-01 7.5466791294059320e+01 1.2500000000000000e-01 1.0007792761356530e-08 2.2864051355027559e-11 -6.4940926683539754e-06 -9.0954672914823920e-09
-8.5736514974659428e-01 7.4505951427789313e+01 2.5000000000000000e-01 1.0093412941427117e-08 5.0273387787818889e-11 -6.2571188499325247e-06 -9.1793123549204542e-09
-8.5736514974659428e-01 7.0727651704468570e+01 3.7500000000000000e-01 1.1471756461778444e-08 1.1134229232385124e-10 -6.2986271865369633e-06 -1.0464813502883077e-08
-8.5736514974659428e-01 6.6055184390698784e+01 4.6650635094610965e-01 1.3771177000779252e-08 2.0350614916281840e-10 -6.5428445610561198e-06 -1.2617775984789206e-08
-8.5736514974659428e-01 6.3924378123323031e+01 5.0000000000000000e-01 1.5056388219593828e-08 2.5703307469981309e-10 -6.6909791527042721e-06 -1.3826680914401523e-08
-8.5736514974659428e-01 4.0394824687867235e+01 3.3493649053890337e-02 1.2307736893037881e-07 4.7586658247672434e-10 -3.1469659051967913e-05 -1.1823714771692607e-07
-8.5736514974659428e-01 4.0930077800063373e+01 1.2500000000000000e-01 1.1560385268288490e-07 6.0202848768286365e-10 -2.9865170658132665e-05 -1.1090811492085424e-07
-8.5736514974659428e-01 4.0469432072774609e+01 2.5000000000000000e-01 1.1680770313218511e-07 1.1432392027082611e-09 -2.8782235266290248e-05 -1.1230634744432061e-07
-8.5736514974659428e-01 3.8525845485393276e+01 3.7500000000000000e-01 1.3313614267405666e-07 2.3518037212211776e-09 -2.8982533236576481e-05 -1.2898857039747605e-07
-8.5736514974659428e-01 3.6100713989710464e+01 4.6650635094610965e-01 1.6024599058903056e-07 4.1389747717333601e-09 -3.0114407623925072e-05 -1.5691329143955467e-07
-8.5736514974659428e-01 3.4992558329781943e+01 5.0000000000000000e-01 1.7538961332458158e-07 5.1589311123614562e-09 -3.0799268886927624e-05 -1.7268128339227952e-07
-8.5736514974659428e-01 2.4018728108360392e+01 3.3493649053890337e-02 9.8940077067430646e-07 9.0356972955157332e-09 -1.1551194089219147e-04 -1.0368555364072634e-06
-8.5736514974659428e-01 2.4355401282492188e+01 1.2500000000000000e-01 9.3010242435009005e-07 1.0243487790799531e-08 -1.0961578569588875e-04 -9.7300096072557385e-07
-8.5736514974659428e-01 2.4146406596483818e+01 2.5000000000000000e-01 9.4244416211894341e-07 1.6664445057204859e-08 -1.0565979587153965e-04 -9.9182145594021269e-07
-8.5736514974659428e-01 2.3105122804795791e+01 3.7500000000000000e-01 1.0786387780145486e-06 3.1150902149667136e-08 -1.0643876872694529e-04 -1.1551538557895323e-06
-8.5736514974659428e-01 2.1783848314627946e+01 4.6650635094610965e-01 1.3023598623963463e-06 5.2028234244311463e-08 -1.1063800465294707e-04 -1.4277167720528870e-06
-8.5736514974659428e-01 2.1178647032899374e+01 5.0000000000000000e-01 1.4267761803774947e-06 6.3676780262558142e-08 -1.1317008237329776e-04 -1.5827090281519901e-06
-8.5736514974659428e-01 1.6292477541073080e+01 3.3493649053890337e-02 4.7556560139087101e-06 8.6526465537459951e-08 -3.0831371746264333e-04 -5.5535595282849404e-06
-8.5736514974659428e-01 1.6540691170753096e+01 1.2500000000000000e-01 4.4731114003715013e-06 9.0888968517293242e-08 -2.9244408574130034e-04 -5.2154562285048142e-06
-8.5736514974659428e-01 1.6468232268113784e+01 2.5000000000000000e-01 4.5436611138067854e-06 1.2951781378948036e-07 -2.8184119510478282e-04 -5.3657708668802793e-06
-8.5736514974659428e-01 1.5886075820898281e+01 3.7500000000000000e-01 5.2134633654054909e-06 2.1952269657237103e-07 -2.8398110997209495e-04 -6.3608719987979082e-06
-8.5736514974659428e-01 1.5126008758648558e+01 4.6650635094610965e-01 6.2908803706603680e-06 3.4715375912931023e-07 -2.9527533922104915e-04 -7.9990814859087756e-06
-8.5736514974659428e-01 1.4778297351836613e+01 5.0000000000000000e-01 6.8811707911066202e-06 4.1721347038915997e-07 -3.0206841593943926e-04 -8.9283634827904006e-06
-8.5736514974659428e-01 1.2360095088484458e+01 3.3493649053890337e-02 1.4789644907906768e-05 4.5692757355611799e-07 -6.2907595579083406e-04 -1.9322734205810009e-05
-8.5736514974659428e-01 1.2572525785012132e+01 1.2500000000000000e-01 1.3906403957327695e-05 4.5768923149587784e-07 -5.9613349176596269e-04 -1.8158743073963490e-05
-8.5736514974659428e-01 1.2598880058621591e+01 2.5000000000000000e-01 1.4127654941580945e-05 5.9309893400817316e-07 -5.7411311107749639e-04 -1.8849296151957601e-05
-8.5736514974659428e-01 1.2305512632020802e+01 3.7500000000000000e-01 1.6158966870311184e-05 9.2630284626568997e-07 -5.7831410255679055e-04 -2.2640583903145039e-05
-8.5736514974659428e-01 1.1900616022887425e+01 4.6650635094610965e-01 1.9312006351621649e-05 1.3941101779017863e-06 -6.0116718735428139e-04 -2.8644862370799034e-05
-8.5736514974659428e-01 1.1719900953582723e+01 5.0000000000000000e-01 2.0985310498327346e-05 1.6460553848639663e-06 -6.1485700366009589e-04 -3.1954047646705028e-05
-8.5736514974659428e-01 1.0282212725658093e+01 3.3493649053890337e-02 3.1998009158932165e-05 1.4423087300807380e-06 -1.0255676942517800e-03 -4.6062240095333894e-05
-8.5736514974659428e-01 1.0494896969376082e+01 1.2500000000000000e-01 3.0044485384898614e-05 1.4061620839916248e-06 -9.7060817618309771e-04 -4.3287672391707932e-05
-8.5736514974659428e-01 1.0626445048953025e+01 2.5000000000000000e-01 3.0416459156260364e-05 1.7145131940852084e-06 -9.3359677860340698e-04 -4.5119155855612581e-05
-8.5736514974659428e-01 1.0577308067805136e+01 3.7500000000000000e-01 3.4396489161130927e-05 2.5045416662869765e-06 -9.3926096672095364e-04 -5.4097680903407056e-05
-8.5736514974659428e-01 1.0466442023495308e+01 4.6650635094610965e-01 4.0277886536508695e-05 3.5646593003804606e-06 -9.7448942001826294e-04 -6.7284362396130548e-05
-8.5736514974659428e-01 1.0423762320559900e+01 5.0000000000000000e-01 4.3253584586109671e-05 4.1054398794949858e-06 -9.9533705082803341e-04 -7.4103024864123772e-05
-8.5736514974659428e-01 9.2582377729989709e+00 3.3493649053890337e-02 5.0229789413712306e-05 2.8419150962365399e-06 -1.3676457554485867e-03 -7.7182040933367909e-05
-8.5736514974659428e-01 9.5107103375830047e+00 1.2500000000000000e-01 4.7070113589291410e-05 2.7299739832380462e-06 -1.2927682172219298e-03 -7.2454993352204306e-05
-8.5736514974659428e-01 9.7670378043116077e+00 2.5000000000000000e-01 4.7347720892300016e-05 3.1967401052181147e-06 -1.2414745809061637e-03 -7.5238540250098266e-05
-8.5736514974659428e-01 9.9245381039769445e+00 3.7500000000000000e-01 5.2664459566249540e-05 4.4064456579529491e-06 -1.2456522396887089e-03 -8.8626696472349616e-05
-8.5736514974659428e-01 1.0018645079285372e+01 4.6650635094610965e-01 6.0230561004628444e-05 5.9307127488507479e-06 -1.2865937034853931e-03 -1.0690637955026357e-04
-8.5736514974659428e-01 1.0058528248147427e+01 5.0000000000000000e-01 6.3908718683400713e-05 6.6666824113761460e-06 -1.3104756104660806e-03 -1.1583707884015571e-04
-8.5736514974659428e-01 8.9545291030485483e+00 3.3493649053890337e-02 5.8283643175509384e-05 3.5577271594610136e-06 -1.5045751367728773e-03 -9.1635461773960621e-05
-8.5736514974659428e-01 9.2458489497870620e+00 1.2500000000000000e-01 5.4552178000600562e-05 3.3977601570821335e-06 -1.4213803083784854e-03 -8.5922423237483439e-05
-8.5736514974659428e-01 9.5614779627705335e+00 2.5000000000000000e-01 5.4653813222665735e-05 3.9102369351285975e-06 -1.3636308117309206e-03 -8.8824994831484012e-05
-8.5736514974659428e-01 9.7913053517473188e+00 3.7500000000000000e-01 6.0277072248701737e-05 5.2568712397130052e-06 -1.3657338862032679e-03 -1.0348548825856731e-04
-8.5736514974659428e-01 9.9426325572216694e+00 4.6650635094610965e-01 6.8235826780457912e-05 6.9200812228540446e-06 -1.4068958199844621e-03 -1.2311690998805582e-04
-8.5736514974659428e-01 1.0001920428192308e+01 5.0000000000000000e-01 7.2062444934844721e-05 7.7102933199486054e-06 -1.4309496047895194e-03 -1.3255921682406335e-04
-4.9500000000000000e-01 9.3649808096020223e+01 3.3493649053890337e-02 4.2720531740764927e-09 2.7235495324588336e-12 -3.8671359511979892e-06 -2.2203857330809511e-09
-4.9500000000000000e-01 9.4923406383215962e+01 1.2500000000000000e-01 3.9955485524462633e-09 5.7289954944870756e-12 -3.6615085464507591e-06 -2.0752631108484476e-09
-4.9500000000000000e-01 9.3820389380702608e+01 2.5000000000000000e-01 4.0034637488976198e-09 1.6180822747450120e-11 -3.5142923649625850e-06 -2.0807269062646105e-09
-4.9500000000000000e-01 8.9157211859572328e+01 3.7500000000000000e-01 4.5137635638662253e-09 3.8774199369737914e-11 -3.5211534055942674e-06 -2.3524790564651703e-09
-4.9500000000000000e-01 8.3315682699649770e+01 4.6650635094610965e-01 5.3822761766771142e-09 7.2562372439446413e-11 -3.6436642829137327e-06 -2.8162288863618815e-09
-4.9500000000000000e-01 8.0638733550354132e+01 5.0000000000000000e-01 5.8691494349528187e-09 9.2151059536634260e-11 -3.7206148388619948e-06 -3.0772193105926020e-09
-4.9500000000000000e-01 6.5809626538123837e+01 3.3493649053890337e-02 1.7455538550557608e-08 1.8933045311012808e-11 -9.3042332461089787e-06 -9.2799355569273857e-09
-4.9500000000000000e-01 6.6714483451575546e+01 1.2500000000000000e-01 1.6329681227032394e-08 3.5569893958454314e-11 -8.8101565228061725e-06 -8.6734131759947045e-09
-4.9500000000000000e-01 6.5972761848887544e+01 2.5000000000000000e-01 1.6371691712826784e-08 9.4367929652051258e-11 -8.4566213420351995e-06 -8.7065876483031993e-09
-4.9500000000000000e-01 6.2752853844835748e+01 3.7500000000000000e-01 1.8474344300394545e-08 2.2102500222963284e-10 -8.4735172833990850e-06 -9.8705829612351424e-09
-4.9500000000000000e-01 5.8705515504583040e+01 4.6650635094610965e-01 2.2046526772812509e-08 4.0861784420023086e-10 -8.7682783356953694e-06 -1.1855823614825785e-08
-4.9500000000000000e-01 5.6849086193716062e+01 5.0000000000000000e-01 2.4048680007567270e-08 5.1654340443003516e-10 -8.9533111525810012e-06 -1.2975560779976762e-08
-4.9500000000000000e-01 3.5662956852345502e+01 3.3493649053890337e-02 2.0109683059701003e-07 5.6849813245119340e-10 -4.2696559304356084e-05 -1.1452356601218408e-07
-4.9500000000000000e-01 3.6169876823328686e+01 1.2500000000000000e-01 1.8825328789111582e-07 8.7093964951909889e-10 -4.0434228823843045e-05 -1.0705422960122426e-07
-4.9500000000000000e-01 3.5824411502617281e+01 2.5000000000000000e-01 1.8908530725892773e-07 1.9958037225807933e-09 -3.8818270486482089e-05 -1.0793838605440639e-07
-4.9500000000000000e-01 3.4176693928235068e+01 3.7500000000000000e-01 2.1394944460522042e-07 4.3948577143748770e-09 -3.8900483342361723e-05 -1.2357408960904207e-07
-4.9500000000000000e-01 3.2082818665575324e+01 4.6650635094610965e-01 2.5593048285302808e-07 7.8488264373521898e-09 -4.0253145371628163e-05 -1.5018592777695385e-07
-4.9500000000000000e-01 3.1119894202389020e+01 5.0000000000000000e-01 2.7943094370461197e-07 9.7914250740612022e-09 -4.1100631821122503e-05 -1.6530399953409359e-07
-4.9500000000000000e-01 2.1188225418110513e+01 3.3493649053890337e-02 1.6115607144701291e-06 1.0915234842757084e-08 -1.5623370958822469e-04 -1.0268588034218574e-06
-4.9500000000000000e-01 2.1506887734217703e+01 1.2500000000000000e-01 1.5099228484270781e-06 1.3941040622268046e-08 -1.4794701882998954e-04 -9.6041113662388540e-07
-4.9500000000000000e-01 2.1361564437685388e+01 2.5000000000000000e-01 1.5206420016232292e-06 2.6586134148723263e-08 -1.4203611380251435e-04 -9.7679253395298558e-07
-4.9500000000000000e-01 2.0487023583513899e+01 3.7500000000000000e-01 1.7268729396946152e-06 5.3307916196861643e-08 -1.4233674147137476e-04 -1.1389758912854720e-06
-4.9500000000000000e-01 1.9352278879196884e+01 4.6650635094610965e-01 2.0706611688186634e-06 9.0231990191566586e-08 -1.4726439870876330e-04 -1.4135072918897613e-06
-4.9500000000000000e-01 1.8828546347203851e+01 5.0000000000000000e-01 2.2620117746860842e-06 1.1032038707691288e-07 -1.5034657476735379e-04 -1.5708744675847592e-06
-4.9500000000000000e-01 1.4355692574903859e+01 3.3493649053890337e-02 7.7160499373232147e-06 1.0705912052783131e-07 -4.1538692091651493e-04 -5.6713578466482362e-06
-4.9500000000000000e-01 1.4590128221936505e+01 1.2500000000000000e-01 7.2329490481571550e-06 1.1963374679283430e-07 -3.9317285793327050e-04 -5.3093913103251569e-06
-4.9500000000000000e-01 1.4554727274578186e+01 2.5000000000000000e-01 7.2989922151266146e-06 1.8982482299670900e-07 -3.7730635603212630e-04 -5.4651158010094991e-06
-4.9500000000000000e-01 1.4073822851723984e+01 3.7500000000000000e-01 8.3013017447914380e-06 3.4005614201942408e-07 -3.7797727248753171e-04 -6.5203315805656010e-06
-4.9500000000000000e-01 1.3426224581767999e+01 4.6650635094610965e-01 9.9346141313176266e-06 5.4137875896456093e-07 -3.9092206328077757e-04 -8.2763523921677567e-06
-4.9500000000000000e-01 1.3126927226859031e+01 5.0000000000000000e-01 1.0828876670815166e-05 6.4829196338900080e-07 -3.9902476762201434e-04 -9.2805931778634864e-06
-4.9500000000000000e-01 1.0875937663899272e+01 3.3493649053890337e-02 2.3898236357533609e-05 5.8290554858934442e-07 -8.4409685959018030e-04 -2.0416840084487644e-05
-4.9500000000000000e-01 1.1075590017920110e+01 1.2500000000000000e-01 2.2390480420254608e-05 5.9927676939803966e-07 -7.9818067714840213e-04 -1.9129194455783167e-05
-4.9500000000000000e-01 1.1121529288106007e+01 2.5000000000000000e-01 2.2580681278025944e-05 8.2309241088807424e-07 -7.6521916799199079e-04 -1.9913466358077888e-05
-4.9500000000000000e-01 1.0888047041906480e+01 3.7500000000000000e-01 2.5563845700934730e-05 1.3299208853102038e-06 -7.6593699951283051e-04 -2.4159444426360490e-05
-4.9500000000000000e-01 1.0546981502666787e+01 4.6650635094610965e-01 3.0257251044000863e-05 2.0074616124727883e-06 -7.9147418502708113e-04 -3.0922546841810379e-05
-4.9500000000000000e-01 1.0391954161810556e+01 5.0000000000000000e-01 3.2745191786214940e-05 2.3637836697002469e-06 -8.0746774518469799e-04 -3.4671476649238505e-05
-4.9500000000000000e-01 9.0359507235471526e+00 3.3493649053890337e-02 5.1525287103540668e-05 1.8946306407374593e-06 -1.3713607404884493e-03 -5.0194864426073569e-05
-4.9500000000000000e-01 9.2337936165123846e+00 1.2500000000000000e-01 4.8192341630773769e-05 1.8623916483781095e-06 -1.2950218775249415e-03 -4.7022832697231756e-05
-4.9500000000000000e-01 9.3678561932036857e+00 2.5000000000000000e-01 4.8390847686572130e-05 2.3350300517654577e-06 -1.2397059287974578e-03 -4.9196777555042062e-05
-4.9500000000000000e-01 9.3418427566761064e+00 3.7500000000000000e-01 5.4104064275077193e-05 3.4793611037888631e-06 -1.2388213723426732e-03 -5.9603743420551056e-05
-4.9500000000000000e-01 9.2510199391423846e+00 4.6650635094610965e-01 6.2715160877693571e-05 4.9734644669359040e-06 -1.2772546609463628e-03 -7.4918334077746888e-05
-4.9500000000000000e-01 9.2136470690412278e+00 5.0000000000000000e-01 6.7080298596009560e-05 5.7280362986156255e-06 -1.3012284231279779e-03 -8.2870088686042489e-05
-4.9500000000000000e-01 8.1285837630311182e+00 3.3493649053890337e-02 8.0704786263113433e-05 3.8116726945935551e-06 -1.8247760226849706e-03 -8.5925777128610000e-05
-4.9500000000000000e-01 8.3594059512424401e+00 1.2500000000000000e-01 7.5316095168284056e-05 3.6647862874311694e-06 -1.7209797118270399e-03 -8.0378612952479689e-05
-4.9500000000000000e-01 8.5981569315974387e+00 2.5000000000000000e-01 7.5105449532189393e-05 4.3537677269925106e-06 -1.6445964991893432e-03 -8.3736204573691076e-05
-4.9500000000000000e-01 8.7466489301606245e+00 3.7500000000000000e-01 8.2590469727252260e-05 6.0841664355168142e-06 -1.6388763835236341e-03 -9.9521227697714658e-05
-4.9500000000000000e-01 8.8315070582134254e+00 4.6650635094610965e-01 9.3573970763399984e-05 8.2342632644709019e-06 -1.6824969181233286e-03 -1.2109395602555646e-04
-4.9500000000000000e-01 8.8661803920145523e+00 5.0000000000000000e-01 9.8945733437544295e-05 9.2679020345009736e-06 -1.7096592397587449e-03 -1.3167020665499866e-04
-4.9500000000000000e-01 7.8591842622967141e+00 3.3493649053890337e-02 9.3576619090648144e-05 4.8076901495508589e-06 -2.0060214921708776e-03 -1.0279986659533402e-04
-4.9500000000000000e-01 8.1227219859713689e+00 1.2500000000000000e-01 8.7217422329801029e-05 4.5866650392432420e-06 -1.8907778852951058e-03 -9.6026217369412690e-05
-4.9500000000000000e-01 8.4113098573102150e+00 2.5000000000000000e-01 8.6620629202809247e-05 5.3358985605413615e-06 -1.8050327313232381e-03 -9.9538112127808674e-05
-4.9500000000000000e-01 8.6216135108281371e+00 3.7500000000000000e-01 9.4469403399288304e-05 7.2598529431133142e-06 -1.7955980549513408e-03 -1.1690789528069470e-04
-4.9500000000000000e-01 8.7570425420589224e+00 4.6650635094610965e-01 1.0598894571986237e-04 9.6104267622699382e-06 -1.8388434951421429e-03 -1.4018391556477427e-04
-4.9500000000000000e-01 8.8094539892453643e+00 5.0000000000000000e-01 1.1156859037217534e-04 1.0723316067170043e-05 -1.8660339407004069e-03 -1.5141401446657843e-04
0.0000000000000000e+00 7.5754602548688965e+01 3.3493649053890337e-02 9.9255736198986523e-09 9.0114536255457817e-13 -6.5402482171381218e-06 -6.3179623184273937e-11
0.0000000000000000e+00 7.6936830267118935e+01 1.2500000000000000e-01 9.2135860629067624e-09 1.0301072677795289e-11 -6.1634489321339415e-06 -5.9324009845553589e-11
0.0000000000000000e+00 7.6302017381965911e+01 2.5000000000000000e-01 9.1150018520852965e-09 4.0138868510609398e-11 -5.8682951891673962e-06 -6.5951454684868339e-11
0.0000000000000000e+00 7.2803025483380182e+01 3.7500000000000000e-01 1.0124898592730659e-08 1.0169613383560769e-10 -5.8243225230822519e-06 -9.1084558811869879e-11
0.0000000000000000e+00 6.8257322718490258e+01 4.6650635094610965e-01 1.1929337818043996e-08 1.9111722363687237e-10 -5.9809177967764357e-06 -1.3343569494851799e-10
0.0000000000000000e+00 6.6148198039711843e+01 5.0000000000000000e-01 1.2948973893184234e-08 2.4221822132149728e-10 -6.0892404507100254e-06 -1.5887540800064495e-10
0.0000000000000000e+00 5.3220868254708229e+01 3.3493649053890337e-02 4.0497779197733107e-08 5.6309991405258934e-12 -1.5713164223176345e-05 -4.4557795028836379e-10
0.0000000000000000e+00 5.4060949808175039e+01 1.2500000000000000e-01 3.7603318679020387e-08 5.7916791176439338e-11 -1.4809284446026991e-05 -4.1829031941621438e-10
0.0000000000000000e+00 5.3645773383914808e+01 2.5000000000000000e-01 3.7224194540713982e-08 2.2351530613852640e-10 -1.4100924396658680e-05 -4.6489402675935891e-10
0.0000000000000000e+00 5.1239283646785140e+01 3.7500000000000000e-01 4.1383007079248905e-08 5.6194148414023821e-10 -1.3994514702240743e-05 -6.4163993574857476e-10
0.0000000000000000e+00 4.8097373658322446e+01 4.6650635094610965e-01 4.8792291126631910e-08 1.0471910550294721e-09 -1.4368547201826665e-05 -9.3904850448343877e-10
0.0000000000000000e+00 4.6637603860036272e+01 5.0000000000000000e-01 5.2976724840592026e-08 1.3218571545622379e-09 -1.4627387996524289e-05 -1.1175025643230046e-09
0.0000000000000000e+00 2.8814220255634275e+01 3.3493649053890337e-02 4.6471243836571896e-07 1.7038051861325629e-10 -7.1821669514727582e-05 -1.3472581420015301e-08
0.0000000000000000e+00 2.9284841436531217e+01 1.2500000000000000e-01 4.3182256550046867e-07 1.1366179808496492e-09 -6.7700761362109662e-05 -1.2640120493490012e-08
0.0000000000000000e+00 2.9111189807203065e+01 2.5000000000000000e-01 4.2824751909610646e-07 4.1893520575231697e-09 -6.4464934473167220e-05 -1.4042203169829708e-08
0.0000000000000000e+00 2.7894504376639023e+01 3.7500000000000000e-01 4.7724329105788420e-07 1.0261294207560601e-08 -6.3960707750467747e-05 -1.9356467327984082e-08
0.0000000000000000e+00 2.6280395936322748e+01 4.6650635094610965e-01 5.6371777152083186e-07 1.8632626792217523e-08 -6.5633090572028583e-05 -2.8268914279108393e-08
0.0000000000000000e+00 2.5527415176603860e+01 5.0000000000000000e-01 6.1242505197544916e-07 2.3234025989472112e-08 -6.6793259521166271e-05 -3.3603920293084645e-08
0.0000000000000000e+00 1.7087858591702570e+01 3.3493649053890337e-02 3.7018428282083873e-06 4.4579785954839387e-09 -2.6123395024119718e-04 -2.5226958004161466e-07
0.0000000000000000e+00 1.7383315871366239e+01 1.2500000000000000e-01 3.4428275185732930e-06 1.4536942467491818e-08 -2.4623477778656092e-04 -2.3653168150518797e-07
0.0000000000000000e+00 1.7333243622876726e+01 2.5000000000000000e-01 3.4221443404575961e-06 4.6833162309916549e-08 -2.3439448712529184e-04 -2.6289102050097731e-07
0.0000000000000000e+00 1.6701746643505547e+01 3.7500000000000000e-01 3.8233739322330412e-06 1.0855209143368686e-07 -2.3237632647371957e-04 -3.6230709437555711e-07
0.0000000000000000e+00 1.5837201106032300e+01 4.6650635094610965e-01 4.5197339389429554e-06 1.8832303979091944e-07 -2.3817534425150255e-04 -5.2818169697470047e-07
0.0000000000000000e+00 1.5431246643013708e+01 5.0000000000000000e-01 4.9087705355483199e-06 2.3005692417077491e-07 -2.4223509961060252e-04 -6.2709381919074792e-07
0.0000000000000000e+00 1.1546405130394250e+01 3.3493649053890337e-02 1.7591234490392786e-05 6.4355298989939587e-08 -6.8935494386623646e-04 -2.3505283854564285e-06
0.0000000000000000e+00 1.1762909820681365e+01 1.2500000000000000e-01 1.6365854100235158e-05 1.1138026011158526e-07 -6.4946904274402605e-04 -2.2026075997760470e-06
0.0000000000000000e+00 1.1783315049633185e+01 2.5000000000000000e-01 1.6284387457706095e-05 2.7489597202138092e-07 -6.1769089019449749e-04 -2.4516809070017365e-06
0.0000000000000000e+00 1.1450168075334641e+01 3.7500000000000000e-01 1.8181788260740268e-05 5.7807484734060978e-07 -6.1151343974879982e-04 -3.3762833576481029e-06
0.0000000000000000e+00 1.0965556408768858e+01 4.6650635094610965e-01 2.1395245343650345e-05 9.4644916765391325e-07 -6.2575060501173158e-04 -4.8924519998946661e-06
0.0000000000000000e+00 1.0736272386262852e+01 5.0000000000000000e-01 2.3157022580675653e-05 1.1312817359588997e-06 -6.3590716473551875e-04 -5.7823231667852411e-06
0.0000000000000000e+00 8.7199782093072997e+00 3.3493649053890337e-02 5.4047560825638973e-05 4.7959376895557967e-07 -1.3896458509614705e-03 -1.2040490744402516e-05
0.0000000000000000e+00 8.9027143155757731e+00 1.2500000000000000e-01 5.0237525616244804e-05 5.7867381440875210e-07 -1.3079231863643717e-03 -1.1269129990977319e-05
0.0000000000000000e+00 8.9786873798333477e+00 2.5000000000000000e-01 4.9877498924617641e-05 1.0436133288872385e-06 -1.2420615211260137e-03 -1.2532761911623597e-05
0.0000000000000000e+00 8.8328708985420086e+00 3.7500000000000000e-01 5.5279299102982057e-05 1.9367993369339254e-06 -1.2272543623051606e-03 -1.7085379074711748e-05
0.0000000000000000e+00 8.5845748797770529e+00 4.6650635094610965e-01 6.4158686782792235e-05 3.0260279404340693e-06 -1.2531721921366446e-03 -2.4195305384555210e-05
0.0000000000000000e+00 8.4668624623863149e+00 5.0000000000000000e-01 6.8872361096921557e-05 3.5759619059774950e-06 -1.2721603921372361e-03 -2.8187990799185104e-05
0.0000000000000000e+00 7.2230423479726573e+00 3.3493649053890337e-02 1.1571652687723577e-04 1.9323648143160733e-06 -2.2420579054898103e-03 -3.7089640769957964e-05
0.0000000000000000e+00 7.4007263068899674e+00 1.2500000000000000e-01 1.0731450268982662e-04 1.9997258056060029e-06 -2.1071914631140909e-03 -3.4617033880942611e-05
0.0000000000000000e+00 7.5398497964795039e+00 2.5000000000000000e-01 1.0590035401243506e-04 2.8961791491388549e-06 -1.9971867946980688e-03 -3.8182895817698180e-05
0.0000000000000000e+00 7.5484263948041725e+00 3.7500000000000000e-01 1.1566389590497002e-04 4.7886466338125810e-06 -1.9685125808475302e-03 -5.0594735716357814e-05
0.0000000000000000e+00 7.4874961776166362e+00 4.6650635094610965e-01 1.3135076337134321e-04 7.1323214987484766e-06 -2.0042749888180113e-03 -6.8413846199585619e-05
0.0000000000000000e+00 7.4581253104575671e+00 5.0000000000000000e-01 1.3937094285685825e-04 8.2986462050960784e-06 -2.0314559977269498e-03 -7.7719728213176316e-05
0.0000000000000000e+00 6.4836653476121464e+00 3.3493649053890337e-02 1.8042954788603961e-04 4.3981822992910532e-06 -2.9699867886831461e-03 -7.2037615882858047e-05
0.0000000000000000e+00 6.6842648140029821e+00 1.2500000000000000e-01 1.6687090840481351e-04 4.2952880786805447e-06 -2.7874164727137753e-03 -6.6947987222719447e-05
0.0000000000000000e+00 6.8988892790326304e+00 2.5000000000000000e-01 1.6337922910997932e-04 5.5539246448939886e-06 -2.6365633852037463e-03 -7.2642527420125789e-05
0.0000000000000000e+00 7.0354702457424025e+00 3.7500000000000000e-01 1.7547580865259261e-04 8.4013510425562006e-06 -2.5910038373940878e-03 -9.2480195999647104e-05
0.0000000000000000e+00 7.1071365727222942e+00 4.6650635094610965e-01 1.9503913783703057e-04 1.1834376245395471e-05 -2.6275677352875174e-03 -1.1886924870278680e-04
0.0000000000000000e+00 7.1339480978816407e+00 5.0000000000000000e-01 2.0478622559443963e-04 1.3475719336044392e-05 -2.6572066604322025e-03 -1.3183957866799600e-04
0.0000000000000000e+00 6.2636377812206101e+00 3.3493649053890337e-02 2.0889049034230223e-04 5.7750766596010733e-06 -3.2600894323504426e-03 -8.9773845487719939e-05
0.0000000000000000e+00 6.4879528499263026e+00 1.2500000000000000e-01 1.9291701831092577e-04 5.5481909626788949e-06 -3.0576935979444581e-03 -8.3187596269852505e-05
0.0000000000000000e+00 6.7386220772123027e+00 2.5000000000000000e-01 1.8809420130305957e-04 6.9096921652369087e-06 -2.8891607212684573e-03 -8.9331003909895047e-05
0.0000000000000000e+00 6.9214967488759171e+00 3.7500000000000000e-01 2.0043896570221188e-04 1.0088225447029057e-05 -2.8345312760402696e-03 -1.1152412183443186e-04
0.0000000000000000e+00 7.0335472007080799e+00 4.6650635094610965e-01 2.2078867463667790e-04 1.3874279629501943e-05 -2.8683384482859954e-03 -1.4042699025125299e-04
0.0000000000000000e+00 7.0754426945883431e+00 5.0000000000000000e-01 2.3086854608572510e-04 1.5658973274549087e-05 -2.8973746535798785e-03 -1.5438721149613606e-04
4.9500000000000000e-01 5.5719949215770505e+01 3.3493649053890337e-02 3.3574653342337458e-08 -3.8047724001872406e-11 -1.3972062847575100e-05 1.7203414289685336e-08
4.9500000000000000e-01 5.6824126264313499e+01 1.2500000000000000e-01 3.0678933045647540e-08 4.0388149330711072e-12 -1.3038222851282454e-05 1.5689085438303736e-08
4.9500000000000000e-01 5.6740874356154507e+01 2.5000000000000000e-01 2.9583685841124665e-08 1.1891067290625743e-10 -1.2215375752665247e-05 1.5051989389843689e-08
4.9500000000000000e-01 5.4560932387841248e+01 3.7500000000000000e-01 3.1930221400088558e-08 3.3581591587685191e-10 -1.1904731979387583e-05 1.6109316441665885e-08
4.9500000000000000e-01 5.1468373841474559e+01 4.6650635094610965e-01 3.6787886799729051e-08 6.3414987465604981e-10 -1.2051245984407838e-05 1.8388063964752963e-08
4.9500000000000000e-01 4.9993881926079993e+01 5.0000000000000000e-01 3.9597516049365741e-08 8.0029259276003059e-10 -1.2203400935323736e-05 1.9705655073460180e-08
4.9500000000000000e-01 3.9124106736349596e+01 3.3493649053890337e-02 1.3664355501204496e-07 -2.6926584404632283e-10 -3.3483491324362134e-05 7.0396555495309483e-08
4.9500000000000000e-01 3.9908775259001388e+01 1.2500000000000000e-01 1.2490332287399943e-07 -3.2217471571311645e-11 -3.1249909708335420e-05 6.4169338286424395e-08
4.9500000000000000e-01 3.9878483280595795e+01 2.5000000000000000e-01 1.2052708558967350e-07 5.9557436622002104e-10 -2.9278534142072007e-05 6.1421890075782824e-08
4.9500000000000000e-01 3.8393710191944663e+01 3.7500000000000000e-01 1.3018866309661493e-07 1.7563445352569696e-09 -2.8527659943626171e-05 6.5431994595582817e-08
4.9500000000000000e-01 3.6267187686564114e+01 4.6650635094610965e-01 1.5006970815749208e-07 3.3224961796470147e-09 -2.8866819446657761e-05 7.4269641963522210e-08
4.9500000000000000e-01 3.5250759073406620e+01 5.0000000000000000e-01 1.6155275922383917e-07 4.1838243850828514e-09 -2.9224472303829916e-05 7.9373095096351076e-08
4.9500000000000000e-01 2.1139152840782749e+01 3.3493649053890337e-02 1.5571475818895997e-06 -7.8798178013513566e-09 -1.5198756193601459e-04 8.0038574037567535e-07
4.9500000000000000e-01 2.1578577844977612e+01 1.2500000000000000e-01 1.4246273653543805e-06 -3.3217905080802933e-09 -1.4188283113024530e-04 7.2859996150383835e-07
4.9500000000000000e-01 2.1607952741851150e+01 2.5000000000000000e-01 1.3770974544903575e-06 7.8278421431212876e-09 -1.3290952760820250e-04 6.9195325895759061e-07
4.9500000000000000e-01 2.0880039840946917e+01 3.7500000000000000e-01 1.4900854559002944e-06 2.7227675926699178e-08 -1.2937717802369934e-04 7.2533412581032876e-07
4.9500000000000000e-01 1.9804194745975437e+01 4.6650635094610965e-01 1.7187215564061841e-06 5.1908911234925984e-08 -1.3071786238034390e-04 8.0742643642518943e-07
4.9500000000000000e-01 1.9285955600702820e+01 5.0000000000000000e-01 1.8500746392093110e-06 6.4953931167937651e-08 -1.3222955140967875e-04 8.5475019095156666e-07
4.9500000000000000e-01 1.2485746838115007e+01 3.3493649053890337e-02 1.2274471337791037e-05 -1.3266496503359244e-07 -5.4704633155127085e-04 6.0550970731358130e-06
4.9500000000000000e-01 1.2761071987902163e+01 1.2500000000000000e-01 1.1239544317921921e-05 -8.1049090170114162e-08 -5.1069152356345081e-04 5.5018961643000604e-06
4.9500000000000000e-01 1.2824323061992077e+01 2.5000000000000000e-01 1.0880315944519893e-05 3.1336118462880379e-08 -4.7800505646710680e-04 5.1507252159561242e-06
4.9500000000000000e-01 1.2469013453682312e+01 3.7500000000000000e-01 1.1776422357662289e-05 2.0730011024880019e-07 -4.6431542264657320e-04 5.2363171335222114e-06
4.9500000000000000e-01 1.1908023028758937e+01 4.6650635094610965e-01 1.3551987575221748e-05 4.0700525511036552e-07 -4.6779435295764694e-04 5.6125150475609993e-06
4.9500000000000000e-01 1.1633917825509565e+01 5.0000000000000000e-01 1.4560205515694502e-05 5.0417530021135235e-07 -4.7252298071346596e-04 5.8305927012612023e-06
4.9500000000000000e-01 8.3862617663279444e+00 3.3493649053890337e-02 5.7550738428025069e-05 -1.0226513394864641e-06 -1.4243637144895275e-03 2.5668907282612736e-05
4.9500000000000000e-01 8.5869076653862120e+00 1.2500000000000000e-01 5.2699861527557944e-05 -7.3984035003647847e-07 -1.3291800990639444e-03 2.3280920982525307e-05
4.9500000000000000e-01 8.6746944063380926e+00 2.5000000000000000e-01 5.0969065270813886e-05 -2.0510063491860366e-07 -1.2420996967695470e-03 2.1315921016354188e-05
4.9500000000000000e-01 8.5101896243818018e+00 3.7500000000000000e-01 5.4908892386954659e-05 5.1490742803837545e-07 -1.2027053256862003e-03 2.0593025110983037e-05
4.9500000000000000e-01 8.2092462664645378e+00 4.6650635094610965e-01 6.2606669901186786e-05 1.2058844102158917e-06 -1.2071532440106167e-03 2.0616612334362161e-05
4.9500000000000000e-01 8.0585883975269805e+00 5.0000000000000000e-01 6.6890329565492563e-05 1.5062809397702747e-06 -1.2171377883886676e-03 2.0653932709080994e-05
4.9500000000000000e-01 6.2883257198445976e+00 3.3493649053890337e-02 1.7418781265745299e-04 -3.9947915956064675e-06 -2.8287644133921635e-03 6.5403261178975132e-05
4.9500000000000000e-01 6.4555468866012466e+00 1.2500000000000000e-01 1.5925791878227422e-04 -3.1554492625878299e-06 -2.6372870612749941e-03 5.9227659147188139e-05
4.9500000000000000e-01 6.5692159206758465e+00 2.5000000000000000e-01 1.5324718633298701e-04 -1.7320847031933164e-06 -2.4588515363149557e-03 5.2359883025867871e-05
4.9500000000000000e-01 6.5246255206623047e+00 3.7500000000000000e-01 1.6307880121457528e-04 -3.2535958446654158e-09 -2.3717603195081067e-03 4.6337141027764493e-05
4.9500000000000000e-01 6.3822001584454480e+00 4.6650635094610965e-01 1.8256398964557532e-04 1.5647998348593129e-06 -2.3702773345203208e-03 4.0678253217626913e-05
4.9500000000000000e-01 6.3071507743388313e+00 5.0000000000000000e-01 1.9312256230113404e-04 2.2565067839779093e-06 -2.3849550433313396e-03 3.7728003540461769e-05
4.9500000000000000e-01 5.1731501610721518e+00 3.3493649053890337e-02 3.6780040508129717e-04 -8.7970485628744832e-06 -4.5014352772152514e-03 1.0819646778294329e-04
4.9500000000000000e-01 5.3312804962387155e+00 1.2500000000000000e-01 3.3519846429302458e-04 -7.2545189889563820e-06 -4.1907727688576448e-03 9.7978624146450983e-05
4.9500000000000000e-01 5.4799407977216283e+00 2.5000000000000000e-01 3.1963003357530009e-04 -4.5699352365460826e-06 -3.8968084218873817e-03 8.2124459275133199e-05
4.9500000000000000e-01 5.5313242267753928e+00 3.7500000000000000e-01 3.3394762878416468e-04 -1.1387480731313445e-06 -3.7440084473296278e-03 6.2866826234369406e-05
4.9500000000000000e-01 5.5078498483631719e+00 4.6650635094610965e-01 3.6513384606633821e-04 2.2733089122184020e-06 -3.7258265236048025e-03 4.2563166428177208e-05
4.9500000000000000e-01 5.4891839688766009e+00 5.0000000000000000e-01 3.8175333858335973e-04 3.8712073513639950e-06 -3.7413600674383631e-03 3.2581479746892059e-05
4.9500000000000000e-01 4.6203454031473843e+00 3.3493649053890337e-02 5.6804531453022466e-04 -1.2265799282099410e-05 -5.9067390080179329e-03 1.2801173306356352e-04
4.9500000000000000e-01 4.7899205914314242e+00 1.2500000000000000e-01 5.1584807345966550e-04 -1.0318471612311154e-05 -5.4907834398430656e-03 1.1644951052608286e-04
4.9500000000000000e-01 4.9817899842318232e+00 2.5000000000000000e-01 4.8718454410410519e-04 -6.4073242601608608e-06 -5.0930128903139936e-03 9.1953015769433142e-05
4.9500000000000000e-01 5.1099758532084349e+00 3.7500000000000000e-01 5.0022996556753070e-04 -1.0078176732491918e-06 -4.8763801998651483e-03 5.8411623641483683e-05
4.9500000000000000e-01 5.1699207500556144e+00 4.6650635094610965e-01 5.3619895721185155e-04 4.4949371875748121e-06 -4.8340552463717263e-03 2.3746300542032243e-05
4.9500000000000000e-01 5.1882844209342345e+00 5.0000000000000000e-01 5.5548115770740576e-04 7.0247708338115199e-06 -4.8449553980048597e-03 7.6456253192434806e-06
4.9500000000000000e-01 4.4550449170675614e+00 3.3493649053890337e-02 6.5548089598850751e-04 -1.3101788856939339e-05 -6.4624866472392673e-03 1.2961196721418804e-04
4.9500000000000000e-01 4.6381907032382790e+00 1.2500000000000000e-01 5.9424063014461672e-04 -1.1110461846924044e-05 -6.0030933327401602e-03 1.1851545653712424e-04
4.9500000000000000e-01 4.8507308807826162e+00 2.5000000000000000e-01 5.5874647100571950e-04 -6.7337579976163958e-06 -5.5618540982688165e-03 9.1085166361625064e-05
4.9500000000000000e-01 5.0073197947780388e+00 3.7500000000000000e-01 5.6950126691864868e-04 -5.2591665891193652e-07 -5.3168876759959235e-03 5.2231779715360191e-05
4.9500000000000000e-01 5.0947120853773500e+00 4.6650635094610965e-01 6.0570383376276095e-04 5.7823455141966915e-06 -5.2615070566420083e-03 1.2567855841793461e-05
4.9500000000000000e-01 5.1243473371498425e+00 5.0000000000000000e-01 6.2530550116297802e-04 8.6466968812911275e-06 -5.2688081313340875e-03 -5.5171817392858256e-06
8.5736514974659428e-01 3.7088057200171981e+01 3.3493649053890337e-02 1.6783075977610745e-07 -6.4962813384957843e-10 -3.8024878771361445e-05 1.5133866278438572e-07
8.5736514974659428e-01 3.8159291110920876e+01 1.2500000000000000e-01 1.4828131080587047e-07 -3.4967099808730577e-10 -3.4747386252733768e-05 1.3329899331441382e-07
8.5736514974659428e-01 3.8636385970256455e+01 2.5000000000000000e-01 1.3572461913448070e-07 2.5747234150814596e-10 -3.1506068461958534e-05 1.2108478806215957e-07
8.5736514974659428e-01 3.7708776943422222e+01 3.7500000000000000e-01 1.3863563213395481e-07 1.1979072666548242e-09 -2.9653347189479408e-05 1.2221831582705186e-07
8.5736514974659428e-01 3.5968961395065541e+01 4.6650635094610965e-01 1.5335747443202342e-07 2.3505674361345559e-09 -2.9251164348319261e-05 1.3352182540179836e-07
8.5736514974659428e-01 3.5081566540515311e+01 5.0000000000000000e-01 1.6263676360847307e-07 2.9617710611532246e-09 -2.9340807881981257e-05 1.4079559881235117e-07
8.5736514974659428e-01 2.6010157389480320e+01 3.3493649053890337e-02 6.8008429145326177e-07 -4.5382166130681610e-09 -9.0729732212939117e-05 6.1845492016521752e-07
8.5736514974659428e-01 2.6771424503448792e+01 1.2500000000000000e-01 6.0118648402791413e-07 -2.7789896475628389e-09 -8.2930832697443612e-05 5.4441388152674786e-07
8.5736514974659428e-01 2.7132819070695970e+01 2.5000000000000000e-01 5.5072940499226386e-07 5.3219915622391757e-10 -7.5196854698460067e-05 4.9301670599662703e-07
8.5736514974659428e-01 2.6523786479024249e+01 3.7500000000000000e-01 5.6291083528087662e-07 5.4096635296846729e-09 -7.0742247355386453e-05 4.9463497140736494e-07
8.5736514974659428e-01 2.5343015357871867e+01 4.6650635094610965e-01 6.2273639566402214e-07 1.1178791781800682e-08 -6.9725868813035866e-05 5.3658332364312495e-07
8.5736514974659428e-01 2.4736934453144833e+01 5.0000000000000000e-01 6.6032697546635418e-07 1.4180792256983024e-08 -6.9908055566072152e-05 5.6391160910563611e-07
8.5736514974659428e-01 1.3990717126568786e+01 3.3493649053890337e-02 7.6586693133015531e-06 -1.2977159411777778e-07 -4.0698259322844772e-04 6.9825077787443799e-06
8.5736514974659428e-01 1.4416983943435485e+01 1.2500000000000000e-01 6.7781898306448923e-06 -9.2230642673405287e-08 -3.7218725554207920e-04 6.1381267129527148e-06
8.5736514974659428e-01 1.4654502723954199e+01 2.5000000000000000e-01 6.2185920484906633e-06 -3.2392223687532340e-08 -3.3734819667754888e-04 5.5070423156101723e-06
8.5736514974659428e-01 1.4392537738333139e+01 3.7500000000000000e-01 6.3579591662759483e-06 4.4471374166523351e-08 -3.1674363524825274e-04 5.4221861283730359e-06
8.5736514974659428e-01 1.3819334036732629e+01 4.6650635094610965e-01 7.0209042574186999e-06 1.2606551477417273e-07 -3.1127517830816995e-04 5.7556938482823884e-06
8.5736514974659428e-01 1.3518901709842533e+01 5.0000000000000000e-01 7.4340190920575446e-06 1.6597504985774963e-07 -3.1160600290335971e-04 5.9872767479983900e-06
8.5736514974659428e-01 8.1891642736480303e+00 3.3493649053890337e-02 5.9275279925799809e-05 -2.1386569658217088e-06 -1.4383094491849106e-03 5.2261104445765689e-05
8.5736514974659428e-01 8.4559860428119880e+00 1.2500000000000000e-01 5.2507453859079731e-05 -1.6478221907668487e-06 -1.3158927466242623e-03 4.5889747320180945e-05
8.5736514974659428e-01 8.6375313675460976e+00 2.5000000000000000e-01 4.8157434687523952e-05 -9.9872999145841499e-07 -1.1911087680316526e-03 4.0613340682079192e-05
8.5736514974659428e-01 8.5476968364703225e+00 3.7500000000000000e-01 4.9033474196612467e-05 -3.3016670492819337e-07 -1.1139151306690119e-03 3.8862277356002221e-05
8.5736514974659428e-01 8.2720083322807412e+00 4.6650635094610965e-01 5.3714474729593209e-05 2.2554097112375842e-07 -1.0889359887902249e-03 3.9926155752547189e-05
8.5736514974659428e-01 8.1210042772250688e+00 5.0000000000000000e-01 5.6610074803595008e-05 4.5277033542704928e-07 -1.0872432497965742e-03 4.0905484763445506e-05
8.5736514974659428e-01 5.4251865089779328e+00 3.3493649053890337e-02 2.7102444067066914e-04 -1.6382644942026583e-05 -3.6523583880343231e-03 2.2161125588067280e-04
8.5736514974659428e-01 5.6188916802502797e+00 1.2500000000000000e-01 2.4002064980750327e-04 -1.3207813907779810e-05 -3.3426169763961220e-03 1.9462913641795642e-04
8.5736514974659428e-01 5.7796614876530459e+00 2.5000000000000000e-01 2.1917241753973096e-04 -9.6567770961869583e-06 -3.0190363199711140e-03 1.6977824643391696e-04
8.5736514974659428e-01 5.7799556238371999e+00 3.7500000000000000e-01 2.2056380610437418e-04 -6.9199512229409343e-06 -2.8077176041075955e-03 1.5729943456160305e-04
8.5736514974659428e-01 5.6540412343967104e+00 4.6650635094610965e-01 2.3757026140241151e-04 -5.5033779125401318e-06 -2.7257596673688064e-03 1.5563870253494858e-04
8.5736514974659428e-01 5.5778695330475001e+00 5.0000000000000000e-01 2.4814030000336036e-04 -5.1600358648560515e-06 -2.7123187815835904e-03 1.5665760022706856e-04
8.5736514974659428e-01 3.9996815587016554e+00 3.3493649053890337e-02 7.9460592139807284e-04 -6.5966568766808307e-05 -7.0272697175827641e-03 5.8441699902924218e-04
8.5736514974659428e-01 4.1592916305305812e+00 1.2500000000000000e-01 7.0240738259942041e-04 -5.4642143188203756e-05 -6.4336511414510925e-03 5.1437868772351444e-04
8.5736514974659428e-01 4.3175426035824920e+00 2.5000000000000000e-01 6.3537882550550567e-04 -4.3151212003378761e-05 -5.7960913435879972e-03 4.4289482863424661e-04
8.5736514974659428e-01 4.3758935718154968e+00 3.7500000000000000e-01 6.2680064313060254e-04 -3.5733549325842055e-05 -5.3563938833357614e-03 3.9715604788783629e-04
8.5736514974659428e-01 4.3387799460432959e+00 4.6650635094610965e-01 6.5828858524611994e-04 -3.2892082145967399e-05 -5.1596918230107846e-03 3.7745364205583621e-04
8.5736514974659428e-01 4.3064536567227014e+00 5.0000000000000000e-01 6.7898005112718184e-04 -3.2434336008187136e-05 -5.1150071262835587e-03 3.7256129247560730e-04
8.5736514974659428e-01 3.2352819670247626e+00 3.3493649053890337e-02 1.6207922077291974e-03 -1.5855462918245371e-04 -1.0804219731315123e-02 1.0576874733512799e-03
8.5736514974659428e-01 3.3818250260318603e+00 1.2500000000000000e-01 1.4279822173349824e-03 -1.3331241341897509e-04 -9.8940456700435820e-03 9.3516843802062260e-04
8.5736514974659428e-01 3.5496378153411223e+00 2.5000000000000000e-01 1.2751676539332416e-03 -1.0771211300894420e-04 -8.8917587512840918e-03 7.9655869900264488e-04
8.5736514974659428e-01 3.6531789278377698e+00 3.7500000000000000e-01 1.2283779813797460e-03 -9.0555411341633243e-05 -8.1696096231131318e-03 6.9252596899134955e-04
8.5736514974659428e-01 3.6770301624535300e+00 4.6650635094610965e-01 1.2557627148563749e-03 -8.2256635406562076e-05 -7.8155528445314898e-03 6.3286020882846088e-04
8.5736514974659428e-01 3.6741241217496516e+00 5.0000000000000000e-01 1.2791114824516020e-03 -7.9881587469678457e-05 -7.7228272626400406e-03 6.1286819709497112e-04
8.5736514974659428e-01 2.8530869892977018e+00 3.3493649053890337e-02 2.4344701930745821e-03 -2.5196228637855352e-04 -1.3789618762793663e-02 1.4276798963773856e-03
8.5736514974659428e-01 3.0008686920329413e+00 1.2500000000000000e-01 2.1373069033142696e-03 -2.1368249878602310e-04 -1.2625894527528332e-02 1.2705123942429401e-03
8.5736514974659428e-01 3.1843394981665352e+00 2.5000000000000000e-01 1.8868008444229722e-03 -1.7292492444946110e-04 -1.1324310760898924e-02 1.0752126101810323e-03
8.5736514974659428e-01 3.3213861152972166e+00 3.7500000000000000e-01 1.7835007329814153e-03 -1.4340066286826228e-04 -1.0361888428037841e-02 9.1437282891064996e-04
8.5736514974659428e-01 3.3848540851660078e+00 4.6650635094610965e-01 1.7883335104418269e-03 -1.2675664414615005e-04 -9.8669997511480530e-03 8.1285248981307994e-04
8.5736514974659428e-01 3.4003973062351727e+00 5.0000000000000000e-01 1.8063496103121388e-03 -1.2125270110327024e-04 -9.7294013106544574e-03 7.7699344687267896e-04
8.5736514974659428e-01 2.7376615164238678e+00 3.3493649053890337e-02 2.7793366763477472e-03 -2.8964382941674337e-04 -1.4927361405713001e-02 1.5560310406584725e-03
8.5736514974659428e-01 2.8901237995240296e+00 1.2500000000000000e-01 2.4361751294600287e-03 -2.4657836267722940e-04 -1.3664463054985235e-02 1.3901191225139376e-03
8.5736514974659428e-01 3.0811355357722783e+00 2.5000000000000000e-01 2.1407353084866099e-03 -1.9941650120796150e-04 -1.2245653072191096e-02 1.1747840770447032e-03
8.5736514974659428e-01 3.2303860517354761e+00 3.7500000000000000e-01 2.0092894397625498e-03 -1.6426538555485329e-04 -1.1188346341742756e-02 9.9178003536873338e-04
8.5736514974659428e-01 3.3073951949628788e+00 4.6650635094610965e-01 2.0011024168457327e-03 -1.4373435332639439e-04 -1.0637162208952182e-02 8.7363646952628873e-04
8.5736514974659428e-01 3.3290854406094459e+00 5.0000000000000000e-01 2.0155231533771625e-03 -1.3680157590172012e-04 -1.0481470517922685e-02 8.3158467403045668e-04
9.8999999999999999e-01 2.4831188837625469e+01 3.3493649053890337e-02 8.1283680642983711e-07 -6.7871265329176339e-09 -1.0130597618135998e-04 8.5686735139404909e-07
9.8999999999999999e-01 2.5954876595562709e+01 1.2500000000000000e-01 6.7648584235169760e-07 -4.4012311277901824e-09 -8.9199532638796727e-05 7.0977725418809260e-07
9.8999999999999999e-01 2.6907379535700116e+01 2.5000000000000000e-01 5.6670083159029256e-07 -1.2101040295652435e-09 -7.6520424637773870e-05 5.8759778179265660e-07
9.8999999999999999e-01 2.6860645118643763e+01 3.7500000000000000e-01 5.3244101949197898e-07 2.2238472760618562e-09 -6.8332566654248978e-05 5.4229923686227241e-07
9.8999999999999999e-01 2.6013831707099076e+01 4.6650635094610965e-01 5.5716578530161299e-07 5.6235922026501182e-09 -6.5080460710893894e-05 5.5735668283388672e-07
9.8999999999999999e-01 2.5506566109769441e+01 5.0000000000000000e-01 5.7968239903525619e-07 7.2914083311804103e-09 -6.4492685028972558e-05 5.7523491478244767e-07
9.8999999999999999e-01 1.7380305179850865e+01 3.3493649053890337e-02 3.2754070185122739e-06 -4.6889388176925544e-08 -2.4037298061594940e-04 3.4744241633810901e-06
9.8999999999999999e-01 1.8178902589734975e+01 1.2500000000000000e-01 2.7283459857976230e-06 -3.1982524341471376e-08 -2.1176271119757546e-04 2.8769400619951857e-06
9.8999999999999999e-01 1.8874169610427469e+01 2.5000000000000000e-01 2.2880776213745688e-06 -1.3569392921714644e-08 -1.8169724053425758e-04 2.3722885825042078e-06
9.8999999999999999e-01 1.8882797936418417e+01 3.7500000000000000e-01 2.1508189729704897e-06 4.6316438640174204e-09 -1.6215577143757648e-04 2.1715098806107012e-06
9.8999999999999999e-01 1.8327732575526543e+01 4.6650635094610965e-01 2.2494692756717393e-06 2.1481740856531846e-08 -1.5425299121841742e-04 2.2106911973162516e-06
9.8999999999999999e-01 1.7987901239434244e+01 5.0000000000000000e-01 2.3391264811691220e-06 2.9506914586958803e-08 -1.5275737407037182e-04 2.2713932696784539e-06
9.8999999999999999e-01 9.2804964254131690e+00 3.3493649053890337e-02 3.6319612522079582e-05 -1.2951440436059340e-06 -1.0617026310780924e-03 3.8074980448503575e-05
9.8999999999999999e-01 9.7280730658275516e+00 1.2500000000000000e-01 3.0308317478825949e-05 -9.3738081081131163e-07 -9.3652885451853574e-04 3.1525353157810762e-05
9.8999999999999999e-01 1.0146426622413520e+01 2.5000000000000000e-01 2.5448831916629983e-05 -5.4769400137108726e-07 -8.0347106148489838e-04 2.5716965303984165e-05
9.8999999999999999e-01 1.0216870790425029e+01 3.7500000000000000e-01 2.3878449975052063e-05 -2.2311347918933609e-07 -7.1513639872674683e-04 2.2991986877960849e-05
9.8999999999999999e-01 9.9793655464870259e+00 4.6650635094610965e-01 2.4844159880717197e-05 2.6708660236685042e-08 -6.7739590267778757e-04 2.2778522139097015e-05
9.8999999999999999e-01 9.8215489587525173e+00 5.0000000000000000e-01 2.5751240691356665e-05 1.3276005000918975e-07 -6.6932987849753912e-04 2.3108880748192368e-05
9.8999999999999999e-01 5.3502310442764456e+00 3.3493649053890337e-02 2.7390396632536433e-04 -2.0175597845598008e-05 -3.6564010295679602e-03 2.7023083651075210e-04
9.8999999999999999e-01 5.6311661125244603e+00 1.2500000000000000e-01 2.2892557494805563e-04 -1.5109700135174219e-05 -3.2319447709950977e-03 2.2419782141038449e-04
9.8999999999999999e-01 5.9202439546895729e+00 2.5000000000000000e-01 1.9177113320358003e-04 -1.0041410588212122e-05 -2.7708291035571306e-03 1.8049711806793756e-04
9.8999999999999999e-01 6.0251358592389099e+00 3.7500000000000000e-01 1.7822020201476024e-04 -6.5800226892398519e-06 -2.4537000364063997e-03 1.5629984000191830e-04
9.8999999999999999e-01 5.9445157848643007e+00 4.6650635094610965e-01 1.8272094419055857e-04 -4.7356033722877345e-06 -2.3073427591237556e-03 1.4920755776793465e-04
9.8999999999999999e-01 5.8759939845792788e+00 5.0000000000000000e-01 1.8790859016439777e-04 -4.1878779338110108e-06 -2.2715101544485768e-03 1.4879764497665061e-04
9.8999999999999999e-01 3.4595966569553354e+00 3.3493649053890337e-02 1.1997174528651838e-03 -1.4423578607231243e-04 -8.8960899549008297e-03 1.0713223686110739e-03
9.8999999999999999e-01 3.6644225278753280e+00 1.2500000000000000e-01 1.0045030137795284e-03 -1.1075249196245404e-04 -7.8978637029276152e-03 8.9366870236678346e-04
9.8999999999999999e-01 3.8977871753430033e+00 2.5000000000000000e-01 8.3558488808624810e-04 -7.8432197195315060e-05 -6.7732329956508601e-03 7.1183759079134032e-04
9.8999999999999999e-01 4.0259127251079656e+00 3.7500000000000000e-01 7.6168746201479007e-04 -5.8888554573186631e-05 -5.9609123907215017e-03 5.9724889329415879e-04
9.8999999999999999e-01 4.0257158002768811e+00 4.6650635094610965e-01 7.6117321666164357e-04 -5.1063265208479793e-05 -5.5521271583109160e-03 5.4900897236265938e-04
9.8999999999999999e-01 4.0020409907670560e+00 5.0000000000000000e-01 7.7274999510774153e-04 -4.9503391449342501e-05 -5.4392149221300819e-03 5.3799938451490326e-04
9.8999999999999999e-01 2.4707397051306619e+00 3.3493649053890337e-02 3.2737138632857482e-03 -5.3744306889871418e-04 -1.5934790178417792e-02 2.6177773789340881e-03
9.8999999999999999e-01 2.6399923694680791e+00 1.2500000000000000e-01 2.7544416843371445e-03 -4.2080238123821077e-04 -1.4288154154005566e-02 2.2081405371677095e-03
9.8999999999999999e-01 2.8514761140334537e+00 2.5000000000000000e-01 2.2706620436776003e-03 -3.0560222347246989e-04 -1.2309755548559618e-02 1.7513509540865405e-03
9.8999999999999999e-01 2.9993980670117839e+00 3.7500000000000000e-01 2.0167259072290961e-03 -2.3448843638250298e-04 -1.0782195689318980e-02 1.4325674658178531e-03
9.8999999999999999e-01 3.0469990823190001e+00 4.6650635094610965e-01 1.9513609779399053e-03 -2.0440114472778412e-04 -9.9442864328173428e-03 1.2742555109652182e-03
9.8999999999999999e-01 3.0489555201148577e+00 5.0000000000000000e-01 1.9505528878629049e-03 -1.9742258543726344e-04 -9.6908928933711093e-03 1.2296479289353164e-03
9.8999999999999999e-01 1.9315079168460747e+00 3.3493649053890337e-02 5.9849871079522207e-03 -1.1822966749771785e-03 -2.1964720345140562e-02 4.3401429403173855e-03
9.8999999999999999e-01 2.0858732381175238e+00 1.2500000000000000e-01 5.1017060616117505e-03 -9.4506555906502857e-04 -2.0083812203901485e-02 3.7394872612721932e-03
9.8999999999999999e-01 2.2926468470231107e+00 2.5000000000000000e-01 4.1892328063623998e-03 -6.9345295614060072e-04 -1.7519203872892193e-02 2.9841911424733029e-03
9.8999999999999999e-01 2.4581602026888500e+00 3.7500000000000000e-01 3.6366734813437170e-03 -5.2734683266501641e-04 -1.5344990643977411e-02 2.4048620730006218e-03
9.8999999999999999e-01 2.5365054662707718e+00 4.6650635094610959e-01 3.4189885653970035e-03 -4.4814598725875928e-04 -1.4049401068651711e-02 2.0882548346465991e-03
9.8999999999999999e-01 2.5541229530865395e+00 5.0000000000000000e-01 3.3718799402642041e-03 -4.2707737223954126e-04 -1.3631316742084549e-02 1.9924324151768566e-03
9.8999999999999999e-01 1.6573700934079192e+00 3.3493649053890337e-02 7.9307923279735501e-03 -1.7151001774586480e-03 -2.4738191241636995e-02 5.3503589922372858e-03
9.8999999999999999e-01 1.8085602530387339e+00 1.2500000000000000e-01 6.9091651104280843e-03 -1.4104952145056193e-03 -2.3246232945548277e-02 4.7578377377117242e-03
9.8999999999999999e-01 2.0178957448769190e+00 2.5000000000000000e-01 5.7075451921862180e-03 -1.0478676202109421e-03 -2.0665821589956706e-02 3.8604873246021287e-03
9.8999999999999999e-01 2.1959451387401718e+00 3.7500000000000000e-01 4.9005315129939803e-03 -7.9128883561286635e-04 -1.8201923793085672e-02 3.1008542215545084e-03
9.8999999999999999e-01 2.2920619610771449e+00 4.6650635094610959e-01 4.5307650597176050e-03 -6.6242279109168963e-04 -1.6624454432863103e-02 2.6634460962201437e-03
9.8999999999999999e-01 2.3183574912736873e+00 5.0000000000000000e-01 4.4327910714514968e-03 -6.2353168121150613e-04 -1.6093695513732145e-02 2.5214949850701635e-03
9.8999999999999999e-01 1.5732981410699138e+00 3.3493649053890337e-02 8.5150757315962528e-03 -1.8847732974128758e-03 -2.5187501435869071e-02 5.5753923886564536e-03
9.8999999999999999e-01 1.7251621857133252e+00 1.2500000000000000e-01 7.5144266637385488e-03 -1.5773641351815779e-03 -2.4028310972827861e-02 5.0531277201886415e-03
9.8999999999999999e-01 1.9361843544161959e+00 2.5000000000000000e-01 6.2436773180371266e-03 -1.1817812123367105e-03 -2.1589064640039856e-02 4.1450137511485786e-03
9.8999999999999999e-01 2.1185544345464433e+00 3.7500000000000000e-01 5.3510508805321285e-03 -8.9221244816287939e-04 -1.9091769340675285e-02 3.3349731674645394e-03
9.8999999999999999e-01 2.2203911186570005e+00 4.6650635094610959e-01 4.9237063810936045e-03 -7.4314111959544781e-04 -1.7438703278027039e-02 2.8560482943964559e-03
9.8999999999999999e-01 2.2494379970715168e+00 5.0000000000000000e-01 4.8059629309058121e-03 -6.9819159247127909e-04 -1.6874175666020019e-02 2.7003346929661471e-03
-9.900000000000e-01 1.094398620529e+02 0. 2.300441719688e-09 2.070507079686e-12 2.631472513981e-06 2.368450556068e-09
-9.900000000000e-01 7.691609051415e+01 0. 9.408259692287e-09 1.463442412140e-11 6.337197731575e-06 9.857427662323e-09
-9.900000000000e-01 4.170274931937e+01 0. 1.086715716080e-07 4.469682293712e-10 2.915838891744e-05 1.199290051013e-07
-9.900000000000e-01 2.480142852562e+01 0. 8.744435815922e-07 8.550071118201e-09 1.071400413420e-04 1.047586136333e-06
-9.900000000000e-01 1.682821091030e+01 0. 4.208900279156e-06 8.201387945206e-08 2.863863171261e-04 5.580472648834e-06
-9.900000000000e-01 1.277017035197e+01 0. 1.311112283811e-05 4.322396562964e-07 5.853419201479e-04 1.929720234526e-05
-9.900000000000e-01 1.062448232680e+01 0. 2.841337712796e-05 1.359783190125e-06 9.558467965443e-04 4.574410146399e-05
-9.900000000000e-01 9.561827176450e+00 0. 4.465747501031e-05 2.671786521202e-06 1.276189048037e-03 7.635238437157e-05
-9.900000000000e-01 9.239193682362e+00 0. 5.184165702109e-05 3.341271607911e-06 1.404571514888e-03 9.052671526427e-05
-8.573651497466e-01 1.050543915296e+02 0. 2.707195780904e-09 2.248023629851e-12 2.912695207732e-06 2.418667944047e-09
-8.573651497466e-01 7.383155955681e+01 0. 1.106926623467e-08 1.590152515868e-11 7.012850301124e-06 1.007429156849e-08
-8.573651497466e-01 4.002569157013e+01 0. 1.277758707762e-07 4.869364962469e-10 3.224661997661e-05 1.228874908214e-07
-8.573651497466e-01 2.379859104864e+01 0. 1.027167791507e-06 9.358857140184e-09 1.183720535513e-04 1.078525969892e-06
-8.573651497466e-01 1.614236743389e+01 0. 4.937991712967e-06 9.036602402294e-08 3.160252320358e-04 5.783311388517e-06
-8.573651497466e-01 1.224495007993e+01 0. 1.536282971715e-05 4.798298091754e-07 6.451025107245e-04 2.014859373686e-05
-8.573651497466e-01 1.018379450760e+01 0. 3.325771475771e-05 1.519952260297e-06 1.052314637023e-03 4.809314238032e-05
-8.573651497466e-01 9.162840648367e+00 0. 5.223656973545e-05 3.001075581282e-06 1.404052260924e-03 8.066507767340e-05
-8.573651497466e-01 8.852839978044e+00 0. 6.062680245265e-05 3.759673120195e-06 1.544960638863e-03 9.580823580843e-05
-4.950000000000e-01 9.277185139104e+01 0. 4.440059188050e-09 2.585300136560e-12 3.965267086154e-06 2.308844343094e-09
-4.950000000000e-01 6.519211905148e+01 0. 1.814122442783e-08 1.835306951178e-11 9.540049767580e-06 9.651454190801e-09
-4.950000000000e-01 3.532746332229e+01 0. 2.089783248983e-07 5.689399601997e-10 4.377688976515e-05 1.191818430584e-07
-4.950000000000e-01 2.098803491772e+01 0. 1.674668944428e-06 1.118363994221e-08 1.601935643359e-04 1.069791823962e-06
-4.950000000000e-01 1.421909110268e+01 0. 8.019294686991e-06 1.113891121462e-07 4.260061648396e-04 5.917284539657e-06
-4.950000000000e-01 1.077110096023e+01 0. 2.484705259152e-05 6.122075164907e-07 8.660454881197e-04 2.133852920771e-05
-4.950000000000e-01 8.946373165150e+00 0. 5.360322465332e-05 2.000754932291e-06 1.407837187144e-03 5.254790573250e-05
-4.950000000000e-01 8.042011831292e+00 0. 8.400907786003e-05 4.036927095450e-06 1.874317455232e-03 9.006744405772e-05
-4.950000000000e-01 7.767323903728e+00 0. 9.743286881231e-05 5.096716289030e-06 2.060945725277e-03 1.078081326853e-04
0.000000000000e+00 7.500000000000e+01 0. 1.033949208705e-08 1.026165211014e-13 6.715697107207e-06 6.665138559134e-11
0.000000000000e+00 5.268999642383e+01 0. 4.218412815300e-08 1.229184624960e-12 1.613397320473e-05 4.701206987341e-10
0.000000000000e+00 2.852558627372e+01 0. 4.840014409541e-07 9.333544065917e-11 7.373921724489e-05 1.421996248988e-08
0.000000000000e+00 1.691542335079e+01 0. 3.855156707429e-06 3.829726048454e-09 2.682046749945e-04 2.664354546636e-07
0.000000000000e+00 1.142857142857e+01 0. 1.832123288279e-05 6.431664521363e-08 7.078522478975e-04 2.484913661813e-06
0.000000000000e+00 8.629441503289e+00 0. 5.631039709385e-05 5.027896797948e-07 1.427455649048e-03 1.274560304574e-05
0.000000000000e+00 7.145728044345e+00 0. 1.206360457039e-04 2.058556385556e-06 2.304341379014e-03 3.932171874990e-05
0.000000000000e+00 6.409390923580e+00 0. 1.882215913382e-04 4.712920242864e-06 3.054179673116e-03 7.647425093173e-05
0.000000000000e+00 6.185567010309e+00 0. 2.179740010903e-04 6.198395541642e-06 3.353312055517e-03 9.535611765938e-05
4.950000000000e-01 5.509436708809e+01 0. 3.514779212646e-08 -4.400044148170e-11 1.439077614567e-05 -1.801537067806e-08
4.950000000000e-01 3.868381477763e+01 0. 1.430328622297e-07 -3.057445773323e-10 3.448437477611e-05 -7.371320426741e-08
4.950000000000e-01 2.089943839906e+01 0. 1.629613532964e-06 -8.722826393251e-09 1.565059180594e-04 -8.377286547602e-07
4.950000000000e-01 1.234219740857e+01 0. 1.284309663117e-05 -1.443428389308e-07 5.632333093464e-04 -6.330147408077e-06
4.950000000000e-01 8.287869752380e+00 0. 6.021380679248e-05 -1.099177412990e-06 1.466487206226e-03 -2.677009973939e-05
4.950000000000e-01 6.212527354832e+00 0. 1.822920664517e-04 -4.248477324289e-06 2.912970423599e-03 -6.788934390769e-05
4.950000000000e-01 5.108444799487e+00 0. 3.851354084117e-04 -9.243136440183e-06 4.637430853742e-03 -1.112969754971e-04
4.950000000000e-01 4.558807479541e+00 0. 5.952298444747e-04 -1.269100703246e-05 6.088413120688e-03 -1.298121968319e-04
4.950000000000e-01 4.391435668645e+00 0. 6.870739606729e-04 -1.343016976460e-05 6.662957407530e-03 -1.302401986385e-04
8.573651497466e-01 3.656896718568e+01 0. 1.775968990386e-07 -7.217826698293e-10 3.942620071523e-05 -1.602344892704e-07
8.573651497466e-01 2.564453062028e+01 0. 7.195403269308e-07 -5.008430394563e-09 9.406001589963e-05 -6.547138845634e-07
8.573651497466e-01 1.379112270406e+01 0. 8.099754937770e-06 -1.418554600567e-07 4.217755523624e-04 -7.386787067105e-06
8.573651497466e-01 8.069049016106e+00 0. 6.265843755487e-05 -2.321530048682e-06 1.489915106338e-03 -5.520218544102e-05
8.573651497466e-01 5.342292102545e+00 0. 2.863514928396e-04 -1.768339575949e-05 3.781333889930e-03 -2.335130961300e-04
8.573651497466e-01 3.935371267581e+00 0. 8.391758595968e-04 -7.083057348850e-05 7.270841389715e-03 -6.136948048350e-04
8.573651497466e-01 3.180221521628e+00 0. 1.711280690736e-03 -1.693200523421e-04 1.117245541930e-02 -1.105441524951e-03
8.573651497466e-01 2.801344922824e+00 0. 2.570519116605e-03 -2.675219421601e-04 1.425619524336e-02 -1.483686705414e-03
8.573651497466e-01 2.685438918209e+00 0. 2.934994577014e-03 -3.065966354327e-04 1.543242703644e-02 -1.612108670656e-03
9.900000000000e-01 2.436744387599e+01 0. 8.758615142351e-07 -7.618962099730e-09 1.062209515551e-04 -9.239969914677e-07
9.900000000000e-01 1.705329130381e+01 0. 3.528305185954e-06 -5.244190523004e-08 2.519655962037e-04 -3.745015020228e-06
9.900000000000e-01 9.101245794952e+00 0. 3.909328841905e-05 -1.440257928683e-06 1.112082280860e-03 -4.097085170190e-05
9.900000000000e-01 5.241465413800e+00 0. 2.944538944405e-04 -2.231272847102e-05 3.824938519641e-03 -2.898410115080e-04
9.900000000000e-01 3.383573183191e+00 0. 1.286785210779e-03 -1.585169886444e-04 9.282753758810e-03 -1.143527419998e-03
9.900000000000e-01 2.410814139486e+00 0. 3.494646772479e-03 -5.860289995220e-04 1.654093929480e-02 -2.773805405005e-03
9.900000000000e-01 1.879445104941e+00 0. 6.328920031316e-03 -1.273742372444e-03 2.257263101767e-02 -4.542910392685e-03
9.900000000000e-01 1.608369439239e+00 0. 8.272103075848e-03 -1.815493330886e-03 2.506247332815e-02 -5.500506070289e-03
9.900000000000e-01 1.524574338896e+00 0. 8.812601473493e-03 -1.973261512708e-03 2.531373642697e-02 -5.668090402637e-03