6.002651746	0.01	0.00006335395988
6.20442149	0.01	0.00005506123863
6.416536191	0.01	0.00004779492514
6.639526245	0.01	0.00004143415437
6.873949244	0.01	0.00003587214173
7.120391367	0.01	0.00003101438344
7.379468847	0.01	0.00002677714289
7.651829514	0.01	0.00002308616718
7.938154411	0.01	0.0000198755896
8.2391595	0.01	0.00001708698352
8.555597449	0.01	0.00001466854024
8.888259519	0.01	0.00001257434924
9.237977538	0.01	0.00001076376372
9.605625984	0.01	9.200838042e-6
9.992124168	0.01	7.85382626e-6
10.39843854	0.01	6.694733294e-6
10.82558509	0.01	5.69891192e-6
11.27463192	0.01	4.844700076e-6
11.74670186	0.01	4.113093997e-6
12.24297536	0.01	3.48745347e-6
12.76469333	0.01	2.953236062e-6
13.31316036	0.01	2.497757652e-6
13.8897479	0.01	2.109976921e-6
14.49589771	0.01	1.780301703e-6
15.13312549	0.01	1.50041533e-6
15.80302464	0.01	1.263121241e-6
16.50727024	0.01	1.062204271e-6
17.2476233	0.01	8.923071374e-7
18.02593506	0.01	7.488207575e-7
18.84415172	0.01	6.277871032e-7
5.969873821	0.02	0.00006451772419
6.171643566	0.02	0.00005603894174
6.383758266	0.02	0.00004861539396
6.60674832	0.02	0.0000421218107
6.841171319	0.02	0.00003644769415
7.087613442	0.02	0.00003149540005
7.346690923	0.02	0.00002717852859
7.61905159	0.02	0.00002342056372
7.905376487	0.02	0.00002015371268
8.206381575	0.02	0.0000173179082
8.522819525	0.02	0.00001485994346
8.855481595	0.02	0.00001273271649
9.205199614	0.02	0.00001089456573
9.572848059	0.02	9.308681881e-6
9.959346243	0.02	7.942584788e-6
10.36566061	0.02	6.767656083e-6
10.79280717	0.02	5.758720264e-6
11.24185399	0.02	4.893668314e-6
11.71392394	0.02	4.153119058e-6
12.21019743	0.02	3.520114238e-6
12.73191541	0.02	2.979843984e-6
13.28038244	0.02	2.519399786e-6
13.85696998	0.02	2.127552472e-6
14.46311979	0.02	1.79455297e-6
15.10034757	0.02	1.511953851e-6
15.77024671	0.02	1.272449827e-6
16.47449232	0.02	1.069735532e-6
17.21484537	0.02	8.983790168e-7
17.99315714	0.02	7.537095284e-7
18.8113738	0.02	6.3171821e-7
5.937015696	0.03	0.00006571083208
6.138785441	0.03	0.00005704056883
6.350900142	0.03	0.00004945535554
6.573890196	0.03	0.00004282533472
6.808313194	0.03	0.00003703614844
7.054755317	0.03	0.00003198689288
7.313832798	0.03	0.00002758840804
7.586193465	0.03	0.00002376183535
7.872518362	0.03	0.00002043739093
8.17352345	0.03	0.00001755331332
8.4899614	0.03	0.00001505495346
8.82262347	0.03	0.00001289398164
9.172341489	0.03	0.00001102769152
9.539989934	0.03	9.418385461e-6
9.926488118	0.03	8.032828761e-6
10.33280249	0.03	6.84176304e-6
10.75994904	0.03	5.819470782e-6
11.20899587	0.03	4.943384765e-6
11.68106581	0.03	4.193737191e-6
12.17733931	0.03	3.553244251e-6
12.69905728	0.03	3.00682252e-6
13.24752432	0.03	2.541334129e-6
13.82411185	0.03	2.145358029e-6
14.43026166	0.03	1.80898499e-6
15.06748944	0.03	1.523634196e-6
15.73738859	0.03	1.281889527e-6
16.44163419	0.03	1.077353721e-6
17.18198725	0.03	9.045188101e-7
17.96029901	0.03	7.58651288e-7
18.77851567	0.03	6.356906088e-7
5.904076114	0.04	0.00006693424515
6.105845858	0.04	0.00005806688406
6.317960559	0.04	0.00005031541728
6.540950613	0.04	0.00004354520907
6.775373612	0.04	0.00003763788783
7.021815735	0.04	0.00003248916593
7.280893215	0.04	0.00002800702204
7.553253882	0.04	0.00002411017254
7.83957878	0.04	0.00002072677474
8.140583868	0.04	0.00001779331741
8.457021817	0.04	0.0000152536635
8.789683887	0.04	0.0000130582179
9.139401906	0.04	0.00001116319847
9.507050352	0.04	9.529993654e-6
9.893548536	0.04	8.124593204e-6
10.29986291	0.04	6.917081451e-6
10.72700946	0.04	5.881184693e-6
11.17605628	0.04	4.993865897e-6
11.64812623	0.04	4.234961159e-6
12.14439972	0.04	3.586853382e-6
12.6661177	0.04	3.034179294e-6
13.21458473	0.04	2.563566561e-6
13.79117227	0.04	2.163398121e-6
14.39732208	0.04	1.823601245e-6
15.03454986	0.04	1.535459043e-6
15.704449	0.04	1.291442395e-6
16.40869461	0.04	1.085060413e-6
17.14904766	0.04	9.107277228e-7
17.92735943	0.04	7.636469589e-7
18.74557609	0.04	6.39705005e-7
5.871053783	0.05	0.00006818896436
6.072823528	0.05	0.00005911868222
6.284938229	0.05	0.00005119621042
6.507928283	0.05	0.00004428193499
6.742351282	0.05	0.00003825331007
6.988793404	0.05	0.00003300253447
7.247870885	0.05	0.00002843462019
7.520231552	0.05	0.00002446577259
7.806556449	0.05	0.00002102201981
8.107561538	0.05	0.00001803804311
8.423999487	0.05	0.00001545617002
8.756661557	0.05	0.00001322550095
9.106379576	0.05	0.00001130114583
9.474028022	0.05	9.643552778e-6
9.860526206	0.05	8.217914252e-6
10.26684058	0.05	6.993639452e-6
10.69398713	0.05	5.943883866e-6
11.14303395	0.05	5.045128677e-6
11.6151039	0.05	4.276804103e-6
12.11137739	0.05	3.620951792e-6
12.63309537	0.05	3.061922152e-6
13.1815624	0.05	2.58610313e-6
13.75814994	0.05	2.181677404e-6
14.36429975	0.05	1.838405315e-6
15.00152753	0.05	1.547431139e-6
15.67142667	0.05	1.301110539e-6
16.37567228	0.05	1.092857224e-6
17.11602533	0.05	9.170069926e-7
17.8943371	0.05	7.686974881e-7
18.71255376	0.05	6.437621225e-7
5.83794738	0.06	0.00006947603199
6.039717125	0.06	0.00006019679019
6.251831826	0.06	0.00005209839119
6.47482188	0.06	0.00004503603316
6.709244879	0.06	0.00003888282803
6.955687001	0.06	0.00003352732557
7.214764482	0.06	0.00002887146126
7.487125149	0.06	0.00002482883991
7.773450046	0.06	0.00002132328736
8.074455135	0.06	0.00001828761734
8.390893084	0.06	0.00001566257273
8.723555154	0.06	0.00001339590898
9.073273173	0.06	0.00001144159482
9.440921619	0.06	9.759110659e-6
9.827419803	0.06	8.312829196e-6
10.23373417	0.06	7.071466066e-6
10.66088073	0.06	6.007590846e-6
11.10992755	0.06	5.097190587e-6
11.5819975	0.06	4.319279556e-6
12.07827099	0.06	3.655549942e-6
12.59998897	0.06	3.090059167e-6
13.148456	0.06	2.608950057e-6
13.72504354	0.06	2.200200665e-6
14.33119335	0.06	1.853400881e-6
14.96842113	0.06	1.559553309e-6
15.63832027	0.06	1.310896126e-6
16.34256588	0.06	1.100745814e-6
17.08291893	0.06	9.233578899e-7
17.86123069	0.06	7.738038472e-7
18.67944736	0.06	6.478627042e-7
5.804755544	0.07	0.00007079653366
6.006525289	0.07	0.00006130206856
6.21863999	0.07	0.00005302264203
6.441630044	0.07	0.00004580804468
6.676053042	0.07	0.00003952687047
6.922495165	0.07	0.00003406387866
7.181572646	0.07	0.0000293178136
7.453933313	0.07	0.00002519958638
7.74025821	0.07	0.00002163074436
8.041263298	0.07	0.00001854217148
8.357701248	0.07	0.00001587297482
8.690363318	0.07	0.00001356952287
9.040081337	0.07	0.0000115846087
9.407729782	0.07	9.87671669e-6
9.794227966	0.07	8.409376528e-6
10.20054234	0.07	7.150591234e-6
10.62768889	0.07	6.07232888e-6
11.07673571	0.07	5.150069648e-6
11.54880566	0.07	4.362401463e-6
12.04507915	0.07	3.690658604e-6
12.56679713	0.07	3.118598647e-6
13.11526416	0.07	2.632113743e-6
13.6918517	0.07	2.218972828e-6
14.29800151	0.07	1.868591724e-6
14.93522929	0.07	1.571828458e-6
15.60512843	0.07	1.320801381e-6
16.30937404	0.07	1.108727887e-6
17.04972709	0.07	9.297817194e-7
17.82803886	0.07	7.789670339e-7
18.64625552	0.07	6.520075125e-7
5.771476877	0.08	0.00007215160056
5.973246622	0.08	0.00006243541325
6.185361323	0.08	0.00005396967286
6.408351377	0.08	0.00004659853202
6.642774375	0.08	0.00004018588279
6.889216498	0.08	0.00003461254609
7.148293979	0.08	0.00002977395563
7.420654646	0.08	0.00002557823163
7.706979543	0.08	0.00002194456383
8.007984631	0.08	0.00001880184156
8.324422581	0.08	0.00001608748303
8.657084651	0.08	0.00001374642626
9.00680267	0.08	0.00001173025287
9.374451115	0.08	9.996421901e-6
9.760949299	0.08	8.507595994e-6
10.16726367	0.08	7.231045857e-6
10.59441022	0.08	6.138121949e-6
11.04345705	0.08	5.203784437e-6
11.515527	0.08	4.406184191e-6
12.01180049	0.08	3.726288874e-6
12.53351847	0.08	3.147549148e-6
13.0819855	0.08	2.655600776e-6
13.65857303	0.08	2.23799896e-6
14.26472285	0.08	1.883981737e-6
14.90195062	0.08	1.58425957e-6
15.57184977	0.08	1.330828594e-6
16.27609537	0.08	1.116805196e-6
17.01644843	0.08	9.362798213e-7
17.79476019	0.08	7.841880729e-7
18.61297685	0.08	6.561973301e-7
5.738109943	0.09	0.00007354241175
5.939879688	0.09	0.00006359775731
6.151994389	0.09	0.00005494022244
6.374984443	0.09	0.00004740808005
6.609407441	0.09	0.0000408603278
6.855849564	0.09	0.00003517369374
7.114927045	0.09	0.00003024017623
7.387287712	0.09	0.00002596500346
7.673612609	0.09	0.00002226492508
7.974617698	0.09	0.00001906676849
8.291055647	0.09	0.0000163062079
8.623717717	0.09	0.00001392670567
8.973435736	0.09	0.00001187859493
9.341084181	0.09	0.00001011827902
9.727582366	0.09	8.607528646e-6
10.13389674	0.09	7.312861833e-6
10.56104329	0.09	6.204994797e-6
11.01009011	0.09	5.258354115e-6
11.48216006	0.09	4.450642554e-6
11.97843355	0.09	3.762452184e-6
12.50015153	0.09	3.176919483e-6
13.04861856	0.09	2.679417937e-6
13.6252061	0.09	2.257284273e-6
14.23135591	0.09	1.899574922e-6
14.86858369	0.09	1.596849715e-6
15.53848283	0.09	1.340980114e-6
16.24272844	0.09	1.12497954e-6
16.98308149	0.09	9.428535727e-7
17.76139326	0.09	7.894680167e-7
18.57960992	0.09	6.604329611e-7
5.704653267	0.1	0.00007497019662
5.906423011	0.1	0.00006479007281
6.118537712	0.1	0.0000559350598
6.341527766	0.1	0.00004823729719
6.575950765	0.1	0.00004155068657
6.822392888	0.1	0.00003574770168
7.081470368	0.1	0.00003071677533
7.353831035	0.1	0.00002636013819
7.640155933	0.1	0.00002259201402
7.941161021	0.1	0.00001933709827
8.25759897	0.1	0.00001652926388
8.59026104	0.1	0.00001411045064
8.93997906	0.1	0.00001202970483
9.307627505	0.1	0.00001024234257
9.694125689	0.1	8.709216896e-6
10.10044006	0.1	7.396072102e-6
10.52758661	0.1	6.272972961e-6
10.97663344	0.1	5.313798445e-6
11.44870339	0.1	4.495791823e-6
11.94497688	0.1	3.799160319e-6
12.46669486	0.1	3.206718729e-6
13.01516189	0.1	2.703572212e-6
13.59174942	0.1	2.276834135e-6
14.19789923	0.1	1.915375397e-6
14.83512701	0.1	1.60960205e-6
15.50502616	0.1	1.351258363e-6
16.20927176	0.1	1.133252771e-6
16.94962482	0.1	9.49504389e-7
17.72793658	0.1	7.948079468e-7
18.54615324	0.1	6.647152313e-7
5.67110533	0.11	0.00007643623752
5.872875075	0.11	0.00006601337278
6.084989776	0.11	0.00005695498575
6.30797983	0.11	0.0000490868165
6.542402828	0.11	0.00004225745936
6.788844951	0.11	0.00003633496486
7.047922432	0.11	0.00003120406436
7.320283099	0.11	0.00002676388105
7.606607996	0.11	0.00002292602345
7.907613085	0.11	0.00001961298222
8.224051034	0.11	0.0000167567695
8.556713104	0.11	0.00001429775389
8.906431123	0.11	0.0000121836549
9.274079568	0.11	0.00001036866891
9.660577753	0.11	8.812704576e-6
10.06689212	0.11	7.480710688e-6
10.49403868	0.11	6.342082804e-6
10.9430855	0.11	5.370137824e-6
11.41515545	0.11	4.541647751e-6
11.91142894	0.11	3.836425425e-6
12.43314692	0.11	3.236956242e-6
12.98161395	0.11	2.728070795e-6
13.55820149	0.11	2.296654071e-6
14.1643513	0.11	1.931387403e-6
14.80157908	0.11	1.622519827e-6
15.47147822	0.11	1.361665826e-6
16.17572383	0.11	1.141626793e-6
16.91607688	0.11	9.562337253e-7
17.69438864	0.11	8.002089747e-7
18.51260531	0.11	6.690449894e-7
5.637464573	0.12	0.0000779418725
5.839234318	0.12	0.00006726871337
6.051349018	0.12	0.00005800083452
6.274339073	0.12	0.00004995729698
6.508762071	0.12	0.0000429811665
6.755204194	0.12	0.00003693589378
7.014281675	0.12	0.00003170236682
7.286642342	0.12	0.00002717648662
7.572967239	0.12	0.00002326715339
7.873972327	0.12	0.00001989457721
8.190410277	0.12	0.0000169888476
8.523072347	0.12	0.00001448871139
8.872790366	0.12	0.00001234052004
9.240438811	0.12	0.00001049731634
9.626936995	0.12	8.918036999e-6
10.03325137	0.12	7.566812745e-6
10.46039792	0.12	6.412351553e-6
10.90944474	0.12	5.427393302e-6
11.38151469	0.12	4.588226591e-6
11.87778818	0.12	3.874260032e-6
12.39950616	0.12	3.267641665e-6
12.94797319	0.12	2.752921099e-6
13.52456073	0.12	2.316749774e-6
14.13071054	0.12	1.947615306e-6
14.76793832	0.12	1.635606388e-6
15.43783746	0.12	1.372205066e-6
16.14208307	0.12	1.150103562e-6
16.88243612	0.12	9.630430778e-7
17.66074789	0.12	8.056722433e-7
18.47896455	0.12	6.734231078e-7
5.60372939	0.13	0.00007948849828
5.805499134	0.13	0.00006855719607
6.017613835	0.13	0.00005907347545
6.240603889	0.13	0.00005084942484
6.475026888	0.13	0.00004372234945
6.721469011	0.13	0.00003755091534
6.980546491	0.13	0.00003221201888
7.252907158	0.13	0.00002759821927
7.539232055	0.13	0.00002361561142
7.840237144	0.13	0.00002018204597
8.156675093	0.13	0.0000172256255
8.489337163	0.13	0.00001468342259
8.839055182	0.13	0.00001250037776
9.206703628	0.13	0.0000106283452
9.593201812	0.13	9.025261024e-6
9.999516182	0.13	7.654414607e-6
10.42666273	0.13	6.483807335e-6
10.87570956	0.13	5.485586617e-6
11.34777951	0.13	4.635545113e-6
11.844053	0.13	3.912677061e-6
12.36577098	0.13	3.29878494e-6
12.91423801	0.13	2.778130765e-6
13.49082555	0.13	2.337127107e-6
14.09697536	0.13	1.9640636e-6
14.73420313	0.13	1.648865177e-6
15.40410228	0.13	1.382878715e-6
16.10834789	0.13	1.158685094e-6
16.84870094	0.13	9.699339859e-7
17.6270127	0.13	8.111989279e-7
18.44522937	0.13	6.778504834e-7
5.569898128	0.14	0.00008107757334
5.771667873	0.14	0.00006987997007
5.983782573	0.14	0.00006017381481
6.206772627	0.14	0.0000517639149
6.441195626	0.14	0.00004448157182
6.687637749	0.14	0.00003818047358
6.946715229	0.14	0.00003273337
7.219075897	0.14	0.00002802935364
7.505400794	0.14	0.00002397161304
7.806405882	0.14	0.0000204755573
8.122843832	0.14	0.00001746723521
8.455505902	0.14	0.00001488199053
8.805223921	0.14	0.00001266330835
9.172872366	0.14	0.0000107618179
9.55937055	0.14	9.134425124e-6
9.96568492	0.14	7.743553841e-6
10.39283147	0.14	6.556479214e-6
10.8418783	0.14	5.544740219e-6
11.31394825	0.14	4.683620634e-6
11.81022174	0.14	3.951689848e-6
12.33193972	0.14	3.330396325e-6
12.88040675	0.14	2.803707671e-6
13.45699428	0.14	2.357792116e-6
14.0631441	0.14	1.980736919e-6
14.70037187	0.14	1.662299742e-6
15.37027102	0.14	1.393689488e-6
16.07451663	0.14	1.167373463e-6
16.81486968	0.14	9.769080334e-7
17.59318144	0.14	8.167902377e-7
18.4113981	0.14	6.823280387e-7
5.535969087	0.15	0.00008271062128
5.737738832	0.15	0.00007123823481
5.949853532	0.15	0.00006130279772
6.172843586	0.15	0.00005270151206
6.407266585	0.15	0.00004525942051
6.653708708	0.15	0.00003882503057
6.912786188	0.15	0.00003326678356
7.185146856	0.15	0.00002847017511
7.471471753	0.15	0.00002433538205
7.772476841	0.15	0.00002077528641
8.088914791	0.15	0.00001771381364
8.421576861	0.15	0.00001508452203
8.77129488	0.15	0.00001282939498
9.138943325	0.15	0.00001089779912
9.525441509	0.15	9.245579458e-6
9.931755879	0.15	7.834269299e-6
10.35890243	0.15	6.630397233e-6
10.80794926	0.15	5.604877304e-6
11.28001921	0.15	4.732471035e-6
11.7762927	0.15	3.991312158e-6
12.29801068	0.15	3.3624864e-6
12.84647771	0.15	2.829659941e-6
13.42306524	0.15	2.378751031e-6
14.02921505	0.15	1.997640036e-6
14.66644283	0.15	1.675913736e-6
15.33634198	0.15	1.404640179e-6
16.04058758	0.15	1.176170804e-6
16.78094064	0.15	9.839668508e-7
17.5592524	0.15	8.224474168e-7
18.37746906	0.15	6.868567228e-7
5.501940515	0.16	0.00008438923436
5.70371026	0.16	0.00007263324266
5.915824961	0.16	0.00006246141019
6.138815015	0.16	0.00005366299285
6.373238013	0.16	0.00004605650691
6.619680136	0.16	0.00003948506732
6.878757617	0.16	0.0000338126376
7.151118284	0.16	0.00002892098039
7.437443181	0.16	0.00002470715096
7.738448269	0.16	0.00002108141521
8.054886219	0.16	0.00001796550287
8.387548289	0.16	0.00001529112783
8.737266308	0.16	0.00001299872383
9.104914753	0.16	0.00001103635579
9.491412937	0.16	9.358775949e-6
9.897727307	0.16	7.926601176e-6
10.32487386	0.16	6.70559246e-6
10.77392069	0.16	5.666021844e-6
11.24599063	0.16	4.782114787e-6
11.74226413	0.16	4.031558203e-6
12.2639821	0.16	3.395066088e-6
12.81244913	0.16	2.855995958e-6
13.38903667	0.16	2.400010278e-6
13.99518648	0.16	2.014777872e-6
14.63241426	0.16	1.689710923e-6
15.3023134	0.16	1.415733666e-6
16.00655901	0.16	1.185079315e-6
16.74691206	0.16	9.911121168e-7
17.52522383	0.16	8.281717461e-7
18.34344049	0.16	6.914375125e-7
5.467810608	0.17	0.00008611507722
5.669580353	0.17	0.00007406630178
5.881695054	0.17	0.00006365068132
6.104685108	0.17	0.00005464916712
6.339108106	0.17	0.00004687346816
6.585550229	0.17	0.00004016108473
6.84462771	0.17	0.0000343713255
7.116988377	0.17	0.00002938207803
7.403313274	0.17	0.0000250871614
7.704318362	0.17	0.00002139413261
8.020756312	0.17	0.00001822245034
8.353418382	0.17	0.00001550192282
8.703136401	0.17	0.00001317138428
9.070784846	0.17	0.00001117755729
9.45728303	0.17	9.474068362e-6
9.8635974	0.17	8.020591072e-6
10.29074395	0.17	6.782097028e-6
10.73979078	0.17	5.728198624e-6
11.21186073	0.17	4.832570979e-6
11.70813422	0.17	4.072442664e-6
12.2298522	0.17	3.428146664e-6
12.77831923	0.17	2.882724373e-6
13.35490676	0.17	2.421576486e-6
13.96105658	0.17	2.032155503e-6
14.59828435	0.17	1.703695187e-6
15.2681835	0.17	1.426972916e-6
15.97242911	0.17	1.194101261e-6
16.71278216	0.17	9.983455603e-7
17.49109392	0.17	8.339645444e-7
18.30931058	0.17	6.960714134e-7
5.433577506	0.18	0.00008788989094
5.635347251	0.18	0.00007553877915
5.847461952	0.18	0.00006487168562
6.070452006	0.18	0.00005566087978
6.304875005	0.18	0.00004771096851
6.551317127	0.18	0.00004085360467
6.810394608	0.18	0.00003494325682
7.082755275	0.18	0.00002985378904
7.369080172	0.18	0.0000254756646
7.670085261	0.18	0.00002171363492
7.98652321	0.18	0.00001848480918
8.31918528	0.18	0.00001571702623
8.668903299	0.18	0.00001334746897
9.036551745	0.18	0.00001132147553
9.423049929	0.18	9.59151239e-6
9.829364299	0.18	8.116282055e-6
10.25651085	0.18	6.85994419e-6
10.70555768	0.18	5.791433279e-6
11.17762762	0.18	4.883859342e-6
11.67390112	0.18	4.11398071e-6
12.1956191	0.18	3.461739775e-6
12.74408613	0.18	2.909854115e-6
13.32067366	0.18	2.443456497e-6
13.92682347	0.18	2.049778163e-6
14.56405125	0.18	1.717870529e-6
15.2339504	0.18	1.438360986e-6
15.938196	0.18	1.203238979e-6
16.67854906	0.18	1.005668963e-6
17.45686082	0.18	8.398271704e-7
18.27507748	0.18	7.007594611e-7
5.399239293	0.19	0.00008971549728
5.601009038	0.19	0.00007705210381
5.813123739	0.19	0.00006612554541
6.036113793	0.19	0.00005669901267
6.270536792	0.19	0.00004856970071
6.516978914	0.19	0.00004156317099
6.776056395	0.19	0.00003552885812
7.048417062	0.19	0.00003033644749
7.334741959	0.19	0.00002587292186
7.635747048	0.19	0.00002204012616
7.952184997	0.19	0.00001875273842
8.284847067	0.19	0.00001593656182
8.634565086	0.19	0.00001352707405
9.002213531	0.19	0.00001146818505
9.388711716	0.19	9.711165748e-6
9.795026086	0.19	8.21371873e-6
10.22217264	0.19	6.939168364e-6
10.67121946	0.19	5.855752326e-6
11.14328941	0.19	4.936000281e-6
11.6395629	0.19	4.156188018e-6
12.16128088	0.19	3.495857451e-6
12.70974791	0.19	2.937394409e-6
13.28633545	0.19	2.465657373e-6
13.89248526	0.19	2.067651255e-6
14.52971304	0.19	1.732241079e-6
15.19961218	0.19	1.449901031e-6
15.90385779	0.19	1.212494875e-6
16.64421084	0.19	1.013084161e-6
17.42252261	0.19	8.457610239e-7
18.24073927	0.19	7.055027226e-7
5.364793992	0.2	0.00009159380328
5.566563737	0.2	0.00007860777033
5.778678437	0.2	0.00006741343353
6.001668492	0.2	0.00005776448661
6.23609149	0.2	0.0000494503876
6.482533613	0.2	0.00004229035077
6.741611094	0.2	0.00003612857379
7.013971761	0.2	0.00003083040127
7.300296658	0.2	0.00002627920504
7.601301746	0.2	0.00002237381849
7.917739696	0.2	0.00001902640333
8.250401766	0.2	0.0000161606581
8.600119785	0.2	0.00001371029929
8.96776823	0.2	0.00001161776318
9.354266414	0.2	9.833088261e-6
9.760580784	0.2	8.31294731e-6
10.18772734	0.2	7.019805192e-6
10.63677416	0.2	5.921183215e-6
11.10884411	0.2	4.989014904e-6
11.6051176	0.2	4.1990808e-6
12.12683558	0.2	3.530512129e-6
12.67530261	0.2	2.965354781e-6
13.25189015	0.2	2.488186406e-6
13.85803996	0.2	2.085780357e-6
14.49526774	0.2	1.746811099e-6
15.16516688	0.2	1.461596304e-6
15.86941249	0.2	1.221871431e-6
16.60976554	0.2	1.020593047e-6
17.38807731	0.2	8.51767548e-7
18.20629397	0.2	7.103022972e-7
5.330239563	0.21	0.00009352680608
5.532009307	0.21	0.00008020734248
5.744124008	0.21	0.00006873657609
5.967114062	0.21	0.00005885826347
6.201537061	0.21	0.00005035378369
6.447979184	0.21	0.0000430357355
6.707056664	0.21	0.00003674286709
6.979417332	0.21	0.00003133601268
7.265742229	0.21	0.00002669479715
7.566747317	0.21	0.00002271493257
7.883185267	0.21	0.00001930597572
8.215847337	0.21	0.0000163894486
8.565565356	0.21	0.00001389724828
8.933213801	0.21	0.00001177029016
9.319711985	0.21	9.95734197e-6
9.726026355	0.21	8.414015691e-6
10.15317291	0.21	7.101891594e-6
10.60221973	0.21	5.987754363e-6
11.07428968	0.21	5.042925053e-6
11.57056317	0.21	4.242675825e-6
12.09228115	0.21	3.565716664e-6
12.64074818	0.21	2.99374508e-6
13.21733572	0.21	2.511051132e-6
13.82348553	0.21	2.104171228e-6
14.46071331	0.21	1.761584988e-6
15.13061245	0.21	1.473450164e-6
15.83485806	0.21	1.231371209e-6
16.57521111	0.21	1.028197574e-6
17.35352288	0.21	8.578482307e-7
18.17173954	0.21	7.151593186e-7
5.295573901	0.22	0.00009551659815
5.497343646	0.22	0.00008185245718
5.709458346	0.22	0.00007009625547
5.932448401	0.22	0.00005998134848
6.166871399	0.22	0.0000512806769
6.413313522	0.22	0.0000437999424
6.672391003	0.22	0.00003737222106
6.94475167	0.22	0.00003185365932
7.231076567	0.22	0.00002711999288
7.532081655	0.22	0.00002306369807
7.848519605	0.22	0.00001959163425
8.181181675	0.22	0.00001662307209
8.530899694	0.22	0.00001408802863
8.898548139	0.22	0.00001192584926
9.285046323	0.22	0.00001008399124
9.691360693	0.22	8.516973534e-6
10.11850725	0.22	7.18546583e-6
10.56755407	0.22	6.055495203e-6
11.03962402	0.22	5.097753343e-6
11.53589751	0.22	4.286990443e-6
12.05761549	0.22	3.601484356e-6
12.60608252	0.22	3.022575486e-6
13.18267006	0.22	2.534259336e-6
13.78881987	0.22	2.122829818e-6
14.42604765	0.22	1.776567289e-6
15.09594679	0.22	1.485466076e-6
15.8001924	0.22	1.240996852e-6
16.54054545	0.22	1.035899757e-6
17.31885722	0.22	8.640046071e-7
18.13707388	0.22	7.200749557e-7
5.260794833	0.23	0.00009756537282
5.462564578	0.23	0.00008354482864
5.674679279	0.23	0.00007149381348
5.897669333	0.23	0.00006113479262
6.132092331	0.23	0.0000522318904
6.378534454	0.23	0.00004458361584
6.637611935	0.23	0.00003801713963
6.909972602	0.23	0.00003238373479
7.196297499	0.23	0.00002755509925
7.497302587	0.23	0.00002342035408
7.813740537	0.23	0.00001988356481
8.146402607	0.23	0.00001686167285
8.496120626	0.23	0.00001428275212
8.863769071	0.23	0.00001208452698
9.250267255	0.23	0.00001021310287
9.656581625	0.23	8.621872352e-6
10.08372818	0.23	7.270567564e-6
10.532775	0.23	6.124436234e-6
11.00484495	0.23	5.153523191e-6
11.50111844	0.23	4.332042614e-6
12.02283642	0.23	3.637828963e-6
12.57130345	0.23	3.051856527e-6
13.14789099	0.23	2.557819069e-6
13.7540408	0.23	2.141762276e-6
14.39126858	0.23	1.791762695e-6
15.06116772	0.23	1.49764762e-6
15.76541333	0.23	1.25075109e-6
16.50576638	0.23	1.043701675e-6
17.28407815	0.23	8.70238261e-7
18.10229481	0.23	7.250504148e-7
5.225900114	0.24	0.00009967543025
5.427669859	0.24	0.00008528625293
5.63978456	0.24	0.00007293065481
5.862774614	0.24	0.00006231969527
6.097197613	0.24	0.00005320828459
6.343639735	0.24	0.00004538742885
6.602717216	0.24	0.00003867814876
6.875077883	0.24	0.00003292664962
7.16140278	0.24	0.00002800043624
7.462407869	0.24	0.00002378514961
7.778845818	0.24	0.00002018196088
8.111507888	0.24	0.00001710540096
8.461225907	0.24	0.00001448153499
8.828874353	0.24	0.00001224641317
9.215372537	0.24	0.00001034474621
9.621686907	0.24	8.728765597e-6
10.04883346	0.24	7.357237931e-6
10.49788028	0.24	6.194609067e-6
10.96995023	0.24	5.210258861e-6
11.46622372	0.24	4.377850939e-6
11.9879417	0.24	3.674764728e-6
12.53640873	0.24	3.081599099e-6
13.11299627	0.24	2.581738656e-6
13.71914608	0.24	2.16097496e-6
14.35637386	0.24	1.807176058e-6
15.026273	0.24	1.509998497e-6
15.73051861	0.24	1.260636741e-6
16.47087166	0.24	1.051605476e-6
17.24918343	0.24	8.765508279e-7
18.06740009	0.24	7.300869407e-7
5.190887425	0.25	0.0001018491838
5.39265717	0.25	0.00008707861272
5.604771871	0.25	0.00007440825063
5.827761925	0.25	0.00006353720689
6.062184924	0.25	0.00005421075918
6.308627046	0.25	0.00004621208468
6.567704527	0.25	0.00003935579765
6.840065194	0.25	0.00003348283219
7.126390091	0.25	0.0000284563375
7.42739518	0.25	0.00002415834415
7.743833129	0.25	0.00002048702393
8.076495199	0.25	0.00001735441259
8.426213218	0.25	0.00001468449809
8.793861663	0.25	0.00001241160122
9.180359848	0.25	0.00001047899331
9.586674218	0.25	8.837708758e-6
10.01382077	0.25	7.445519611e-6
10.4628676	0.25	6.266046486e-6
10.93493754	0.25	5.267985501e-6
11.43121104	0.25	4.424434687e-6
11.95292901	0.25	3.712306397e-6
12.50139604	0.25	3.111814478e-6
13.07798358	0.25	2.606026712e-6
13.68413339	0.25	2.180474445e-6
14.32136117	0.25	1.822812393e-6
14.99126031	0.25	1.522522529e-6
15.69550592	0.25	1.270656719e-6
16.43585897	0.25	1.059613379e-6
17.21417074	0.25	8.829439965e-7
18.0323874	0.25	7.351858189e-7
5.155754368	0.26	0.0001040891667
5.357524112	0.26	0.00008892388243
5.569638813	0.26	0.00007592814249
5.792628867	0.26	0.00006478853203
6.027051866	0.26	0.00005524025546
6.273493989	0.26	0.00004705831852
6.532571469	0.26	0.00004005066001
6.804932136	0.26	0.00003405272966
7.091257033	0.26	0.00002892315109
7.392262122	0.26	0.0000245402082
7.708700071	0.26	0.00002079896385
8.041362141	0.26	0.00001760887034
8.39108016	0.26	0.00001489176718
8.758728606	0.26	0.00001258018822
9.14522679	0.26	0.00001061591902
9.55154116	0.26	8.948759465e-6
9.978687713	0.26	7.535456905e-6
10.42773454	0.26	6.3387825e-6
10.89980449	0.26	5.326729188e-6
11.39607798	0.26	4.471813828e-6
11.91779596	0.26	3.75046925e-6
12.46626299	0.26	3.14251434e-6
13.04285052	0.26	2.630692153e-6
13.64900034	0.26	2.200267535e-6
14.28622811	0.26	1.838676888e-6
14.95612726	0.26	1.535223669e-6
15.66037286	0.26	1.280814035e-6
16.40072592	0.26	1.067727676e-6
17.17903768	0.26	8.894195119e-7
17.99725434	0.26	7.40348377e-7
5.120498461	0.27	0.0001063980395
5.322268206	0.27	0.00009082413374
5.534382906	0.27	0.0000774919465
5.757372961	0.27	0.00006607493249
5.991795959	0.27	0.00005629775868
6.238238082	0.27	0.00004792689936
6.497315563	0.27	0.00004076333548
6.76967623	0.27	0.00003463680908
7.056001127	0.27	0.00002940124027
7.357006215	0.27	0.00002493102387
7.673444165	0.27	0.0000211179994
8.006106235	0.27	0.00001786894355
8.355824254	0.27	0.00001510347314
8.723472699	0.27	0.00001275227519
9.109970883	0.27	0.00001075560117
9.516285253	0.27	9.061977594e-6
9.943431806	0.27	7.627095816e-6
10.39247863	0.27	6.412852408e-6
10.86454858	0.27	5.386516972e-6
11.36082207	0.27	4.520009068e-6
11.88254005	0.27	3.789269121e-6
12.43100708	0.27	3.173710784e-6
13.00759462	0.27	2.655744213e-6
13.61374443	0.27	2.220361273e-6
14.25097221	0.27	1.854774911e-6
14.92087135	0.27	1.548106008e-6
15.62511696	0.27	1.291111803e-6
16.36547001	0.27	1.075950738e-6
17.14378178	0.27	8.959791778e-7
17.96199844	0.27	7.455759873e-7
5.085117139	0.28	0.0001087785981
5.286886884	0.28	0.00009278154149
5.499001584	0.28	0.00007910135777
5.721991638	0.28	0.00006739773068
5.956414637	0.28	0.00005738430063
6.20285676	0.28	0.00004881863186
6.461934241	0.28	0.00004149445108
6.734294908	0.28	0.00003523555845
7.020619805	0.28	0.00002989098435
7.321624893	0.28	0.00002533108554
7.638062843	0.28	0.00002144435867
7.970724913	0.28	0.00001813480869
8.320442932	0.28	0.00001531975228
8.688091377	0.28	0.00001292796723
9.074589561	0.28	0.00001089812071
9.480903931	0.28	9.177425386e-6
9.908050484	0.28	7.720484138e-6
10.35709731	0.28	6.488292861e-6
10.82916726	0.28	5.447376927e-6
11.32544075	0.28	4.569041889e-6
11.84715873	0.28	3.828722427e-6
12.39562576	0.28	3.205416345e-6
12.9722133	0.28	2.681192459e-6
13.57836311	0.28	2.240762952e-6
14.21559088	0.28	1.87111202e-6
14.88549003	0.28	1.561173778e-6
15.58973564	0.28	1.301553245e-6
16.33008869	0.28	1.084285015e-6
17.10840045	0.28	9.026248594e-7
17.92661712	0.28	7.508700685e-7
5.049607744	0.29	0.0001112337815
5.251377489	0.29	0.00009479838998
5.46349219	0.29	0.00008075815522
5.686482244	0.29	0.00006875831326
5.920905243	0.29	0.00005850096241
6.167347366	0.29	0.00004973435853
6.426424846	0.29	0.0000422446628
6.698785513	0.29	0.00003584948799
6.98511041	0.29	0.0000303927796
7.286115499	0.29	0.00002574070053
7.602553448	0.29	0.00002177827965
7.935215518	0.29	0.00001840664975
8.284933537	0.29	0.00001554074661
8.652581983	0.29	0.0000131073738
9.039080167	0.29	0.00001104356187
9.445394537	0.29	9.29516757e-6
9.87254109	0.29	7.815671546e-6
10.32158791	0.29	6.565141933e-6
10.79365786	0.29	5.509338203e-6
11.28993136	0.29	4.61893458e-6
11.81164933	0.29	3.8688462e-6
12.36011636	0.29	3.237644023e-6
12.9367039	0.29	2.707046805e-6
13.54285371	0.29	2.261480129e-6
14.18008149	0.29	1.887693972e-6
14.84998063	0.29	1.574431361e-6
15.55422624	0.29	1.312141696e-6
16.29457929	0.29	1.092733046e-6
17.07289106	0.29	9.093584862e-7
17.89110772	0.29	7.562320879e-7
5.013967526	0.3	0.0001137666815
5.215737271	0.3	0.0000968770798
5.427851972	0.3	0.00008246420669
5.650842026	0.3	0.00007015813504
5.885265024	0.3	0.00005964887735
6.131707147	0.3	0.00005067496189
6.390784628	0.3	0.00004301465732
6.663145295	0.3	0.00003647913134
6.949470192	0.3	0.0000309070402
7.25047528	0.3	0.00002616018983
7.56691323	0.3	0.00002212001071
7.8995753	0.3	0.00001868465862
8.249293319	0.3	0.00001576660416
8.616941764	0.3	0.00001329060892
9.003439948	0.3	0.00001119201233
9.409754318	0.3	9.415271493e-6
9.836900871	0.3	7.912709694e-6
10.2859477	0.3	6.643439196e-6
10.75801764	0.3	5.572431077e-6
11.25429114	0.3	4.669710287e-6
11.77600911	0.3	3.909658112e-6
12.32447615	0.3	3.270407305e-6
12.90106368	0.3	2.733317533e-6
13.50721349	0.3	2.282520639e-6
14.14444127	0.3	1.90452673e-6
14.81434042	0.3	1.587883298e-6
15.51858602	0.3	1.32288061e-6
16.25893908	0.3	1.101297457e-6
17.03725084	0.3	9.161820556e-7
17.8554675	0.3	7.61663564e-7
4.978193632	0.31	0.000116380552
5.179963377	0.31	0.00009902013511
5.392078078	0.31	0.00008422147448
5.615068132	0.31	0.00007159872316
5.84949113	0.31	0.00006082923417
6.095933253	0.31	0.00005164136693
6.355010734	0.31	0.00004380515377
6.627371401	0.31	0.000037125047
6.913696298	0.31	0.0000314341993
7.214701386	0.31	0.0000265898889
7.531139336	0.31	0.00002246981123
7.863801406	0.31	0.00001896903556
8.213519425	0.31	0.00001599747932
8.58116787	0.31	0.00001347779142
8.967666054	0.31	0.00001134356343
9.373980424	0.31	9.53780726e-6
9.801126977	0.31	8.011652325e-6
10.2501738	0.31	6.723225796e-6
10.72224375	0.31	5.636687018e-6
11.21851724	0.31	4.721393052e-6
11.74023522	0.31	3.951176516e-6
12.28870225	0.31	3.303720185e-6
12.86528979	0.31	2.760015308e-6
13.4714396	0.31	2.303892604e-6
14.10866738	0.31	1.921616479e-6
14.77856652	0.31	1.601534292e-6
15.48281213	0.31	1.333773565e-6
16.22316518	0.31	1.109980969e-6
17.00147695	0.31	9.230976358e-7
17.81969361	0.31	7.671660689e-7
4.942283106	0.32	0.0001190788198
5.144052851	0.32	0.0001012302115
5.356167551	0.32	0.00008603202128
5.579157606	0.32	0.00007308168155
5.813580604	0.32	0.00006204328044
6.060022727	0.32	0.00005263454364
6.319100208	0.32	0.00004461690574
6.591460875	0.32	0.00003778781976
6.877785772	0.32	0.00003197471012
7.17879086	0.32	0.00002703014846
7.49522881	0.32	0.00002282795225
7.82789088	0.32	0.00001925998969
8.177608899	0.32	0.00001623353317
8.545257344	0.32	0.00001366904521
8.931755528	0.32	0.00001149831036
9.338069898	0.32	9.662847888e-6
9.765216451	0.32	8.112555377e-6
10.21426328	0.32	6.80454454e-6
10.68633322	0.32	5.702138748e-6
11.18260672	0.32	4.774007861e-6
11.70432469	0.32	3.993420474e-6
12.25279173	0.32	3.337597196e-6
12.82937926	0.32	2.787151202e-6
13.43552907	0.32	2.325604452e-6
14.07275685	0.32	1.938969632e-6
14.742656	0.32	1.615389221e-6
15.4469016	0.32	1.34482427e-6
16.18725466	0.32	1.118786401e-6
16.96556642	0.32	9.301073696e-7
17.78378308	0.32	7.727412309e-7
4.906232881	0.33	0.0001218650954
5.108002626	0.33	0.0001035101044
5.320117327	0.33	0.00008789801652
5.543107381	0.33	0.0000746086958
5.777530379	0.33	0.00006329232617
6.023972502	0.33	0.0000536555098
6.283049983	0.33	0.00004545070333
6.55541065	0.33	0.00003846806231
6.841735547	0.33	0.00003252904714
7.142740635	0.33	0.00002748133545
7.459178585	0.33	0.00002319471709
7.791840655	0.33	0.00001955773944
8.141558674	0.33	0.00001647493388
8.509207119	0.33	0.00001386449957
8.895705303	0.33	0.00001165635235
9.302019673	0.33	9.790469459e-6
9.729166226	0.33	8.215477108e-6
10.17821305	0.33	6.887439983e-6
10.650283	0.33	5.768820307e-6
11.14655649	0.33	4.827580695e-6
11.66827447	0.33	4.036409801e-6
12.2167415	0.33	3.372053437e-6
12.79332904	0.33	2.814736711e-6
13.39947885	0.33	2.347664934e-6
14.03670663	0.33	1.956592845e-6
14.70660577	0.33	1.629453147e-6
15.41085138	0.33	1.356036572e-6
16.15120443	0.33	1.127716676e-6
16.9295162	0.33	9.372134783e-7
17.74773286	0.33	7.783907378e-7
4.870039774	0.34	0.0001247431855
5.071809519	0.34	0.0001058627583
5.28392422	0.34	0.0000898217433
5.506914274	0.34	0.00007618153832
5.741337273	0.34	0.00006457774777
5.987779395	0.34	0.00005470533395
6.246856876	0.34	0.00004630737543
6.519217543	0.34	0.00003916641691
6.80554244	0.34	0.00003309770739
7.106547529	0.34	0.00002794383394
7.422985478	0.34	0.00002357040211
7.755647548	0.34	0.00001986251315
8.105365567	0.34	0.00001672185711
8.473014013	0.34	0.00001406428945
8.859512197	0.34	0.00001181779294
9.265826567	0.34	9.920751298e-6
9.69297312	0.34	8.32047822e-6
10.14201994	0.34	6.971958525e-6
10.61408989	0.34	5.836767125e-6
11.11036338	0.34	4.882138586e-6
11.63208136	0.34	4.0801651e-6
12.18054839	0.34	3.407104599e-6
12.75713593	0.34	2.84278378e-6
13.36328574	0.34	2.370083136e-6
14.00051352	0.34	1.974493027e-6
14.67041266	0.34	1.643731323e-6
15.37465827	0.34	1.367414461e-6
16.11501132	0.34	1.136774828e-6
16.89332309	0.34	9.444182655e-7
17.71153975	0.34	7.841163393e-7
4.833700481	0.35	0.0001277171059
5.035470225	0.35	0.0001082912764
5.247584926	0.35	0.00009180560571
5.47057498	0.35	0.00007780207397
5.704997979	0.35	0.00006590099231
5.951440102	0.35	0.0000557851386
6.210517582	0.35	0.0000471877921
6.482878249	0.35	0.00003988355723
6.769203147	0.35	0.00003368121179
7.070208235	0.35	0.00002841804619
7.386646184	0.35	0.00002395531748
7.719308254	0.35	0.00002017454963
8.069026274	0.35	0.00001697448648
8.436674719	0.35	0.00001426855581
8.823172903	0.35	0.0000119827402
9.229487273	0.35	0.00001005377615
9.656633826	0.35	8.427621999e-6
10.10568065	0.35	7.058148515e-6
10.5777506	0.35	5.906016103e-6
11.07402409	0.35	4.937709669e-6
11.59574207	0.35	4.124707807e-6
12.1442091	0.35	3.442767005e-6
12.72079664	0.35	2.871304828e-6
13.32694645	0.35	2.392868503e-6
13.96417423	0.35	1.992677358e-6
14.63407337	0.35	1.658229201e-6
15.33831898	0.35	1.378962083e-6
16.07867203	0.35	1.145964002e-6
16.85698379	0.35	9.517241214e-7
17.67520046	0.35	7.899198509e-7
4.797211565	0.36	0.0001307910958
4.99898131	0.36	0.0001107989313
5.211096011	0.36	0.00009385213694
5.434086065	0.36	0.00007947226609
5.668509064	0.36	0.00006726358203
5.914951187	0.36	0.00005689610365
6.174028667	0.36	0.0000480928672
6.446389334	0.36	0.00004062019032
6.732714231	0.36	0.00003428010668
7.03371932	0.36	0.00002890439377
7.350157269	0.36	0.00002434978801
7.682819339	0.36	0.00002049409879
8.032537358	0.36	0.00001723301396
8.400185804	0.36	0.00001447744594
8.786683988	0.36	0.00001215130698
9.192998358	0.36	0.00001018963039
9.620144911	0.36	8.536974464e-6
10.06919174	0.36	7.146060361e-6
10.54126168	0.36	5.976605691e-6
11.03753518	0.36	4.994323249e-6
11.55925315	0.36	4.170060238e-6
12.10772018	0.36	3.479057636e-6
12.68430772	0.36	2.900312771e-6
13.29045753	0.36	2.416030853e-6
13.92768531	0.36	2.011153297e-6
14.59758446	0.36	1.672952451e-6
15.30183006	0.36	1.390683741e-6
16.04218311	0.36	1.155287469e-6
16.82049488	0.36	9.591335281e-7
17.63871154	0.36	7.958031569e-7
4.760569458	0.37	0.0001339696326
4.962339203	0.37	0.0001133891767
5.174453904	0.37	0.00009596400779
5.397443958	0.37	0.00008119418301
5.631866956	0.37	0.00006866711932
5.878309079	0.37	0.00005803947016
6.13738656	0.37	0.00004902356122
6.409747227	0.37	0.00004137705871
6.696072124	0.37	0.00003489496537
6.997077212	0.37	0.00002940331872
7.313515162	0.37	0.00002475415407
7.646177232	0.37	0.0000208214223
7.995895251	0.37	0.00001749764047
8.363543696	0.37	0.00001469111388
8.75004188	0.37	0.00001232361124
9.15635625	0.37	0.00001032840422
9.583502803	0.37	8.648604517e-6
10.03254963	0.37	7.235746644e-6
10.50461958	0.37	6.048575978e-6
11.00089307	0.37	5.052009863e-6
11.52261105	0.37	4.216245639e-6
12.07107808	0.37	3.515994175e-6
12.64766561	0.37	2.929821052e-6
13.25381543	0.37	2.439580401e-6
13.8910432	0.37	2.029928606e-6
14.56094235	0.37	1.687906966e-6
15.26518796	0.37	1.402583909e-6
16.00554101	0.37	1.164748624e-6
16.78385277	0.37	9.666490636e-7
17.60206943	0.37	8.017682147e-7
4.723770444	0.38	0.0001372574493
4.925540189	0.38	0.0001160656593
5.137654889	0.38	0.00009814403612
5.360644943	0.38	0.00008297000512
5.595067942	0.38	0.00007011329204
5.841510065	0.38	0.00005921654435
6.100587545	0.38	0.00004998088426
6.372948213	0.38	0.00004215494271
6.65927311	0.38	0.00003552638989
6.960278198	0.38	0.00002991528489
7.276716148	0.38	0.0000251687725
7.609378218	0.38	0.00002115679433
7.959096237	0.38	0.00001776857635
8.326744682	0.38	0.0000149097208
8.713242866	0.38	0.00001249977629
9.119557236	0.38	0.00001047019189
9.546703789	0.38	8.762584124e-6
9.995750614	0.38	7.327262251e-6
10.46782056	0.38	6.121968786e-6
10.96409405	0.38	5.110801353e-6
11.48581203	0.38	4.263288235e-6
12.03427906	0.38	3.553595041e-6
12.6108666	0.38	2.959843669e-6
13.21701641	0.38	2.463527781e-6
13.85424419	0.38	2.049011358e-6
14.52414333	0.38	1.703098874e-6
15.22838894	0.38	1.414667241e-6
15.96874199	0.38	1.174350999e-6
16.74705376	0.38	9.74273408e-7
17.56527042	0.38	8.078170582e-7
4.686810656	0.39	0.0001406595516
4.8885804	0.39	0.0001188322325
5.100695101	0.39	0.0001003951969
5.323685155	0.39	0.00008480203247
5.558108154	0.39	0.00007160387923
5.804550277	0.39	0.00006042870193
6.063627757	0.39	0.00005096589935
6.335988425	0.39	0.00004295466285
6.622313322	0.39	0.00003617501281
6.92331841	0.39	0.00003044077928
7.23975636	0.39	0.00002559401774
7.57241843	0.39	0.00002150050234
7.922136449	0.39	0.00001804604197
8.289784894	0.39	0.00001513343543
8.676283078	0.39	0.00001267993118
9.082597448	0.39	0.00001061509196
9.509744001	0.39	8.878988486e-6
9.958790826	0.39	7.420664505e-6
10.43086077	0.39	6.196827773e-6
10.92713427	0.39	5.170730942e-6
11.44885224	0.39	4.311213292e-6
11.99731928	0.39	3.591879437e-6
12.57390681	0.39	2.990395209e-6
13.18005662	0.39	2.487884069e-6
13.8172844	0.39	2.068409961e-6
14.48718355	0.39	1.718534557e-6
15.19142915	0.39	1.426938577e-6
15.93178221	0.39	1.184098266e-6
16.71009397	0.39	9.820093487e-7
17.52831063	0.39	8.139518026e-7
4.649686066	0.4	0.0001441812376
4.851455811	0.4	0.000121692971
5.063570512	0.4	0.000102720633
5.286560566	0.4	0.00008669269306
5.520983564	0.4	0.00007314075741
5.767425687	0.4	0.00006167739281
6.026503168	0.4	0.00005197972596
6.298863835	0.4	0.00004377708257
6.585188732	0.4	0.00003684149926
6.88619382	0.4	0.00003098031357
7.20263177	0.4	0.00002603028286
7.53529384	0.4	0.00002185284788
7.885011859	0.4	0.00001833026839
8.252660304	0.4	0.00001536243455
8.639158488	0.4	0.000012864211
9.045472858	0.4	0.00001076320757
9.472619411	0.4	8.997896242e-6
9.921666236	0.4	7.516013315e-6
10.39373618	0.4	6.27319854e-6
10.89000968	0.4	5.231833315e-6
11.41172765	0.4	4.360047173e-6
11.96019469	0.4	3.630867392e-6
12.53678222	0.4	3.02149088e-6
13.14293203	0.4	2.512660808e-6
13.78015981	0.4	2.088133174e-6
14.45005896	0.4	1.73422066e-6
15.15430456	0.4	1.43940296e-6
15.89465762	0.4	1.193994251e-6
16.67296938	0.4	9.898597867e-7
17.49118604	0.4	8.201746488e-7
4.612392476	0.41	0.0001478281191
4.814162221	0.41	0.0001246521866
5.026276922	0.41	0.0001051236676
5.249266976	0.41	0.00008864455179
5.483689975	0.41	0.0000747259073
5.730132097	0.41	0.0000629641462
5.989209578	0.41	0.00005302354385
6.261570245	0.41	0.00004462311109
6.547895142	0.41	0.0000375265491
6.848900231	0.41	0.00003153442575
7.16533818	0.41	0.00002647798084
7.49800025	0.41	0.00002221414755
7.847718269	0.41	0.00001862149798
8.215366714	0.41	0.00001559690349
8.601864899	0.41	0.00001305275729
9.008179268	0.41	0.00001091464668
9.435325822	0.41	9.11938968e-6
9.884372647	0.41	7.613371336e-6
10.35644259	0.41	6.351128752e-6
10.85271609	0.41	5.294144709e-6
11.37443406	0.41	4.409817409e-6
11.9229011	0.41	3.670579809e-6
12.49948863	0.41	3.053146549e-6
13.10563844	0.41	2.537870038e-6
13.74286622	0.41	2.108190131e-6
14.41276537	0.41	1.75016411e-6
15.11701097	0.41	1.452065641e-6
15.85736403	0.41	1.204042937e-6
16.63567579	0.41	9.97827743e-7
17.45389245	0.41	8.264878883e-7
4.574925507	0.42	0.000151606144
4.776695252	0.42	0.000127714445
4.988809953	0.42	0.0001076078164
5.211800007	0.42	0.00009066032017
5.446223005	0.42	0.00007636142114
5.692665128	0.42	0.00006429057615
5.951742609	0.42	0.00005409859724
6.224103276	0.42	0.00004549370653
6.510428173	0.42	0.00003823089925
6.811433261	0.42	0.00003210368185
7.127871211	0.42	0.00002693754588
7.460533281	0.42	0.00002258473395
7.8102513	0.42	0.0000189199852
8.177899745	0.42	0.00001583703667
8.564397929	0.42	0.00001324571844
8.970712299	0.42	0.00001106952243
9.397858852	0.42	9.24355496e-6
9.846905677	0.42	7.712804131e-6
10.31897563	0.42	6.430668263e-6
10.81524912	0.42	5.357703003e-6
11.3369671	0.42	4.460552766e-6
11.88543413	0.42	3.711038524e-6
12.46202166	0.42	3.085378781e-6
13.06817148	0.42	2.563524324e-6
13.70539925	0.42	2.128590359e-6
14.3752984	0.42	1.766372132e-6
15.079544	0.42	1.464932099e-6
15.81989706	0.42	1.214248477e-6
16.59820882	0.42	1.005916366e-6
17.41642548	0.42	8.328939087e-7
4.537280587	0.43	0.0001555216218
4.739050332	0.43	0.0001308845848
4.951165033	0.43	0.000110176802
5.174155087	0.43	0.00009274286691
5.408578085	0.43	0.00007804951071
5.655020208	0.43	0.00006565838749
5.914097689	0.43	0.0000552061993
6.186458356	0.43	0.00004638987932
6.472783253	0.43	0.00003895532622
6.773788341	0.43	0.00003268867784
7.090226291	0.43	0.00002740943478
7.422888361	0.43	0.00002296495676
7.77260638	0.43	0.00001922599735
8.140254825	0.43	0.00001608303821
8.526753009	0.43	0.00001344325012
8.933067379	0.43	0.00001122795341
9.360213932	0.43	9.370482367e-6
9.809260757	0.43	7.814380365e-6
10.28133071	0.43	6.511869252e-6
10.7776042	0.43	5.422547827e-6
11.29932218	0.43	4.512283323e-6
11.84778921	0.43	3.752266356e-6
12.42437674	0.43	3.118204884e-6
13.03052656	0.43	2.589636786e-6
13.66775433	0.43	2.149343806e-6
14.33765348	0.43	1.782852263e-6
15.04189908	0.43	1.478008046e-6
15.78225214	0.43	1.224615201e-6
16.5605639	0.43	1.01412894e-6
17.37878056	0.43	8.393951996e-7
4.499452941	0.44	0.0001595812503
4.701222686	0.44	0.0001341677379
4.913337387	0.44	0.0001128345693
5.136327441	0.44	0.00009489522942
5.37075044	0.44	0.00007979251596
5.617192562	0.44	0.00006706938246
5.876270043	0.44	0.00005634773706
6.14863071	0.44	0.00004731269585
6.434955607	0.44	0.0000397006489
6.735960696	0.44	0.00003329004176
7.052398645	0.44	0.00002789412853
7.385060715	0.44	0.00002335518387
7.734778734	0.44	0.0000195398155
8.102427179	0.44	0.00001633512257
8.488925364	0.44	0.00001364551577
8.895239734	0.44	0.0000113900641
9.322386287	0.44	9.500266571e-6
9.771433112	0.44	7.918171994e-6
10.24350306	0.44	6.594786376e-6
10.73977655	0.44	5.488720666e-6
11.26149453	0.44	4.565040555e-6
11.80996156	0.44	3.794287173e-6
12.3865491	0.44	3.151642953e-6
12.99269891	0.44	2.61622114e-6
13.62992669	0.44	2.170460862e-6
14.29982583	0.44	1.799612379e-6
15.00407144	0.44	1.491299451e-6
15.74442449	0.44	1.235147631e-6
16.52273626	0.44	1.02246889e-6
17.34095292	0.44	8.459943583e-7
4.461437578	0.45	0.0001637921455
4.663207322	0.45	0.0001375693513
4.875322023	0.45	0.0001155853019
5.098312077	0.45	0.00009712062638
5.332735076	0.45	0.00008159291446
5.579177199	0.45	0.00006852546771
5.838254679	0.45	0.00005752467675
6.110615346	0.45	0.00004826328252
6.396940244	0.45	0.00004046773156
6.697945332	0.45	0.00003390843586
7.014383282	0.45	0.00002839213396
7.347045352	0.45	0.00002375580267
7.696763371	0.45	0.00001986173537
8.064411816	0.45	0.00001659351521
8.45091	0.45	0.00001385268716
8.85722437	0.45	0.00001155598515
9.284370923	0.45	9.633006919e-6
9.733417748	0.45	8.024254488e-6
10.2054877	0.45	6.679476923e-6
10.70176119	0.45	5.556264985e-6
11.22347917	0.45	4.618857421e-6
11.7719462	0.45	3.837125961e-6
12.34853373	0.45	3.185711918e-6
12.95468355	0.45	2.643291728e-6
13.59191132	0.45	2.191952394e-6
14.26181047	0.45	1.81666071e-6
14.96605608	0.45	1.504812547e-6
15.70640913	0.45	1.245850489e-6
16.48472089	0.45	1.030939796e-6
17.30293755	0.45	8.526940974e-7
4.423229273	0.46	0.0001681618736
4.624999018	0.46	0.0001410952114
4.837113719	0.46	0.0001184334404
5.060103773	0.46	0.00009942247138
5.294526772	0.46	0.00008345333172
5.540968895	0.46	0.00007002866212
5.800046375	0.46	0.00005873856965
6.072407042	0.46	0.00004924283003
6.358731939	0.46	0.00004125748707
6.659737028	0.46	0.00003454455913
6.976174977	0.46	0.00002890398559
7.308837047	0.46	0.00002416722138
7.658555066	0.46	0.00002019206833
8.026203512	0.46	0.0000168584534
8.412701696	0.46	0.00001406494485
8.819016066	0.46	0.00001172585391
9.246162619	0.46	9.768807749e-6
9.695209444	0.46	8.13270706e-6
10.16727939	0.46	6.766000992e-6
10.66355288	0.46	5.625226358e-6
11.18527086	0.46	4.673768462e-6
11.73373789	0.46	3.880808888e-6
12.31032543	0.46	3.220431604e-6
12.91647524	0.46	2.670863563e-6
13.55370302	0.46	2.21382977e-6
14.22360216	0.46	1.834005864e-6
14.92784777	0.46	1.518553853e-6
15.66820082	0.46	1.256728715e-6
16.44651259	0.46	1.039545399e-6
17.26472925	0.46	8.594972509e-7
4.38482256	0.47	0.0001726984866
4.586592304	0.47	0.0001447514705
4.798707005	0.47	0.0001213837022
5.021697059	0.47	0.0001018043879
5.256120058	0.47	0.00008537655245
5.502562181	0.47	0.00007158110523
5.761639661	0.47	0.00005999105839
6.034000328	0.47	0.00005025259823
6.320325226	0.47	0.00004207088052
6.621330314	0.47	0.00003519914991
6.937768263	0.47	0.00002943024757
7.270430333	0.47	0.00002458987052
7.620148353	0.47	0.00002053114258
7.987796798	0.47	0.00001713018701
8.374294982	0.47	0.00001428247891
8.780609352	0.47	0.00001189981479
9.207755905	0.47	9.907778726e-6
9.65680273	0.47	8.243612917e-6
10.12887268	0.47	6.854421681e-6
10.62514617	0.47	5.695652603e-6
11.14686415	0.47	4.729809906e-6
11.69533118	0.47	3.925363392e-6
12.27191872	0.47	3.255822783e-6
12.87806853	0.47	2.698952372e-6
13.51529631	0.47	2.236104895e-6
14.18519545	0.47	1.851656854e-6
14.88944106	0.47	1.532530193e-6
15.62979411	0.47	1.267787474e-6
16.40810587	0.47	1.04828961e-6
17.22632254	0.47	8.664067834e-7
4.346211705	0.48	0.0001774105609
4.54798145	0.48	0.0001485446758
4.760096151	0.48	0.0001244411035
4.983086205	0.48	0.0001042702258
5.217509203	0.48	0.00008736553285
5.463951326	0.48	0.00007318506651
5.723028807	0.48	0.00006128388392
5.995389474	0.48	0.00005129392124
6.281714371	0.48	0.00004290893305
6.582719459	0.48	0.00003587298884
6.899157409	0.48	0.0000299715159
7.231819479	0.48	0.00002502420459
7.581537498	0.48	0.00002087930425
7.949185943	0.48	0.00001740897942
8.335684127	0.48	0.00001450548953
8.741998497	0.48	0.00001207801983
9.16914505	0.48	0.00001005003521
9.618191875	0.48	8.357059543e-6
10.09026182	0.48	6.944805289e-6
10.58653532	0.48	5.767593944e-6
11.10825329	0.48	4.787019782e-6
11.65672032	0.48	3.97081826e-6
12.23330786	0.48	3.291907245e-6
12.83945767	0.48	2.727574642e-6
13.47668545	0.48	2.258790245e-6
14.14658459	0.48	1.869623122e-6
14.8508302	0.48	1.546748712e-6
15.59118325	0.48	1.279032175e-6
16.36949502	0.48	1.057176526e-6
17.18771168	0.48	8.734257975e-7
4.307390697	0.49	0.0001823072396
4.509160442	0.49	0.0001524818009
4.721275143	0.49	0.0001276109827
4.944265197	0.49	0.0001068240789
5.178688196	0.49	0.00008942341414
5.425130318	0.49	0.00007484295549
5.684207799	0.49	0.00006261889312
5.956568466	0.49	0.00005236821319
6.242893363	0.49	0.00004377272616
6.543898452	0.49	0.00003656690195
6.860336401	0.49	0.00003052842076
7.192998471	0.49	0.00002547070373
7.54271649	0.49	0.0000212369188
7.910364936	0.49	0.00001769510846
8.29686312	0.49	0.00001473418775
8.70317749	0.49	0.0000122606292
9.130324043	0.49	0.00001019569867
9.579370868	0.49	8.473138988e-6
10.05144082	0.49	7.03722154e-6
10.54771431	0.49	5.841103169e-6
11.06943229	0.49	4.845438044e-6
11.61789932	0.49	4.017203724e-6
12.19448685	0.49	3.328707859e-6
12.80063667	0.49	2.756747676e-6
13.43786444	0.49	2.28189891e-6
14.10776359	0.49	1.887914569e-6
14.81200919	0.49	1.561216904e-6
15.55236225	0.49	1.29046849e-6
16.33067401	0.49	1.066210441e-6
17.14889067	0.49	8.805575439e-7
4.268353225	0.5	0.0001873982793
4.47012297	0.5	0.0001565702808
4.682237671	0.5	0.000130899027
4.905227725	0.5	0.0001094703052
5.139650723	0.5	0.00009155353736
5.386092846	0.5	0.00007655733288
5.645170327	0.5	0.00006399804709
5.917530994	0.5	0.00005347697441
6.203855891	0.5	0.00004466340629
6.504860979	0.5	0.00003728176423
6.821298929	0.5	0.00003110162908
7.153960999	0.5	0.00002592987574
7.503679018	0.5	0.00002160437241
7.871327463	0.5	0.00001798886754
8.257825647	0.5	0.00001496879628
8.664140017	0.5	0.00001244781178
9.09128657	0.5	0.00001034489711
9.540333395	0.5	8.591948205e-6
10.01240334	0.5	7.13174383e-6
10.50867684	0.5	5.916235819e-6
11.03039481	0.5	4.905106706e-6
11.57886184	0.5	4.064551559e-6
12.15544938	0.5	3.366248656e-6
12.76159919	0.5	2.786489643e-6
13.39882697	0.5	2.305444629e-6
14.06872611	0.5	1.906541589e-6
14.77297172	0.5	1.575942629e-6
15.51332477	0.5	1.302102366e-6
16.29163654	0.5	1.075395855e-6
17.1098532	0.5	8.878054311e-7
4.229092654	0.51	0.0001926941008
4.430862399	0.51	0.0001608180502
4.6429771	0.51	0.0001343113009
4.865967154	0.51	0.0001122135481
5.100390153	0.51	0.00009375945964
5.346832275	0.51	0.00007833092278
5.605909756	0.51	0.00006542343035
5.878270423	0.51	0.00005462179832
6.16459532	0.51	0.00004558219003
6.465600409	0.51	0.00003801850337
6.782038358	0.51	0.00003169184744
7.114700428	0.51	0.00002640225813
7.464418447	0.51	0.00002198207355
7.832066893	0.51	0.00001829056676
8.218565077	0.51	0.00001520955032
8.624879447	0.51	0.00001263974587
9.052026	0.51	0.00001049776554
9.501072825	0.51	8.7135894e-6
9.973142773	0.51	7.228449488e-6
10.46941626	0.51	5.993050379e-6
10.99113424	0.51	4.96606999e-6
11.53960127	0.51	4.112895197e-6
12.11618881	0.51	3.404554906e-6
12.72233862	0.51	2.816819646e-6
13.3595664	0.51	2.329441844e-6
14.02946554	0.51	1.925515098e-6
14.73371115	0.51	1.590934144e-6
15.4740642	0.51	1.313940048e-6
16.25237597	0.51	1.084737495e-6
17.07059263	0.51	8.951730367e-7
4.189602007	0.52	0.0001982058458
4.391371752	0.52	0.0001652335857
4.603486453	0.52	0.0001378542782
4.826476507	0.52	0.0001150587606
5.060899506	0.52	0.00009604497215
5.307341628	0.52	0.00008016662614
5.566419109	0.52	0.00006689726089
5.838779776	0.52	0.00005580437891
6.125104673	0.52	0.00004653036962
6.426109762	0.52	0.00003877810397
6.742547711	0.52	0.00003229982511
7.075209781	0.52	0.00002688842046
7.4249278	0.52	0.00002237045473
7.792576245	0.52	0.00001860053422
8.17907443	0.52	0.00001545669856
8.585388799	0.52	0.0000128366198
9.012535353	0.52	0.00001065444655
9.461582178	0.52	8.838170426e-6
9.933652126	0.52	7.32742007e-6
10.42992562	0.52	6.0716085e-6
10.9516436	0.52	5.028374489e-6
11.50011063	0.52	4.162269844e-6
12.07669816	0.52	3.443653211e-6
12.68284798	0.52	2.847757786e-6
13.32007575	0.52	2.353905745e-6
13.9899749	0.52	1.944846578e-6
14.6942205	0.52	1.606200128e-6
15.43457356	0.52	1.325988102e-6
16.21288532	0.52	1.094240326e-6
17.03110198	0.52	9.026641193e-7
4.149873935	0.53	0.0002039454391
4.35164368	0.53	0.0001698259521
4.563758381	0.53	0.0001415348766
4.786748435	0.53	0.0001180112314
5.021171434	0.53	0.00009841411987
5.267613556	0.53	0.0000820675356
5.526691037	0.53	0.00006842190125
5.799051704	0.53	0.00005702651904
6.085376601	0.53	0.0000475093192
6.38638169	0.53	0.00003956161212
6.702819639	0.53	0.00003292635754
7.035481709	0.53	0.0000273889669
7.385199728	0.53	0.00002276997433
7.752848173	0.53	0.00001891911741
8.139346358	0.53	0.00001571050421
8.545660727	0.53	0.00001303863279
8.972807281	0.53	0.0000108150908
9.421854106	0.53	8.965805212e-6
9.893924054	0.53	7.428741678e-6
10.39019755	0.53	6.151975233e-6
10.91191552	0.53	5.09206934e-6
11.46038255	0.53	4.212712614e-6
12.03697009	0.53	3.483571603e-6
12.6431199	0.53	2.879325236e-6
13.28034768	0.53	2.378852326e-6
13.95024682	0.53	1.964548115e-6
14.65449243	0.53	1.621749716e-6
15.39484548	0.53	1.338253432e-6
16.17315725	0.53	1.103909573e-6
16.99137391	0.53	9.102826316e-7
4.109900691	0.54	0.0002099256567
4.311670436	0.54	0.0001746048542
4.523785137	0.54	0.000145360497
4.746775191	0.54	0.000121076614
4.98119819	0.54	0.0001008712235
5.227640312	0.54	0.00008403695184
5.486717793	0.54	0.00006999987078
5.75907846	0.54	0.00005829013962
6.045403357	0.54	0.00004852050163
6.346408446	0.54	0.00004037014051
6.662846395	0.54	0.00003357229006
6.995508465	0.54	0.00002790453899
7.345226484	0.54	0.00002318111876
7.71287493	0.54	0.00001924668476
8.099373114	0.54	0.00001597124612
8.505687484	0.54	0.00001324599575
8.932834037	0.54	0.00001097985776
9.381880862	0.54	9.09661423e-6
9.85395081	0.54	7.532505308e-6
10.3502243	0.54	6.234219293e-6
10.87194228	0.54	5.157206424e-6
11.42040931	0.54	4.264262675e-6
11.99699685	0.54	3.524339651e-6
12.60314666	0.54	2.911544323e-6
13.24037444	0.54	2.404298448e-6
13.91027358	0.54	1.984632444e-6
14.61451919	0.54	1.637592532e-6
15.35487224	0.54	1.350743314e-6
16.13318401	0.54	1.113750736e-6
16.95140067	0.54	9.180327354e-7
4.069674099	0.55	0.0002161602022
4.271443844	0.55	0.0001795806933
4.483558545	0.55	0.0001493390656
4.706548599	0.55	0.0001242609591
4.940971598	0.55	0.0001034209034
5.187413721	0.55	0.00008607840176
5.446491201	0.55	0.00007163385923
5.718851868	0.55	0.00005959728966
6.005176765	0.55	0.00004956547597
6.306181854	0.55	0.00004120487399
6.622619803	0.55	0.00003423852211
6.955281873	0.55	0.00002843581875
7.304999892	0.55	0.00002360440468
7.672648338	0.55	0.00001958362734
8.059146522	0.55	0.00001623922008
8.465460892	0.55	0.00001345893227
8.892607445	0.55	0.00001114891631
9.34165427	0.55	9.230725016e-6
9.813724218	0.55	7.638807235e-6
10.30999771	0.55	6.318413341e-6
10.83171569	0.55	5.223840574e-6
11.38018272	0.55	4.316961405e-6
11.95677026	0.55	3.565988583e-6
12.56292007	0.55	2.944438614e-6
13.20014784	0.55	2.430261903e-6
13.87004699	0.55	2.005113002e-6
14.5742926	0.55	1.653738724e-6
15.31464565	0.55	1.363465416e-6
16.09295741	0.55	1.123769614e-6
16.91117408	0.55	9.259188166e-7
4.02918552	0.56	0.0002226637906
4.230955265	0.56	0.0001847646307
4.443069966	0.56	0.0001534790819
4.66606002	0.56	0.0001275707502
4.900483019	0.56	0.0001060681071
5.146925141	0.56	0.00008819565855
5.406002622	0.56	0.00007332674174
5.678363289	0.56	0.00006095015752
5.964688186	0.56	0.00005064590587
6.265693275	0.56	0.0000420670758
6.582131224	0.56	0.0000349260118
6.914793294	0.56	0.00002898353213
7.264511313	0.56	0.0000240403816
7.632159758	0.56	0.00001993036076
8.018657943	0.56	0.00001651474017
8.424972312	0.56	0.00001367767958
8.852118866	0.56	0.00001132244556
9.301165691	0.56	9.368272743e-6
9.773235639	0.56	7.747749441e-6
10.26950913	0.56	6.404634305e-6
10.79122711	0.56	5.292029814e-6
11.33969414	0.56	4.37085257e-6
11.91628168	0.56	3.608551413e-6
12.52243149	0.56	2.97803302e-6
13.15965927	0.56	2.45676149e-6
13.82955841	0.56	2.026003978e-6
14.53380402	0.56	1.670199009e-6
15.27415707	0.56	1.376427836e-6
16.05246883	0.56	1.133972326e-6
16.8706855	0.56	9.339455038e-7
3.988425814	0.57	0.0002294522417
4.190195558	0.57	0.0001901686577
4.402310259	0.57	0.0001577896717
4.625300313	0.57	0.0001310129435
4.859723312	0.57	0.0001088181382
5.106165435	0.57	0.00009039276407
5.365242915	0.57	0.00007508159553
5.637603582	0.57	0.00006235108337
5.92392848	0.57	0.00005176356881
6.224933568	0.57	0.00004295809443
6.541371517	0.57	0.00003563578105
6.874033587	0.57	0.00002954845274
7.223751607	0.57	0.00002448963465
7.591400052	0.57	0.00002028732721
7.977898236	0.57	0.00001679814038
8.384212606	0.57	0.00001390248976
8.811359159	0.57	0.0000115006357
9.260405984	0.57	9.509400847e-6
9.732475932	0.57	7.859440083e-6
10.22874942	0.57	6.492963726e-6
10.7504674	0.57	5.361835618e-6
11.29893443	0.57	4.425982516e-6
11.87552197	0.57	3.652063088e-6
12.48167178	0.57	3.012353897e-6
13.11889956	0.57	2.483817091e-6
13.7887987	0.57	2.047320378e-6
14.49304431	0.57	1.686984716e-6
15.23339736	0.57	1.389639129e-6
16.01170913	0.57	1.144365339e-6
16.82992579	0.57	9.421176866e-7
3.947385297	0.58	0.000236542584
4.149155042	0.58	0.0001958056738
4.361269743	0.58	0.0001622806455
4.584259797	0.58	0.0001345950122
4.818682796	0.58	0.0001116766905
5.065124918	0.58	0.00009267405376
5.324202399	0.58	0.00007690171853
5.596563066	0.58	0.00006380257298
5.882887963	0.58	0.00005292036639
6.183893052	0.58	0.0000438793713
6.500331001	0.58	0.00003636892121
6.832993071	0.58	0.00003013140609
7.18271109	0.58	0.00002495278768
7.550359536	0.58	0.00002065499781
7.93685772	0.58	0.00001708977623
8.34317209	0.58	0.00001413363099
8.770318643	0.58	0.00001168368891
9.219365468	0.58	9.65426173e-6
9.691435416	0.58	7.973994008e-6
10.18770891	0.58	6.583488147e-6
10.70942689	0.58	5.433323197e-6
11.25789392	0.58	4.482400387e-6
11.83448145	0.58	3.696560647e-6
12.44063127	0.58	3.047429169e-6
13.07785904	0.58	2.511449767e-6
13.74775819	0.58	2.069078089e-6
14.45200379	0.58	1.704107836e-6
15.19235685	0.58	1.403108353e-6
15.97066861	0.58	1.154955495e-6
16.78888527	0.58	9.504405377e-7
3.906053701	0.59	0.0002439531705
4.107823446	0.59	0.0002016895736
4.319938146	0.59	0.0001669625645
4.542928201	0.59	0.0001383249958
4.777351199	0.59	0.0001146498847
5.023793322	0.59	0.0000950441844
5.282870803	0.59	0.0000787906501
5.55523147	0.59	0.0000653073132
5.841556367	0.59	0.00005411833581
6.142561455	0.59	0.00004483244922
6.458999405	0.59	0.00003712659944
6.791661475	0.59	0.00003073327428
7.141379494	0.59	0.00002543050679
7.509027939	0.59	0.00002103387517
7.895526123	0.59	0.00001739002676
8.301840493	0.59	0.00001437138895
8.728987046	0.59	0.00001187182047
9.178033871	0.59	9.803017534e-6
9.650103819	0.59	8.091533335e-6
10.14637731	0.59	6.676299536e-6
10.66809529	0.59	5.506561818e-6
11.21656232	0.59	4.540158357e-6
11.79314986	0.59	3.7420834e-6
12.39929967	0.59	3.08328846e-6
13.03652745	0.59	2.539681849e-6
13.70642659	0.59	2.091293957e-6
14.4106722	0.59	1.721581079e-6
15.15102525	0.59	1.416845101e-6
15.92933702	0.59	1.165750044e-6
16.74755368	0.59	9.589195361e-7
3.864420114	0.6	0.0002517038074
4.066189859	0.6	0.0002078353447
4.27830456	0.6	0.0001718468143
4.501294614	0.6	0.0001422115559
4.735717613	0.6	0.0001177443102
4.982159735	0.6	0.00009750816528
5.241237216	0.6	0.00008075219424
5.513597883	0.6	0.00006686818924
5.79992278	0.6	0.00005535966272
6.100927869	0.6	0.00004581898195
6.417365818	0.6	0.00003791006571
6.750027888	0.6	0.00003135500119
7.099745907	0.6	0.00002592350413
7.467394352	0.6	0.00002142449624
7.853892537	0.6	0.00001769929656
8.260206907	0.6	0.0000146160684
8.68735346	0.6	0.00001206525982
9.136400285	0.6	9.955841008e-6
9.608470233	0.6	8.212188097e-6
10.10474372	0.6	6.77149577e-6
10.6264617	0.6	5.581625159e-6
11.17492873	0.6	4.599311899e-6
11.75151627	0.6	3.788673123e-6
12.35766608	0.6	3.119963242e-6
12.99489386	0.6	2.568537058e-6
13.664793	0.6	2.113985864e-6
14.36903861	0.6	1.739417935e-6
15.10939166	0.6	1.430859558e-6
15.88770343	0.6	1.176756674e-6
16.70592009	0.6	9.675604935e-7
3.822472931	0.61	0.0002598158995
4.024242676	0.61	0.0002142591764
4.236357377	0.61	0.0001769456872
4.459347431	0.61	0.000146264038
4.69377043	0.61	0.0001209670715
4.940212552	0.61	0.0001000713931
5.199290033	0.61	0.00008279044562
5.4716507	0.61	0.00006848830402
5.757975597	0.61	0.00005664669557
6.058980686	0.61	0.00004684074486
6.375418635	0.61	0.00003872066074
6.708080705	0.61	0.00003199759834
7.057798724	0.61	0.00002643254226
7.425447169	0.61	0.00002182743551
7.811945354	0.61	0.00001801801823
8.218259723	0.61	0.00001486799493
8.645406276	0.61	0.00001226425198
9.094453102	0.61	0.00001011291647
9.56652305	0.61	8.33609695e-6
10.06279654	0.61	6.869181162e-6
10.58451452	0.61	5.658591707e-6
11.13298155	0.61	4.659920079e-6
11.70956909	0.61	3.836374279e-6
12.3157189	0.61	3.157486999e-6
12.95294668	0.61	2.598040617e-6
13.62284582	0.61	2.137172824e-6
14.32709143	0.61	1.757632745e-6
15.06744448	0.61	1.445162542e-6
15.84575625	0.61	1.187983557e-6
16.66397291	0.61	9.763695836e-7
3.780199785	0.62	0.0002683126115
3.98196953	0.62	0.0002209785829
4.194084231	0.62	0.0001822724751
4.417074285	0.62	0.0001504925416
4.651497283	0.62	0.0001243258411
4.897939406	0.62	0.0001027396911
5.157016887	0.62	0.00008490981886
5.429377554	0.62	0.00007017099991
5.715702451	0.62	0.00005798196175
6.01670754	0.62	0.00004789964685
6.333145489	0.62	0.00003955982478
6.665807559	0.62	0.00003266215144
7.015525578	0.62	0.00002695843899
7.383174023	0.62	0.00002224330861
7.769672208	0.62	0.00001834665495
8.175986577	0.62	0.00001512751693
8.60313313	0.62	0.00001246905891
9.052179956	0.62	0.00001027444088
9.524249904	0.62	8.46340798e-6
10.0205234	0.62	6.969467057e-6
10.54224137	0.62	5.737545195e-6
11.0907084	0.62	4.722045883e-6
11.66729594	0.62	3.885234265e-6
12.27344575	0.62	3.195895408e-6
12.91067353	0.62	2.628219398e-6
13.58057267	0.62	2.160875083e-6
14.28481828	0.62	1.776240774e-6
15.02517133	0.62	1.459765572e-6
15.8034831	0.62	1.199439387e-6
16.62169976	0.62	9.853533748e-7
3.737587478	0.63	0.0002772190504
3.939357223	0.63	0.0002280125411
4.151471924	0.63	0.0001878415743
4.374461978	0.63	0.0001549079995
4.608884976	0.63	0.0001278289184
4.855327099	0.63	0.0001055193538
5.11440458	0.63	0.00008711508154
5.386765247	0.63	0.00007191988331
5.673090144	0.63	0.0000593681858
5.974095233	0.63	0.00004899774385
6.290533182	0.63	0.00004042910767
6.623195252	0.63	0.00003334982776
6.972913271	0.63	0.00002750207281
7.340561716	0.63	0.0000226727763
7.7270599	0.63	0.00001868570354
8.13337427	0.63	0.00001539500779
8.560520823	0.63	0.00001267996119
9.009567649	0.63	0.00001044062506
9.481637597	0.63	8.594279597e-6
9.977911089	0.63	7.072472498e-6
10.49962907	0.63	5.818575102e-6
11.0480961	0.63	4.785756587e-6
11.62468363	0.63	3.935303681e-6
12.23083345	0.63	3.235226547e-6
12.86806122	0.63	2.659102068e-6
13.53796037	0.63	2.185114238e-6
14.24220598	0.63	1.795258299e-6
14.98255903	0.63	1.474680925e-6
15.76087079	0.63	1.21113343e-6
16.57908745	0.63	9.945188669e-7
3.6946219	0.64	0.0002865624711
3.896391645	0.64	0.000235381647
4.108506346	0.64	0.0001936686039
4.3314964	0.64	0.0001595222665
4.565919399	0.64	0.0001314852972
4.812361521	0.64	0.0001084171964
5.071439002	0.64	0.00008941139153
5.343799669	0.64	0.0000737388523
5.630124566	0.64	0.00006080830995
5.931129655	0.64	0.00005013725405
6.247567604	0.64	0.00004133018001
6.580229674	0.64	0.00003406188443
6.929947693	0.64	0.00002806438905
7.297596138	0.64	0.00002311654908
7.684094323	0.64	0.00001903569772
8.090408692	0.64	0.00001567086836
8.517555245	0.64	0.00001289725984
8.966602071	0.64	0.00001061169505
9.438672019	0.64	8.728881544e-6
9.934945511	0.64	7.178324977e-6
10.45666349	0.64	5.90177721e-6
11.00513052	0.64	4.851124175e-6
11.58171806	0.64	3.986636648e-6
12.18786787	0.64	3.275521125e-6
12.82509565	0.64	2.690719264e-6
13.49499479	0.64	2.20991336e-6
14.1992404	0.64	1.814702707e-6
14.93959345	0.64	1.489921711e-6
15.71790521	0.64	1.223075582e-6
16.53612188	0.64	1.003873532e-6
3.651287939	0.65	0.0002963725072
3.853057684	0.65	0.000243108292
4.065172385	0.65	0.0001997705397
4.288162439	0.65	0.0001643482212
4.522585438	0.65	0.0001353047411
4.76902756	0.65	0.0001114406125
5.028105041	0.65	0.00009180433935
5.300465708	0.65	0.00007563212819
5.586790605	0.65	0.00006230551743
5.887795694	0.65	0.00005132057509
6.204233643	0.65	0.00004226484592
6.536895713	0.65	0.00003479967785
6.886613732	0.65	0.00002864640684
7.254262178	0.65	0.00002357539222
7.640760362	0.65	0.00001939721199
8.047074732	0.65	0.0000159555298
8.474221285	0.65	0.0000131212784
8.92326811	0.65	0.00001078789364
9.395338058	0.65	8.867396039e-6
9.89161155	0.65	7.287161278e-6
10.41332953	0.65	5.987254228e-6
10.96179656	0.65	4.9182258e-6
11.5383841	0.65	4.039291149e-6
12.14453391	0.65	3.316822742e-6
12.78176168	0.65	2.723103791e-6
13.45166083	0.65	2.235297146e-6
14.15590644	0.65	1.834592603e-6
14.89625949	0.65	1.505501957e-6
15.67457125	0.65	1.235276424e-6
16.49278792	0.65	1.01342536e-6
3.607569379	0.66	0.0003066814341
3.809339124	0.66	0.0002512168636
4.021453824	0.66	0.000206165867
4.244443878	0.66	0.0001693998813
4.478866877	0.66	0.0001392978713
4.725309	0.66	0.0001145976382
4.98438648	0.66	0.00009429999638
5.256747148	0.66	0.00007760429119
5.543072045	0.66	0.00006386325894
5.844077133	0.66	0.00005255030364
6.160515083	0.66	0.00004323505752
6.493177153	0.66	0.00003556467439
6.842895172	0.66	0.00002924922694
7.210543617	0.66	0.00002405013169
7.597041801	0.66	0.00001977086587
8.003356171	0.66	0.00001624945672
8.430502724	0.66	0.00001335236528
8.879549549	0.66	0.00001096948211
9.351619497	0.66	9.01001906e-6
9.847892989	0.66	7.399128435e-6
10.36961097	0.66	6.075116509e-6
10.918078	0.66	4.98714432e-6
11.49466553	0.66	4.093329427e-6
12.10081535	0.66	3.359178182e-6
12.73804312	0.66	2.756290835e-6
13.40794227	0.66	2.261292078e-6
14.11218788	0.66	1.854947931e-6
14.85254093	0.66	1.521436697e-6
15.63085269	0.66	1.247747297e-6
16.44906936	0.66	1.023182913e-6
3.563448781	0.67	0.0003175244663
3.765218526	0.67	0.0002597339743
3.977333227	0.67	0.0002128747551
4.200323281	0.67	0.0001746925354
4.434746279	0.67	0.0001434762645
4.681188402	0.67	0.0001178970266
4.940265883	0.67	0.00009690496995
5.21262655	0.67	0.00007966032135
5.498951447	0.67	0.00006548528289
5.799956536	0.67	0.00005382925781
6.116394485	0.67	0.00004424293142
6.449056555	0.67	0.00003635846252
6.798774574	0.67	0.00002987404076
7.166423019	0.67	0.00002454166068
7.552921204	0.67	0.00002015732881
7.959235573	0.67	0.0000165531508
8.386382126	0.67	0.00001359089642
8.835428952	0.67	0.00001115674223
9.3074989	0.67	9.156961813e-6
9.803772392	0.67	7.514384818e-6
10.32549037	0.67	6.165482852e-6
10.8739574	0.67	5.057968891e-6
11.45054494	0.67	4.148818433e-6
12.05669475	0.67	3.402637748e-6
12.69392253	0.67	2.790318217e-6
13.36382167	0.67	2.287926612e-6
14.06806728	0.67	1.87579012e-6
14.80842033	0.67	1.537742077e-6
15.5867321	0.67	1.260500379e-6
16.40494876	0.67	1.033155382e-6
3.518907356	0.68	0.0003289400961
3.720677101	0.68	0.0002686887219
3.932791802	0.68	0.0002199192565
4.155781856	0.68	0.0001802428941
4.390204854	0.68	0.0001478525671
4.636646977	0.68	0.0001213483323
4.895724458	0.68	0.00009962646646
5.168085125	0.68	0.00008180564529
5.454410022	0.68	0.00006717567002
5.75541511	0.68	0.00005516050263
6.07185306	0.68	0.00004529076753
6.40451513	0.68	0.00003718276675
6.754233149	0.68	0.0000305221406
7.121881594	0.68	0.00002505094723
7.508379778	0.68	0.00002055732579
7.914694148	0.68	0.0000168671549
8.341840701	0.68	0.00001383727836
8.790887526	0.68	0.00001134997845
9.262957475	0.68	9.3084524e-6
9.759230967	0.68	7.633101375e-6
10.28094894	0.68	6.258481425e-6
10.82941598	0.68	5.130795661e-6
11.40600351	0.68	4.205830331e-6
12.01215332	0.68	3.447255643e-6
12.6493811	0.68	2.825226675e-6
13.31928025	0.68	2.315231392e-6
14.02352585	0.68	1.897142237e-6
14.76387891	0.68	1.554435476e-6
15.54219067	0.68	1.273548772e-6
16.36040733	0.68	1.043352658e-6
3.473924808	0.69	0.0003409704805
3.675694553	0.69	0.0002781129893
3.887809254	0.69	0.0002273235363
4.110799308	0.69	0.0001860692639
4.345222307	0.69	0.0001524406261
4.591664429	0.69	0.0001249620095
4.85074191	0.69	0.000102472364
5.123102577	0.69	0.00008404619013
5.409427474	0.69	0.00006893887322
5.710432563	0.69	0.00005654737948
6.026870512	0.69	0.0000463810708
6.359532582	0.69	0.00003803946357
6.709250601	0.69	0.00003119493145
7.076899047	0.69	0.00002557904289
7.463397231	0.69	0.00002097164367
7.869711601	0.69	0.00001719205782
8.296858154	0.69	0.0000140919517
8.745904979	0.69	0.00001154952058
9.217974927	0.69	9.464737732e-6
9.714248419	0.69	7.755463042e-6
10.2359664	0.69	6.354250818e-6
10.78443343	0.69	5.205728542e-6
11.36102096	0.69	4.264443085e-6
11.96717078	0.69	3.493090402e-6
12.60439855	0.69	2.861060192e-6
13.2742977	0.69	2.343239488e-6
13.97854331	0.69	1.919029169e-6
14.71889636	0.69	1.57153564e-6
15.49720812	0.69	1.286906612e-6
16.31542479	0.69	1.053785404e-6
3.428479166	0.7	0.0003536618835
3.63024891	0.7	0.0002880417885
3.842363611	0.7	0.0002351141363
4.065353665	0.7	0.0001921917482
4.299776664	0.7	0.0001572556398
4.546218787	0.7	0.0001287495244
4.805296267	0.7	0.0001054512965
5.077656934	0.7	0.00008638844562
5.363981832	0.7	0.00007077976348
5.66498692	0.7	0.00005799354001
5.981424869	0.7	0.00004751657618
6.314086939	0.7	0.0000389305999
6.663804959	0.7	0.00003189394449
7.031453404	0.7	0.00002612709271
7.417951588	0.7	0.00002140113859
7.824265958	0.7	0.0000175284997
8.251412511	0.7	0.00001435539514
8.700459336	0.7	0.00001175572666
9.172529284	0.7	9.626085724e-6
9.668802776	0.7	7.881670378e-6
10.19052075	0.7	6.452941245e-6
10.73898779	0.7	5.282880114e-6
11.31557532	0.7	4.324741128e-6
11.92172513	0.7	3.540205392e-6
12.55895291	0.7	2.897866363e-6
13.22885206	0.7	2.371986681e-6
13.93309766	0.7	1.941477837e-6
14.67345072	0.7	1.589062842e-6
15.45176248	0.7	1.300589176e-6
16.26997914	0.7	1.06446515e-6
3.382546577	0.71	0.0003670651849
3.584316321	0.71	0.0002985136581
3.796431022	0.71	0.0002433202821
4.019421076	0.71	0.0001986324798
4.253844075	0.71	0.0001623143333
4.500286198	0.71	0.0001327234869
4.759363678	0.71	0.0001085727509
5.031724345	0.71	0.00008883953634
5.318049243	0.71	0.0000727036832
5.619054331	0.71	0.00005950298539
5.93549228	0.71	0.00004870027755
6.26815435	0.71	0.00003985841437
6.61787237	0.71	0.00003262085282
6.985520815	0.71	0.00002669634678
7.372018999	0.71	0.00002184674451
7.778333369	0.71	0.0000178771783
8.205479922	0.71	0.00001462813008
8.654526747	0.71	0.00001196898644
9.126596695	0.71	9.792787828e-6
9.622870187	0.71	8.01194144e-6
10.14458817	0.71	6.554715949e-6
10.6930552	0.71	5.362372664e-6
11.26964273	0.71	4.38681613e-6
11.87579254	0.71	3.588669388e-6
12.51302032	0.71	2.935696828e-6
13.18291947	0.71	2.401511778e-6
13.88716507	0.71	1.964517432e-6
14.62751813	0.71	1.60703906e-6
15.40582989	0.71	1.31461303e-6
16.22404655	0.71	1.075404388e-6
3.33610108	0.72	0.0003812364658
3.537870825	0.72	0.0003095711246
3.749985525	0.72	0.0002519742388
3.972975579	0.72	0.0002054158931
4.207398578	0.72	0.0001676351633
4.453840701	0.72	0.0001368978031
4.712918182	0.72	0.000111847181
4.985278849	0.72	0.00009140730584
5.271603746	0.72	0.0000747165083
5.572608834	0.72	0.00006108011215
5.889046784	0.72	0.00004993546143
6.221708854	0.72	0.00004082536211
6.571426873	0.72	0.0000333774897
6.939075318	0.72	0.00002728817368
7.325573502	0.72	0.00002230948302
7.731887872	0.72	0.00001823885632
8.159034425	0.72	0.00001491072605
8.60808125	0.72	0.00001218972535
9.080151198	0.72	9.965161979e-6
9.57642469	0.72	8.146513965e-6
10.09814267	0.72	6.659752809e-6
10.6466097	0.72	5.44433938e-6
11.22319724	0.72	4.450767895e-6
11.82934705	0.72	3.638557239e-6
12.46657483	0.72	2.97460777e-6
13.13647397	0.72	2.43185699e-6
13.84071958	0.72	1.988179696e-6
14.58107263	0.72	1.625488186e-6
15.35938439	0.72	1.328996173e-6
16.17760106	0.72	1.086616697e-6
3.289114333	0.73	0.0003962376856
3.490884078	0.73	0.0003212612384
3.702998778	0.73	0.0002611117274
3.925988832	0.73	0.0002125690413
4.160411831	0.73	0.000173238558
4.406853954	0.73	0.0001412878547
4.665931435	0.73	0.0001152861406
4.938292102	0.73	0.00009410041516
5.224616999	0.73	0.00007682472094
5.525622087	0.73	0.00006272976566
5.842060037	0.73	0.00005122574639
6.174722107	0.73	0.00004183414374
6.524440126	0.73	0.00003416586986
6.892088571	0.73	0.00002790407613
7.278586755	0.73	0.00002279047497
7.684901125	0.73	0.00001861436985
8.112047678	0.73	0.00001520380694
8.561094503	0.73	0.00001241840912
9.033164451	0.73	0.00001014355602
9.529437943	0.73	8.285647901e-6
10.05115592	0.73	6.768246228e-6
10.59962295	0.73	5.528925755e-6
11.17621049	0.73	4.516705401e-6
11.7823603	0.73	3.689950644e-6
12.41958808	0.73	3.014660492e-6
13.08948722	0.73	2.463068359e-6
13.79373283	0.73	2.012499245e-6
14.53408588	0.73	1.64443627e-6
15.31239765	0.73	1.343758232e-6
16.13061431	0.73	1.098116874e-6
3.241555296	0.74	0.0004121374675
3.443325041	0.74	0.0003336362018
3.655439742	0.74	0.0002707724146
3.878429796	0.74	0.0002201219711
4.112852795	0.74	0.0001791471986
4.359294917	0.74	0.0001459107102
4.618372398	0.74	0.0001189024403
4.890733065	0.74	0.00009692845897
5.177057962	0.74	0.00007903549514
5.478063051	0.74	0.00006445730324
5.794501	0.74	0.00005257512941
6.12716307	0.74	0.00004288773946
6.476881089	0.74	0.00003498821453
6.844529535	0.74	0.00002854570944
7.231027719	0.74	0.00002329095395
7.637342089	0.74	0.00001900463842
8.064488642	0.74	0.00001550805837
8.513535467	0.74	0.0000126555492
8.985605415	0.74	0.00001032835171
9.481878907	0.74	8.42962839e-6
10.00359689	0.74	6.880409334e-6
10.55206392	0.74	5.616291223e-6
11.12865145	0.74	4.584748018e-6
11.73480126	0.74	3.742939057e-6
12.37202904	0.74	3.055922095e-6
13.04192819	0.74	2.495196269e-6
13.74617379	0.74	2.037513948e-6
14.48652685	0.74	1.663911807e-6
15.26483861	0.74	1.358920666e-6
16.08305527	0.74	1.109921101e-6
3.193389862	0.75	0.0004290120139
3.395159607	0.75	0.0003467541059
3.607274307	0.75	0.0002810004896
3.830264361	0.75	0.000228108165
4.06468736	0.75	0.0001853863552
4.311129483	0.75	0.0001507853749
4.570206964	0.75	0.0001227103338
4.842567631	0.75	0.000099902103
5.128892528	0.75	0.00008135679814
5.429897616	0.75	0.00006626866869
5.746335566	0.75	0.00005398804065
6.078997636	0.75	0.00004398944926
6.428715655	0.75	0.00003584698102
6.7963641	0.75	0.00002921490321
7.182862284	0.75	0.00002381228231
7.589176654	0.75	0.0000194106767
8.016323207	0.75	0.00001582423638
8.465370032	0.75	0.00001290170922
8.93743998	0.75	0.00001051996946
9.433713472	0.75	8.578769261e-6
9.95543145	0.75	6.996476582e-6
10.50389848	0.75	5.706611088e-6
11.08048602	0.75	4.655026943e-6
11.68663583	0.75	3.797620761e-6
12.32386361	0.75	3.098466279e-6
12.99376275	0.75	2.528296043e-6
13.69800836	0.75	2.063265375e-6
14.43836141	0.75	1.683946066e-6
15.21667318	0.75	1.374507024e-6
16.03488984	0.75	1.12204713e-6
3.14458041	0.76	0.0004469461749
3.346350155	0.76	0.0003606798021
3.558464856	0.76	0.0002918453498
3.78145491	0.76	0.0002365650689
4.015877908	0.76	0.0001919842841
4.262320031	0.76	0.0001559330898
4.521397512	0.76	0.0001267257391
4.793758179	0.76	0.000103033248
5.080083076	0.76	0.00008379751119
5.381088164	0.76	0.00006817048111
5.697526114	0.76	0.00005546940874
6.030188184	0.76	0.00004514294087
6.379906203	0.76	0.00003674489789
6.747554648	0.76	0.00002991368718
7.134052832	0.76	0.00002435597015
7.540367202	0.76	0.00001983360851
7.967513755	0.76	0.0000161531777
8.41656058	0.76	0.0000131575125
8.888630529	0.76	0.00001071887396
9.384904021	0.76	8.73341719e-6
9.906621999	0.76	7.116706826e-6
10.45508903	0.76	5.800078807e-6
11.03167657	0.76	4.727686899e-6
11.63782638	0.76	3.854104131e-6
12.27505416	0.76	3.142374284e-6
12.9449533	0.76	2.562428643e-6
13.64919891	0.76	2.089799326e-6
14.38955196	0.76	1.704573491e-6
15.16786372	0.76	1.390543239e-6
15.98608039	0.76	1.134514509e-6
3.095085285	0.77	0.0004660347043
3.29685503	0.77	0.0003754859361
3.508969731	0.77	0.0003033624201
3.731959785	0.77	0.0002455347229
3.966382784	0.77	0.0001989727076
4.212824906	0.77	0.0001613776895
4.471902387	0.77	0.0001309665051
4.744263054	0.77	0.0001063352265
5.030587951	0.77	0.0000863675744
5.33159304	0.77	0.00007017014139
5.648030989	0.77	0.00005702473889
5.980693059	0.77	0.00004635230705
6.330411078	0.77	0.00003768500702
6.698059523	0.77	0.00003064432211
7.084557708	0.77	0.00002492369799
7.490872077	0.77	0.00002027468351
7.918018631	0.77	0.00001649581204
8.367065456	0.77	0.00001342365117
8.839135404	0.77	0.00001092558085
9.335408896	0.77	8.893956645e-6
9.857126874	0.77	7.241386992e-6
10.4055939	0.77	5.896908719e-6
10.98218144	0.77	4.80288816e-6
11.58833125	0.77	3.912509141e-6
12.22555903	0.77	3.187736015e-6
12.89545817	0.77	2.59766152e-6
13.59970378	0.77	2.117166459e-6
14.34005683	0.77	1.725832175e-6
15.1183686	0.77	1.407057986e-6
15.93658526	0.77	1.147344847e-6
3.044858164	0.78	0.0004863837388
3.246627909	0.78	0.0003912541832
3.45874261	0.78	0.0003156141373
3.681732664	0.78	0.0002550645235
3.916155663	0.78	0.0002063873905
4.162597786	0.78	0.0001671460351
4.421675266	0.78	0.0001354527329
4.694035933	0.78	0.0001098230402
4.98036083	0.78	0.00008907816174
5.281365919	0.78	0.00007227596074
5.597803868	0.78	0.00005866020723
5.930465938	0.78	0.0000476221348
6.280183957	0.78	0.00003867071433
6.647832403	0.78	0.000031409337
7.034330587	0.78	0.00002551734412
7.440644957	0.78	0.00002073529727
7.86779151	0.78	0.00001685317691
8.316838335	0.78	0.00001370089707
8.788908283	0.78	0.00001114066478
9.285181775	0.78	9.060815848e-6
9.806899753	0.78	7.370836489e-6
10.35536678	0.78	5.997339311e-6
10.93195432	0.78	4.880808987e-6
11.53810413	0.78	3.97296918e-6
12.17533191	0.78	3.234651399e-6
12.84523105	0.78	2.634069616e-6
13.54947666	0.78	2.145423046e-6
14.28982971	0.78	1.747764419e-6
15.06814148	0.78	1.424083103e-6
15.88635814	0.78	1.160562136e-6
2.993847293	0.79	0.0005081125489
3.195617037	0.79	0.0004080767342
3.407731738	0.79	0.000328671143
3.630721792	0.79	0.0002652081492
3.865144791	0.79	0.0002142688449
4.111586914	0.79	0.0001732685418
4.370664394	0.79	0.0001402071679
4.643025061	0.79	0.0001135136499
4.929349958	0.79	0.00009194189409
5.230355047	0.79	0.0000744973171
5.546792996	0.79	0.00006038277548
5.879455066	0.79	0.00004895758939
6.229173085	0.79	0.00003970585139
6.596821531	0.79	0.00003221157424
6.983319715	0.79	0.00002613901773
7.389634085	0.79	0.00002121701565
7.816780638	0.79	0.00001722643551
8.265827463	0.79	0.00001399011495
8.737897411	0.79	0.00001136476915
9.234170903	0.79	9.234473975e-6
9.755888881	0.79	7.505412547e-6
10.30435591	0.79	6.101637186e-6
10.88094345	0.79	4.961648568e-6
11.48709326	0.79	4.035633242e-6
12.12432104	0.79	3.283232015e-6
12.79422018	0.79	2.671736593e-6
13.49846579	0.79	2.174631891e-6
14.23881884	0.79	1.770417427e-6
15.01713061	0.79	1.441654111e-6
15.83534727	0.79	1.174193137e-6
2.94199455	0.8	0.0005313556209
3.143764295	0.8	0.0004260580923
3.355878996	0.8	0.0003426137392
3.57886905	0.8	0.000276026695
3.813292048	0.8	0.0002226631932
4.059734171	0.8	0.0001797798268
4.318811652	0.8	0.0001452556815
4.591172319	0.8	0.0001174263307
4.877497216	0.8	0.00009497310082
5.178502304	0.8	0.00007684484711
5.494940254	0.8	0.00006220033162
5.827602324	0.8	0.00005036451735
6.177320343	0.8	0.00004079475087
6.544968788	0.8	0.00003305424498
6.931466972	0.8	0.00002679109953
7.337781342	0.8	0.00002172160461
7.764927895	0.8	0.00001761689869
8.21397472	0.8	0.00001429227859
8.686044669	0.8	0.00001159861805
9.182318161	0.8	9.41546997e-6
9.704036139	0.8	7.645516736e-6
10.25250317	0.8	6.210101896e-6
10.82909071	0.8	5.045630616e-6
11.43524052	0.8	4.100668602e-6
12.0724683	0.8	3.333603092e-6
12.74236744	0.8	2.710756318e-6
13.44661305	0.8	2.204863443e-6
14.1869661	0.8	1.793844138e-6
14.96527786	0.8	1.459810841e-6
15.78349453	0.8	1.188267856e-6
2.889234305	0.81	0.0005562651432
3.09100405	0.81	0.0004453172662
3.30311875	0.81	0.0003575336792
3.526108805	0.81	0.0002875900748
3.760531803	0.81	0.0002316232385
4.006973926	0.81	0.0001867195132
4.266051407	0.81	0.000150627868
4.538412074	0.81	0.0001215831133
4.824736971	0.81	0.0000981881441
5.125742059	0.81	0.00007933068391
5.442180009	0.81	0.00006412186406
5.774842079	0.81	0.00005184957401
6.124560098	0.81	0.00004194233987
6.492208543	0.81	0.00003394099741
6.878706727	0.81	0.00002747629182
7.285021097	0.81	0.00002225106697
7.71216765	0.81	0.00001802605195
8.161214475	0.81	0.00001460849077
8.633284423	0.81	0.00001184303092
9.129557915	0.81	9.604413394e-6
9.651275893	0.81	7.791603004e-6
10.19974292	0.81	6.323071902e-6
10.77633046	0.81	5.133007794e-6
11.38248027	0.81	4.168264113e-6
12.01970805	0.81	3.385905965e-6
12.68960719	0.81	2.751234702e-6
13.3938528	0.81	2.236197169e-6
14.13420585	0.81	1.818104253e-6
14.91251762	0.81	1.478598203e-6
15.73073428	0.81	1.202820119e-6
2.835491984	0.82	0.0005830139882
3.037261729	0.82	0.0004659904633
3.24937643	0.82	0.0003735363939
3.472366484	0.82	0.0002999787721
3.706789483	0.82	0.0002412098033
3.953231605	0.82	0.000194133236
4.212309086	0.82	0.0001563577932
4.484669753	0.82	0.0001260093366
4.77099465	0.82	0.0001016058248
5.071999739	0.82	0.00008196875469
5.388437688	0.82	0.00006615767941
5.721099758	0.82	0.00005342038277
6.070817777	0.82	0.00004315425648
6.438466223	0.82	0.00003487600212
6.824964407	0.82	0.00002819768104
7.231278777	0.82	0.00002280768829
7.65842533	0.82	0.00001845558917
8.107472155	0.82	0.00001494000805
8.579542103	0.82	0.00001209894087
9.075815595	0.82	9.801997938e-6
9.597533573	0.82	7.944187674e-6
10.1460006	0.82	6.440931987e-6
10.72258814	0.82	5.224067225e-6
11.32873795	0.82	4.238634301e-6
11.96596573	0.82	3.440301135e-6
12.63586487	0.82	2.793291984e-6
13.34011048	0.82	2.268723265e-6
14.08046353	0.82	1.843265523e-6
14.8587753	0.82	1.498067153e-6
15.67699196	0.82	1.217888301e-6
2.780682278	0.83	0.0006117993042
2.982452023	0.83	0.0004882344317
3.194566723	0.83	0.0003907437839
3.417556778	0.83	0.0003132860499
3.651979776	0.83	0.0002514934244
3.898421899	0.83	0.0002020739172
4.15749938	0.83	0.0001624849423
4.429860047	0.83	0.0001307343467
4.716184944	0.83	0.0001052478965
5.017190032	0.83	0.00008477515725
5.333627982	0.83	0.00006831967789
5.666290052	0.83	0.00005508573645
6.016008071	0.83	0.00004443699696
6.383656516	0.83	0.00003586405981
6.7701547	0.83	0.00002895881663
7.17646907	0.83	0.00002339409478
7.603615623	0.83	0.00001890745512
8.052662448	0.83	0.00001528827202
8.524732396	0.83	0.0000123674177
9.021005888	0.83	0.00001000901844
9.542723867	0.83	8.103862038e-6
10.0911909	0.83	6.564122591e-6
10.66777843	0.83	5.319137422e-6
11.27392825	0.83	4.312024528e-6
11.91115602	0.83	3.496972108e-6
12.58105517	0.83	2.837065597e-6
13.28530078	0.83	2.302544801e-6
14.02565383	0.83	1.869405351e-6
14.80396559	0.83	1.518275898e-6
15.62218225	0.83	1.233516231e-6
2.724706849	0.84	0.0006428468584
2.926476594	0.84	0.0005122306425
3.138591294	0.84	0.0004092977649
3.361581349	0.84	0.0003276207721
3.596004347	0.84	0.0002625565222
3.84244647	0.84	0.0002106034009
4.101523951	0.84	0.0001690554363
4.373884618	0.84	0.0001357923952
4.660209515	0.84	0.0001091397249
4.961214603	0.84	0.00008776864254
5.277652553	0.84	0.00007062170607
5.610314623	0.84	0.00005685585496
5.960032642	0.84	0.00004579810406
6.327681087	0.84	0.00003691073895
6.714179271	0.84	0.00002976381184
7.120493641	0.84	0.00002401332708
7.547640194	0.84	0.00001938389967
7.996687019	0.84	0.00001565494921
8.468756968	0.84	0.0000126496973
8.96503046	0.84	0.0000102263926
9.486748438	0.84	8.271308398e-6
10.03521547	0.84	6.693151701e-6
10.61180301	0.84	5.418597114e-6
11.21795282	0.84	4.388717555e-6
11.85518059	0.84	3.556130297e-6
12.52507974	0.84	2.882713831e-6
13.22932535	0.84	2.337780459e-6
13.9696784	0.84	1.896612848e-6
14.74799016	0.84	1.539291437e-6
15.56620683	0.84	1.249754351e-6
2.667451381	0.85	0.0006764163057
2.869221126	0.85	0.0005381905817
3.081335827	0.85	0.0004293648234
3.304325881	0.85	0.000343111056
3.53874888	0.85	0.0002744962189
3.785191002	0.85	0.0002197945789
4.044268483	0.85	0.0001761236136
4.31662915	0.85	0.0001412238063
4.602954047	0.85	0.000113311144
4.903959136	0.85	0.00009097124149
5.220397085	0.85	0.00007308001478
5.553059155	0.85	0.00005874271963
5.902777174	0.85	0.00004724641107
6.270425619	0.85	0.00003802255413
6.656923804	0.85	0.00003061747418
7.063238173	0.85	0.0000246689359
7.490384726	0.85	0.00001988754795
7.939431552	0.85	0.00001604198266
8.4115015	0.85	0.00001294721964
8.907774992	0.85	0.00001045518895
9.42949297	0.85	8.447320796e-6
9.977960001	0.85	6.828610207e-6
10.55454754	0.85	5.522886654e-6
11.16069735	0.85	4.469042029e-6
11.79792513	0.85	3.618021336e-6
12.46782427	0.85	2.930420548e-6
13.17206988	0.85	2.374568062e-6
13.91242293	0.85	1.924991473e-6
14.6907347	0.85	1.561191545e-6
15.50895136	0.85	1.26666121e-6
2.608781707	0.86	0.0007128075908
2.810551451	0.86	0.0005663625243
3.022666152	0.86	0.0004511419554
3.245656206	0.86	0.0003599090703
3.480079205	0.86	0.0002874280531
3.726521328	0.86	0.0002297341976
3.985598808	0.86	0.0001837541204
4.257959475	0.86	0.0001470765183
4.544284373	0.86	0.0001177975877
4.845289461	0.86	0.00009440909223
5.16172741	0.86	0.00007571386291
5.49438948	0.86	0.0000607605137
5.8441075	0.86	0.00004879236333
6.211755945	0.86	0.00003920720086
6.598254129	0.86	0.00003152547707
7.004568499	0.86	0.00002536510773
7.431715052	0.86	0.00002042149252
7.880761877	0.86	0.00001645165965
8.352831825	0.86	0.00001326167862
8.849105317	0.86	0.00001069666374
9.370823295	0.86	8.632832216e-6
9.919290326	0.86	6.971192053e-6
10.49587786	0.86	5.632522968e-6
11.10202767	0.86	4.553383599e-6
11.73925545	0.86	3.682933373e-6
12.4091546	0.86	2.980401369e-6
13.1134002	0.86	2.413069202e-6
13.85375326	0.86	1.954662506e-6
14.63206502	0.86	1.584067376e-6
15.45028168	0.86	1.284305417e-6
2.54853864	0.87	0.0007523687243
2.750308385	0.87	0.0005970403176
2.962423086	0.87	0.0004748645318
3.18541314	0.87	0.0003781974454
3.419836138	0.87	0.0003014909634
3.666278261	0.87	0.0002405266303
3.925355742	0.87	0.0001920247205
4.197716409	0.87	0.0001534081571
4.484041306	0.87	0.0001226416099
4.785046394	0.87	0.00009811355076
5.101484344	0.87	0.00007854632764
5.434146414	0.87	0.000062926213
5.783864433	0.87	0.00005044844893
6.151512878	0.87	0.00004047386987
6.538011062	0.87	0.00003249458956
6.944325432	0.87	0.00002610683288
7.371471985	0.87	0.00002098941666
7.82051881	0.87	0.00001688670224
8.292588759	0.87	0.00001359508875
8.788862251	0.87	0.00001095230998
9.310580229	0.87	8.828950894e-6
9.859047259	0.87	7.121721127e-6
10.4356348	0.87	5.748119513e-6
11.04178461	0.87	4.642199754e-6
11.67901239	0.87	3.751208122e-6
12.34891153	0.87	3.032911928e-6
13.05315714	0.87	2.45347541e-6
13.79351019	0.87	1.985769666e-6
14.57182195	0.87	1.608026935e-6
15.39003862	0.87	1.302768253e-6
2.486530953	0.88	0.0007955051815
2.688300698	0.88	0.0006305749364
2.900415398	0.88	0.000500816903
3.123405453	0.88	0.0003981980051
3.357828451	0.88	0.0003168541063
3.604270574	0.88	0.0002522990472
3.863348055	0.88	0.0002010301486
4.135708722	0.88	0.0001602888778
4.422033619	0.88	0.0001278949673
4.723038707	0.88	0.0001021227124
5.039476657	0.88	0.00008160541355
5.372138727	0.88	0.00006526039396
5.721856746	0.88	0.00005222978744
6.089505191	0.88	0.00004183367651
6.476003375	0.88	0.00003353298989
6.882317745	0.88	0.00002690013489
7.309464298	0.88	0.00002159576236
7.758511123	0.88	0.00001735039063
8.230581072	0.88	0.00001394987586
8.726854564	0.88	0.00001122392446
9.248572542	0.88	9.037009771e-6
9.797039572	0.88	7.281187871e-6
10.37362711	0.88	5.870413439e-6
10.97977692	0.88	4.736040023e-6
11.6170047	0.88	3.823255904e-6
12.28690384	0.88	3.088259095e-6
12.99114945	0.88	2.496016551e-6
13.7315025	0.88	2.018485403e-6
14.50981427	0.88	1.633199794e-6
15.32803093	0.88	1.322147218e-6
2.422525597	0.89	0.0008426911197
2.624295342	0.89	0.0006673899322
2.836410043	0.89	0.0005293470001
3.059400097	0.89	0.000420183925
3.293823095	0.89	0.0003337263972
3.540265218	0.89	0.0002652086662
3.799342699	0.89	0.0002108875183
4.071703366	0.89	0.0001678053538
4.358028263	0.89	0.0001336215416
4.659033351	0.89	0.0001064835442
4.975471301	0.89	0.00008492560572
5.308133371	0.89	0.00006778836416
5.65785139	0.89	0.00005415495324
6.025499835	0.89	0.00004330026081
6.411998019	0.89	0.00003465070337
6.818312389	0.89	0.00002775239066
7.245458942	0.89	0.00002224596489
7.694505767	0.89	0.0000178467353
8.166575716	0.89	0.00001432900371
8.662849208	0.89	0.00001151370096
9.184567186	0.89	9.258635376e-6
9.733034216	0.89	7.450800273e-6
10.30962175	0.89	6.000303405e-6
10.91577157	0.89	4.835574076e-6
11.55299934	0.89	3.899576587e-6
12.22289849	0.89	3.146816606e-6
12.92714409	0.89	2.540972509e-6
13.66749715	0.89	2.053019652e-6
14.44580891	0.89	1.659743661e-6
15.26402557	0.89	1.342560968e-6
2.356233737	0.9	0.0008944823769
2.558003482	0.9	0.0007080024702
2.770118183	0.9	0.0005608869243
2.993108237	0.9	0.0004444971029
3.227531236	0.9	0.0003523702185
3.473973358	0.9	0.0002794531932
3.733050839	0.9	0.0002217441147
4.005411506	0.9	0.0001760665226
4.291736403	0.9	0.0001399015473
4.592741492	0.9	0.0001112549534
4.909179441	0.9	0.00008855010323
5.241841511	0.9	0.00007054178704
5.59155953	0.9	0.00005624715761
5.959207975	0.9	0.00004489064842
6.34570616	0.9	0.00003586023041
6.752020529	0.9	0.00002867278923
7.179167083	0.9	0.00002294678857
7.628213908	0.9	0.00001838072334
8.100283856	0.9	0.00001473615511
8.596557348	0.9	0.00001182436369
9.118275326	0.9	9.495846357e-6
9.666742357	0.9	7.632056771e-6
10.24332989	0.9	6.138903655e-6
10.84947971	0.9	4.941631911e-6
11.48670748	0.9	3.980789505e-6
12.15660663	0.9	3.209047385e-6
12.86085223	0.9	2.588689874e-6
13.60120529	0.9	2.089632326e-6
14.37951705	0.9	1.687853763e-6
15.19773371	0.9	1.364156364e-6
2.287290176	0.91	0.0009515305583
2.489059921	0.91	0.0007530525751
2.701174622	0.91	0.0005959828157
2.924164676	0.91	0.0004715737385
3.158587675	0.91	0.0003731217302
3.405029797	0.91	0.0002952863321
3.664107278	0.91	0.0002337889793
3.936467945	0.91	0.0001852121287
4.222792842	0.91	0.0001468377828
4.523797931	0.91	0.0001165123433
4.84023588	0.91	0.00009253413254
5.17289795	0.91	0.00007356108997
5.522615969	0.91	0.00005853599962
5.890264414	0.91	0.00004662652498
6.276762599	0.91	0.00003717747534
6.683076968	0.91	0.00002967301005
7.110223522	0.91	0.00002370682309
7.559270347	0.91	0.00001895868231
8.031340295	0.91	0.00001517599925
8.527613787	0.91	0.00001215936424
9.049331765	0.91	9.751198839e-6
9.597798796	0.91	7.826853788e-6
10.17438633	0.91	6.287623732e-6
10.78053614	0.91	5.055263088e-6
11.41776392	0.91	4.067677556e-6
12.08766307	0.91	3.275536445e-6
12.79190867	0.91	2.63960654e-6
13.53226173	0.91	2.128651743e-6
14.31057349	0.91	1.717776657e-6
15.12879015	0.91	1.387118859e-6
2.215221903	0.92	0.001014595736
2.416991648	0.92	0.0008033447598
2.629106348	0.92	0.0006353396669
2.852096403	0.92	0.0005019833836
3.086519401	0.92	0.0003964220969
3.332961524	0.92	0.0003130416968
3.592039005	0.92	0.0002472707863
3.864399672	0.92	0.0001954259041
4.150724569	0.92	0.0001545652717
4.451729657	0.92	0.0001223546342
4.768167607	0.92	0.00009695004885
5.100829677	0.92	0.00007689916906
5.450547696	0.92	0.00006106015763
5.818196141	0.92	0.00004853619352
6.204694325	0.92	0.0000386231722
6.611008695	0.92	0.00003076826351
7.038155248	0.92	0.00002453724437
7.487202073	0.92	0.00001958883793
7.959272021	0.92	0.00001565460135
8.455545513	0.92	0.00001252318314
8.977263491	0.92	0.00001002800894
9.525730522	0.92	8.037650302e-6
10.10231806	0.92	6.448290469e-6
10.70846787	0.92	5.177827336e-6
11.34569565	0.92	4.161254665e-6
12.01559479	0.92	3.347041205e-6
12.7198404	0.92	2.694289307e-6
13.46019345	0.92	2.170502781e-6
14.23850522	0.92	1.749831366e-6
15.05672188	0.92	1.411688375e-6
2.13939782	0.93	0.001084550617
2.341167565	0.93	0.0008599088963
2.553282266	0.93	0.0006798913719
2.77627232	0.93	0.0005364912337
3.010695319	0.93	0.0004228676938
3.257137441	0.93	0.0003331713766
3.516214922	0.93	0.0002625267017
3.788575589	0.93	0.0002069568443
4.074900486	0.93	0.0001632668157
4.375905575	0.93	0.0001289155797
4.692343524	0.93	0.0001018955529
5.025005594	0.93	0.00008062735105
5.374723613	0.93	0.00006387171706
5.742372058	0.93	0.00005065771967
6.128870243	0.93	0.0000402251742
6.535184612	0.93	0.00003197896056
6.962331166	0.93	0.00002545303488
7.411377991	0.93	0.0000202822079
7.883447939	0.93	0.00001618007896
8.379721431	0.93	0.00001292181284
8.901439409	0.93	0.00001033070906
9.44990644	0.93	8.267731276e-6
10.02649398	0.93	6.623343197e-6
10.63264379	0.93	5.311139539e-6
11.26987157	0.93	4.262873674e-6
11.93977071	0.93	3.424571964e-6
12.64401632	0.93	2.753494019e-6
13.38436937	0.93	2.215751908e-6
14.16268113	0.93	1.784443145e-6
14.9808978	0.93	1.438184681e-6
2.0589438	0.94	0.00116235631
2.260713545	0.94	0.0009240919591
2.472828246	0.94	0.0007309159352
2.6958183	0.94	0.0005761630645
2.930241298	0.94	0.0004532954507
3.176683421	0.94	0.0003563117205
3.435760902	0.94	0.0002800316622
3.708121569	0.94	0.0002201555373
3.994446466	0.94	0.000173199536
4.295451555	0.94	0.0001363830642
4.611889504	0.94	0.0001075076886
4.944551574	0.94	0.00008484554093
5.294269593	0.94	0.00006704353035
5.661918038	0.94	0.00005304427612
6.048416223	0.94	0.00004202234113
6.454730592	0.94	0.00003333354613
6.881877145	0.94	0.00002647505324
7.330923971	0.94	0.00002105411722
7.802993919	0.94	0.00001676371397
8.299267411	0.94	0.00001336357576
8.820985389	0.94	0.00001066545112
9.36945242	0.94	8.521653525e-6
9.946039956	0.94	6.816164062e-6
10.55218977	0.94	5.457714989e-6
11.18941755	0.94	4.374408852e-6
11.85931669	0.94	3.509527986e-6
12.5635623	0.94	2.818267251e-6
13.30391535	0.94	2.265183303e-6
14.08222711	0.94	1.822200585e-6
14.90044378	0.94	1.467050298e-6
1.972588574	0.95	0.00124895288
2.174358318	0.95	0.0009977009173
2.386473019	0.95	0.0007902376909
2.609463073	0.95	0.0006225548041
2.843886072	0.95	0.000488938632
3.090328195	0.95	0.0003834038857
3.349405675	0.95	0.0003004887869
3.621766342	0.95	0.0002355408134
3.90809124	0.95	0.0001847435381
4.209096328	0.95	0.0001450344537
4.525534277	0.95	0.0001139884622
4.858196347	0.95	0.00008970077678
5.207914366	0.95	0.00007068266255
5.575562812	0.95	0.00005577389822
5.962060996	0.95	0.00004407163013
6.368375366	0.95	0.00003487366356
6.795521919	0.95	0.00002763380436
7.244568744	0.95	0.00002192695687
7.716638692	0.95	0.00001742197626
8.212912184	0.95	0.00001386061236
8.734630162	0.95	0.00001104120345
9.283097193	0.95	8.806056201e-6
9.85968473	0.95	7.031678289e-6
10.46583454	0.95	5.621214974e-6
11.10306232	0.95	4.498587379e-6
11.77296146	0.95	3.603944638e-6
12.47720707	0.95	2.890130925e-6
13.21756012	0.95	2.319937053e-6
13.99587189	0.95	1.863959243e-6
14.81408855	0.95	1.498928357e-6
1.878356425	0.96	0.001344889228
2.080126169	0.96	0.001083232161
2.29224087	0.96	0.0008606142913
2.515230924	0.96	0.0006780883682
2.749653923	0.96	0.0005317394368
2.996096046	0.96	0.0004159368307
3.255173526	0.96	0.0003250118769
3.527534193	0.96	0.0002539342814
3.81385909	0.96	0.0001985000801
4.114864179	0.96	0.0001553078429
4.431302128	0.96	0.0001216564245
4.763964198	0.96	0.00009542455172
5.113682217	0.96	0.00007495741059
5.481330663	0.96	0.00005896907077
5.867828847	0.96	0.00004646232059
6.274143217	0.96	0.00003666450779
6.70128977	0.96	0.00002897699223
7.150336595	0.96	0.00002293570748
7.622406543	0.96	0.00001818057335
8.118680035	0.96	0.00001443185766
8.640398013	0.96	0.00001147194397
9.188865044	0.96	9.131280755e-6
9.765452581	0.96	7.277553596e-6
10.37160239	0.96	5.807336873e-6
11.00883017	0.96	4.639651382e-6
11.67872931	0.96	3.710986848e-6
12.38297492	0.96	2.971450895e-6
13.12332797	0.96	2.381785001e-6
13.90163974	0.96	1.911048488e-6
14.7198564	0.96	1.534817979e-6
1.772867231	0.97	0.001449072188
1.974636975	0.97	0.001184241638
2.186751676	0.97	0.0009465727826
2.40974173	0.97	0.0007469009301
2.644164729	0.97	0.0005850657236
2.890606852	0.97	0.0004565074135
3.149684332	0.97	0.0003555467789
3.422044999	0.97	0.0002767709707
3.708369896	0.97	0.000215518094
4.009374985	0.97	0.0001679662964
4.325812934	0.97	0.0001310654493
4.658475004	0.97	0.0001024186617
5.008193023	0.97	0.0000801593885
5.375841469	0.97	0.00006284169148
5.762339653	0.97	0.00004934864027
6.168654023	0.97	0.00003881855234
6.595800576	0.97	0.00003058681727
7.044847401	0.97	0.00002414058111
7.516917349	0.97	0.00001908371364
8.013190841	0.97	0.00001510984627
8.534908819	0.97	0.00001198167216
9.08337585	0.97	9.515071516e-6
9.659963387	0.97	7.566939146e-6
10.2661132	0.97	6.025846139e-6
10.90334098	0.97	4.804868851e-6
11.57324012	0.97	3.836075043e-6
12.27748573	0.97	3.06627775e-6
13.01783878	0.97	2.453759891e-6
13.79615054	0.97	1.965743176e-6
14.61436721	0.97	1.576428549e-6
1.649380363	0.98	0.00155389208
1.851150108	0.98	0.001305846156
2.063264809	0.98	0.001056583983
2.286254863	0.98	0.0008371916736
2.520677861	0.98	0.000655728244
2.767119984	0.98	0.0005104072343
3.026197465	0.98	0.0003960676745
3.298558132	0.98	0.0003069814025
3.584883029	0.98	0.0002379369259
3.885888118	0.98	0.00018456336
4.202326067	0.98	0.0001433409811
4.534988137	0.98	0.0001114979311
4.884706156	0.98	0.00008687886096
5.252354601	0.98	0.00006781991324
5.638852785	0.98	0.00005304171216
6.045167155	0.98	0.0000415623565
6.472313708	0.98	0.00003262863989
6.921360534	0.98	0.0000256625618
7.393430482	0.98	0.00002022013171
7.889703974	0.98	0.00001595982053
8.411421952	0.98	0.00001261847511
8.959888983	0.98	9.992956531e-6
9.536476519	0.98	7.926145703e-6
10.14262633	0.98	6.296272029e-6
10.77985411	0.98	5.008767458e-6
11.44975325	0.98	3.990039279e-6
12.15399886	0.98	3.182701605e-6
12.89435191	0.98	2.541916986e-6
13.67266368	0.98	2.032584087e-6
14.49088034	0.98	1.627171308e-6
1.489848634	0.99	0.00161819493
1.691618378	0.99	0.001453788828
1.903733079	0.99	0.001210962585
2.126723133	0.99	0.0009705878896
2.361146132	0.99	0.0007622437438
2.607588255	0.99	0.0005921821426
2.866665735	0.99	0.000457536539
3.139026402	0.99	0.0003526494611
3.425351299	0.99	0.0002716494487
3.726356388	0.99	0.0002093692717
4.042794337	0.99	0.0001615692762
4.375456407	0.99	0.0001248915441
4.725174426	0.99	0.00009672701216
5.092822872	0.99	0.00007506995386
5.479321056	0.99	0.00005838734296
5.885635426	0.99	0.00004551075331
6.312781979	0.99	0.00003555050241
6.761828804	0.99	0.00002782898982
7.233898752	0.99	0.00002182960845
7.730172244	0.99	0.00001715788156
8.251890222	0.99	0.0000135120191
8.800357253	0.99	0.00001066065202
9.37694479	0.99	8.426001676e-6
9.983094602	0.99	6.671150802e-6
10.62032238	0.99	5.290404675e-6
11.29022152	0.99	4.201980336e-6
11.99446713	0.99	3.342450594e-6
12.73482018	0.99	2.662512487e-6
13.51313195	0.99	2.123757092e-6
14.33134861	0.99	1.696197869e-6