6.002651746	0.01	0.0009313035256
6.20442149	0.01	0.000772933971
6.416536191	0.01	0.0006409277322
6.639526245	0.01	0.0005309385537
6.873949244	0.01	0.0004393477647
7.120391367	0.01	0.000363135322
7.379468847	0.01	0.000299776225
7.651829514	0.01	0.0002471566327
7.938154411	0.01	0.0002035054262
8.2391595	0.01	0.0001673379959
8.555597449	0.01	0.0001374097929
8.888259519	0.01	0.0001126777486
9.237977538	0.01	0.00009226809137
9.605625984	0.01	0.00007544939934
9.992124168	0.01	0.00006160997471
10.39843854	0.01	0.0000502388034
10.82558509	0.01	0.00004090950711
11.27463192	0.01	0.00003326680372
11.74670186	0.01	0.00002701507824
12.24297536	0.01	0.00002190873458
12.76469333	0.01	0.00001774405342
13.31316036	0.01	0.00001435232541
13.8897479	0.01	0.00001159406544
14.49589771	0.01	9.354143401e-6
15.13312549	0.01	7.537691947e-6
15.80302464	0.01	6.066672406e-6
16.50727024	0.01	4.876997858e-6
17.2476233	0.01	3.916127155e-6
18.02593506	0.01	3.141056518e-6
18.84415172	0.01	2.516646165e-6
5.969873821	0.02	0.0009538445382
6.171643566	0.02	0.0007909623898
6.383758266	0.02	0.0006553381065
6.60674832	0.02	0.000542447517
6.841171319	0.02	0.000448530339
7.087613442	0.02	0.0003704533864
7.346690923	0.02	0.0003056009895
7.61905159	0.02	0.000251786483
7.905376487	0.02	0.0002071801616
8.206381575	0.02	0.000170250234
8.522819525	0.02	0.0001397141326
8.855481595	0.02	0.0001144981517
9.205199614	0.02	0.0000937038361
9.572848059	0.02	0.00007657988946
9.959346243	0.02	0.0000624986253
10.36566061	0.02	0.00005093618099
10.79280717	0.02	0.00004145586638
11.24185399	0.02	0.0000336941354
11.71392394	0.02	0.00002734876077
12.21019743	0.02	0.00002216886455
12.73191541	0.02	0.00001794651582
13.28038244	0.02	0.00001450965315
13.85696998	0.02	0.00001171612847
14.46311979	0.02	9.448700236e-6
15.10034757	0.02	7.61083018e-6
15.77024671	0.02	6.123159896e-6
16.47449232	0.02	4.920562127e-6
17.21484537	0.02	3.949677228e-6
17.99315714	0.02	3.166858691e-6
18.8113738	0.02	2.536462989e-6
5.937015696	0.03	0.0009770970081
6.138785441	0.03	0.0008095409645
6.350900142	0.03	0.0006701738804
6.573890196	0.03	0.0005542852794
6.808313194	0.03	0.0004579668702
7.054755317	0.03	0.0003779674164
7.313832798	0.03	0.000311576798
7.586193465	0.03	0.0002565326014
7.872518362	0.03	0.0002109442674
8.17352345	0.03	0.0001732310612
8.4899614	0.03	0.0001420710272
8.82262347	0.03	0.0001163587558
9.172341489	0.03	0.00009517027867
9.539989934	0.03	0.00007773377943
9.926488118	0.03	0.000063405081
10.33280249	0.03	0.00005164708238
10.75994904	0.03	0.00004201247927
11.20899587	0.03	0.0000341292275
11.68106581	0.03	0.00002768830642
12.17733931	0.03	0.00002243341655
12.69905728	0.03	0.00001815230767
13.24752432	0.03	0.00001466948353
13.82411185	0.03	0.00001184006959
14.43026166	0.03	9.544664231e-6
15.06748944	0.03	7.6850211e-6
15.73738859	0.03	6.180433714e-6
16.44163419	0.03	4.964712911e-6
17.18198725	0.03	3.983664165e-6
17.96029901	0.03	3.192985823e-6
18.77851567	0.03	2.556521217e-6
5.904076114	0.04	0.001001088949
6.105845858	0.04	0.0008286907106
6.317960559	0.04	0.0006854508317
6.540950613	0.04	0.0005664636895
6.775373612	0.04	0.0004676662546
7.021815735	0.04	0.0003856840879
7.280893215	0.04	0.000317708656
7.553253882	0.04	0.0002613987368
7.83957878	0.04	0.0002148005477
8.140583868	0.04	0.0001762825724
8.457021817	0.04	0.0001444820391
8.789683887	0.04	0.0001182607244
9.139401906	0.04	0.0000966682841
9.507050352	0.04	0.00007891171129
9.893548536	0.04	0.00006432981753
10.29986291	0.04	0.0000523718595
10.72700946	0.04	0.00004257960569
11.17605628	0.04	0.00003457227165
11.64812623	0.04	0.00002803385628
12.14439972	0.04	0.00002270249425
12.6661177	0.04	0.00001836150507
13.21458473	0.04	0.00001483187232
13.79117227	0.04	0.00001196592962
14.39732208	0.04	9.642065228e-6
15.03454986	0.04	7.760286497e-6
15.704449	0.04	6.238509752e-6
16.40869461	0.04	5.009461787e-6
17.14904766	0.04	4.018096393e-6
17.92735943	0.04	3.219444041e-6
18.74557609	0.04	2.576825304e-6
5.871053783	0.05	0.00102584971
6.072823528	0.05	0.0008484336171
6.284938229	0.05	0.0007011854507
6.507928283	0.05	0.0005789951181
6.742351282	0.05	0.0004776377709
6.988793404	0.05	0.0003936103572
7.247870885	0.05	0.0003240017744
7.520231552	0.05	0.0002663887886
7.806556449	0.05	0.000218751917
8.107561538	0.05	0.0001794069427
8.423999487	0.05	0.0001469487892
8.756661557	0.05	0.0001202052637
9.106379576	0.05	0.0000981987485
9.474028022	0.05	0.00008011434966
9.860526206	0.05	0.00006527332703
10.26684058	0.05	0.00005311087615
10.69398713	0.05	0.00004315751414
11.14303395	0.05	0.00003502346569
11.6151039	0.05	0.00002838555588
12.11137739	0.05	0.00002297620459
12.63309537	0.05	0.00001857418646
13.1815624	0.05	0.00001499687699
13.75814994	0.05	0.0000120937506
14.36429975	0.05	9.740933942e-6
15.00152753	0.05	7.836648784e-6
15.67142667	0.05	6.29740435e-6
16.37567228	0.05	5.054820657e-6
17.11602533	0.05	4.05298257e-6
17.8943371	0.05	3.24623964e-6
18.71255376	0.05	2.597379822e-6
5.83794738	0.06	0.001051410045
6.039717125	0.06	0.0008687927007
6.251831826	0.06	0.0007173949786
6.47482188	0.06	0.0005918924852
6.709244879	0.06	0.0004878911006
6.955687001	0.06	0.0004017534752
7.214764482	0.06	0.0003304615799
7.487125149	0.06	0.0002715068141
7.773450046	0.06	0.0002228014051
8.074455135	0.06	0.0001826064317
8.390893084	0.06	0.0001494729602
8.723555154	0.06	0.0001221936246
9.073273173	0.06	0.0000997626005
9.440921619	0.06	0.0000813423828
9.827419803	0.06	0.00006623611876
10.23373417	0.06	0.00005386450854
10.66088073	0.06	0.0000437464821
11.10992755	0.06	0.00003548301396
11.5819975	0.06	0.00002874355549
12.07827099	0.06	0.00002325465788
12.59998897	0.06	0.00001879043271
13.148456	0.06	0.00001516455675
13.72504354	0.06	0.00001222357583
14.33119335	0.06	9.84130199e-6
14.96842113	0.06	7.914131028e-6
15.63832027	0.06	6.357134317e-6
16.34256588	0.06	5.100801756e-6
17.08291893	0.06	4.088331597e-6
17.86123069	0.06	3.273379089e-6
18.67944736	0.06	2.618189467e-6
5.804755544	0.07	0.0010778022
6.006525289	0.07	0.0008897920623
6.21863999	0.07	0.0007340974484
6.441630044	0.07	0.0006051692896
6.676053042	0.07	0.0004984363481
6.922495165	0.07	0.0004101210027
7.181572646	0.07	0.0003370937256
7.453933313	0.07	0.0002767570358
7.74025821	0.07	0.0002269521623
8.041263298	0.07	0.0001858833867
8.357701248	0.07	0.0001520562986
8.690363318	0.07	0.0001242271049
9.040081337	0.07	0.0001013608027
9.407729782	0.07	0.0000825965236
9.794227966	0.07	0.00006721871984
10.20054234	0.07	0.00005463314581
10.62768889	0.07	0.0000443467964
11.07673571	0.07	0.00003595112755
11.54880566	0.07	0.00002910801021
12.04507915	0.07	0.00002353796794
12.56679713	0.07	0.00001901032721
13.11526416	0.07	0.00001533497262
13.6918517	0.07	0.0000123554499
14.29800151	0.07	9.943201931e-6
14.93522929	0.07	7.992756969e-6
15.60512843	0.07	6.417716945e-6
16.30937404	0.07	5.147417668e-6
17.04972709	0.07	4.124152623e-6
17.82803886	0.07	3.300869034e-6
18.64625552	0.07	2.639259066e-6
5.771476877	0.08	0.001105059994
5.973246622	0.08	0.0009114569478
6.185361323	0.08	0.0007513117279
6.408351377	0.08	0.0006188396399
6.642774375	0.08	0.0005092840634
6.889216498	0.08	0.0004187208259
7.148293979	0.08	0.0003439041023
7.420654646	0.08	0.0002821438503
7.706979543	0.08	0.0002312074661
8.007984631	0.08	0.0001892402477
8.324422581	0.08	0.0001547006185
8.657084651	0.08	0.0001263070511
9.00680267	0.08	0.0001029943532
9.374451115	0.08	0.00008387751073
9.760949299	0.08	0.00006822167609
10.16726367	0.08	0.00005541719063
10.59441022	0.08	0.00004495875362
11.04345705	0.08	0.0000364280246
11.515527	0.08	0.00002947908024
12.01180049	0.08	0.00002382625223
12.53351847	0.08	0.00001923395601
13.0819855	0.08	0.00001550818753
13.65857303	0.08	0.00001248941878
14.26472285	0.08	0.0000100466673
14.90195062	0.08	8.072551046e-6
15.57184977	0.08	6.479170028e-6
16.27609537	0.08	5.194681336e-6
17.01644843	0.08	4.160455054e-6
17.79476019	0.08	3.328716307e-6
18.61297685	0.08	2.660593576e-6
5.738109943	0.09	0.001133218909
5.939879688	0.09	0.0009338138126
6.151994389	0.09	0.0007690575659
6.374984443	0.09	0.0006329182872
6.609407441	0.09	0.0005204452658
6.855849564	0.09	0.0004275611735
7.114927045	0.09	0.0003508988512
7.387287712	0.09	0.0002876718363
7.673612609	0.09	0.0002355707266
7.974617698	0.09	0.0001926795515
8.291055647	0.09	0.0001574078043
8.623717717	0.09	0.000128434861
8.973435736	0.09	0.0001046642873
9.341084181	0.09	0.00008518610979
9.727582366	0.09	0.00006924555276
10.13389674	0.09	0.00005621705972
10.56104329	0.09	0.00004558266053
11.01009011	0.09	0.00003691393056
11.48216006	0.09	0.00002985693106
11.97843355	0.09	0.00002411963205
12.50015153	0.09	0.00001946140787
13.04861856	0.09	0.00001568426636
13.6252061	0.09	0.00001262552984
14.23135591	0.09	0.00001015173265
14.86858369	0.09	8.153538429e-6
15.53848283	0.09	6.541511884e-6
16.24272844	0.09	5.242606081e-6
16.98308149	0.09	4.197248569e-6
17.76139326	0.09	3.356927933e-6
18.57960992	0.09	2.682198095e-6
5.704653267	0.1	0.00116231619
5.906423011	0.1	0.0009568903903
6.118537712	0.1	0.000787355641
6.341527766	0.1	0.0006474206603
6.575950765	0.1	0.0005319314687
6.822392888	0.1	0.0004366506348
7.081470368	0.1	0.0003580843761
7.353831035	0.1	0.0002933457643
7.640155933	0.1	0.0002400454939
7.941161021	0.1	0.0001962039364
8.25759897	0.1	0.0001601798142
8.59026104	0.1	0.0001306119861
8.93997906	0.1	0.0001063716792
9.307627505	0.1	0.0000865231145
9.694125689	0.1	0.00007029093551
10.10044006	0.1	0.00005703318454
10.52758661	0.1	0.0000462188345
10.97663344	0.1	0.00003740907857
11.44870339	0.1	0.00003024173366
11.94497688	0.1	0.00002441823264
12.46669486	0.1	0.0000196927744
13.01516189	0.1	0.00001586327606
13.59174942	0.1	0.00001276383193
14.19789923	0.1	0.00001025843357
14.83512701	0.1	8.235745047e-6
15.50502616	0.1	6.604761375e-6
16.20927176	0.1	5.291205611e-6
16.94962482	0.1	4.234543122e-6
17.72793658	0.1	3.385511138e-6
18.54615324	0.1	2.704077863e-6
5.67110533	0.11	0.001192390947
5.872875075	0.11	0.0009807157662
6.084989776	0.11	0.0008062276141
6.30797983	0.11	0.0006623629027
6.542402828	0.11	0.0005437547061
6.788844951	0.11	0.0004459981786
7.047922432	0.11	0.0003654673576
7.320283099	0.11	0.0002991706063
7.606607996	0.11	0.0002446354644
7.907613085	0.11	0.0001998161475
8.224051034	0.11	0.0001630186839
8.556713104	0.11	0.0001328399339
8.906431123	0.11	0.0001081176436
9.274079568	0.11	0.00008788934806
9.660577753	0.11	0.00007135843129
10.06689212	0.11	0.00005786601192
10.49403868	0.11	0.00004686760401
10.9430855	0.11	0.00003791370975
11.41515545	0.11	0.00003063366479
11.91142894	0.11	0.00002472218339
12.43314692	0.11	0.00001992815022
12.98161395	0.11	0.00001604528569
13.55820149	0.11	0.00001290437544
14.1643513	0.11	0.00001036680679
14.80157908	0.11	8.319197614e-6
15.47147822	0.11	6.668937927e-6
16.17572383	0.11	5.34049404e-6
16.91607688	0.11	4.272348961e-6
17.69438864	0.11	3.414473355e-6
18.51260531	0.11	2.726238269e-6
5.637464573	0.12	0.001223484263
5.839234318	0.12	0.001005320455
6.051349018	0.12	0.000825696184
6.274339073	0.12	0.0006777619128
6.508762071	0.12	0.0005559275615
6.755204194	0.12	0.0004556131735
7.014281675	0.12	0.0003730547673
7.286642342	0.12	0.000305151546
7.572967239	0.12	0.0002493444886
7.873972327	0.12	0.0002035190414
8.190410277	0.12	0.0001659265302
8.523072347	0.12	0.0001351202708
8.872790366	0.12	0.000109903338
9.240438811	0.12	0.0000892856645
9.626936995	0.12	0.00007244866928
10.03325137	0.12	0.00005871600475
10.46039792	0.12	0.00004752930911
10.90944474	0.12	0.00003842807354
11.38151469	0.12	0.00003103290719
11.87778818	0.12	0.000025031618
12.39950616	0.12	0.000020167633
12.94797319	0.12	0.00001623036656
13.52456073	0.12	0.00001304721233
14.13071054	0.12	0.00001047689015
14.76793832	0.12	8.403923665e-6
15.43783746	0.12	6.734061555e-6
16.14208307	0.12	5.390485904e-6
16.88243612	0.12	4.310676634e-6
17.66074789	0.12	3.443822235e-6
18.47896455	0.12	2.748684858e-6
5.60372939	0.13	0.001255639318
5.805499134	0.13	0.001030736486
6.017613835	0.13	0.0008457851465
6.240603889	0.13	0.0006936353855
6.475026888	0.13	0.0005684631975
6.721469011	0.13	0.0004655054095
6.980546491	0.13	0.0003808538832
7.252907158	0.13	0.0003112939898
7.539232055	0.13	0.0002541765787
7.840237144	0.13	0.0002073155926
8.156675093	0.13	0.0001689055553
8.489337163	0.13	0.000137454625
8.839055182	0.13	0.0001117299645
9.206703628	0.13	0.0000907129501
9.593201812	0.13	0.00007356230201
9.999516182	0.13	0.00005958364272
10.42666273	0.13	0.00004820430196
10.87570956	0.13	0.00003895242812
11.34777951	0.13	0.00003143964988
11.844053	0.13	0.00002534667466
12.36577098	0.13	0.00002041132368
12.91423801	0.13	0.00001641859227
13.49082555	0.13	0.00001319239624
14.09697536	0.13	0.00001058872268
14.73420313	0.13	8.489951591e-6
15.40410228	0.13	6.800152883e-6
16.10834789	0.13	5.441196175e-6
16.84870094	0.13	4.349537003e-6
17.6270127	0.13	3.473565651e-6
18.44522937	0.13	2.771423337e-6
5.569898128	0.14	0.00128890151
5.771667873	0.14	0.001056997491
5.983782573	0.14	0.000866519458
6.206772627	0.14	0.0007100018578
6.441195626	0.14	0.0005813753881
6.687637749	0.14	0.0004756851209
6.946715229	0.14	0.000388872306
7.219075897	0.14	0.0003176035788
7.505400794	0.14	0.0002591359174
7.806405882	0.14	0.0002112088987
8.122843832	0.14	0.0001719580506
8.455505902	0.14	0.0001398446892
8.805223921	0.14	0.0001135987721
9.172872366	0.14	0.00009217212497
9.55937055	0.14	0.00007470000637
9.96568492	0.14	0.00006046942312
10.39283147	0.14	0.00004889294735
10.8418783	0.14	0.00003948704076
11.31394825	0.14	0.0000318540884
11.81022174	0.14	0.00002566749628
12.33193972	0.14	0.00002065932653
12.88040675	0.14	0.00001661003888
13.45699428	0.14	0.00001333998255
14.0631441	0.14	0.00001070234468
14.70037187	0.14	8.577310669e-6
15.37027102	0.14	6.867233175e-6
16.07451663	0.14	5.492640285e-6
16.81486968	0.14	4.388941257e-6
17.59318144	0.14	3.503711714e-6
18.4113981	0.14	2.794459578e-6
5.535969087	0.15	0.00132331859
5.737738832	0.15	0.001084138797
5.949853532	0.15	0.0008879253027
6.172843586	0.15	0.0007268807566
6.407266585	0.15	0.0005946785532
6.653708708	0.15	0.0004861630106
6.912786188	0.15	0.0003971179768
7.185146856	0.15	0.0003240862007
7.471471753	0.15	0.0002642268661
7.772476841	0.15	0.0002152021872
8.088914791	0.15	0.0001750864016
8.421576861	0.15	0.0001422922244
8.77129488	0.15	0.0001155110587
9.138943325	0.15	0.00009366414463
9.525441509	0.15	0.00007586248477
9.931755879	0.15	0.0000613738616
10.35890243	0.15	0.00004959562334
10.80794926	0.15	0.00004003218823
11.28001921	0.15	0.00003227642514
11.7762927	0.15	0.00002599423064
12.29801068	0.15	0.00002091174939
12.84647771	0.15	0.00001680478491
13.42306524	0.15	0.00001349002842
14.02921505	0.15	0.00001081779771
14.66644283	0.15	8.666031106e-6
15.33634198	0.15	6.935324357e-6
16.04058758	0.15	5.544834136e-6
16.78094064	0.15	4.428900925e-6
17.5592524	0.15	3.534268775e-6
18.37746906	0.15	2.817799629e-6
5.501940515	0.16	0.001358940813
5.70371026	0.16	0.001112197534
5.915824961	0.16	0.0009100301652
6.138815015	0.16	0.0007442924498
6.373238013	0.16	0.0006083877946
6.619680136	0.16	0.0004969502762
6.878757617	0.16	0.0004055991955
7.151118284	0.16	0.0003307480036
7.437443181	0.16	0.0002694539751
7.738448269	0.16	0.0002192988222
8.054886219	0.16	0.0001782930924
8.387548289	0.16	0.0001447990628
8.737266308	0.16	0.0001174681739
9.104914753	0.16	0.00009519000175
9.491412937	0.16	0.00007705046644
9.897727307	0.16	0.0000622974931
10.32487386	0.16	0.00005031272182
10.77392069	0.16	0.00004058815726
11.24599063	0.16	0.00003270686961
11.74226413	0.16	0.00002632703068
12.2639821	0.16	0.00002116870372
12.81244913	0.16	0.00001700291157
13.38903667	0.16	0.00001364259293
13.99518648	0.16	0.00001093512471
14.63241426	0.16	8.756144072e-6
15.3023134	0.16	7.004449048e-6
16.00655901	0.16	5.597794129e-6
16.74691206	0.16	4.469427892e-6
17.52522383	0.16	3.565245441e-6
18.34344049	0.16	2.841449721e-6
5.467810608	0.17	0.001395821086
5.669580353	0.17	0.001141212741
5.881695054	0.17	0.0009328629075
6.104685108	0.17	0.0007622583015
6.339108106	0.17	0.0006225189353
6.585550229	0.17	0.0005080586377
6.84462771	0.17	0.0004143246404
7.116988377	0.17	0.0003375954096
7.403313274	0.17	0.0002748219928
7.704318362	0.17	0.0002235023113
8.020756312	0.17	0.000181580711
8.353418382	0.17	0.0001473671113
8.703136401	0.17	0.0001194715213
9.070784846	0.17	0.00009675072797
9.45728303	0.17	0.00007826470859
9.8635974	0.17	0.00006324087271
10.29074395	0.17	0.00005104464917
10.73979078	0.17	0.000041155245
11.21186073	0.17	0.00003314563882
11.70813422	0.17	0.00002666605468
12.2298522	0.17	0.00002143030485
12.77831923	0.17	0.00001720450278
13.35490676	0.17	0.00001379773709
13.96105658	0.17	0.00001105437
14.59828435	0.17	8.847681746e-6
15.2681835	0.17	7.074630585e-6
15.97242911	0.17	5.65153718e-6
16.71278216	0.17	4.510534408e-6
17.49109392	0.17	3.596650582e-6
18.30931058	0.17	2.865416272e-6
5.433577506	0.18	0.001434015137
5.635347251	0.18	0.001171225482
5.847461952	0.18	0.0009564538516
6.070452006	0.18	0.0007808007302
6.304875005	0.18	0.0006370885608
6.551317127	0.18	0.0005195003671
6.810394608	0.18	0.0004233033893
7.082755275	0.18	0.0003446351299
7.369080172	0.18	0.000280335877
7.670085261	0.18	0.000227816313
7.98652321	0.18	0.0001849519545
8.31918528	0.18	0.000149998356
8.668903299	0.18	0.0001215225612
9.036551745	0.18	0.00009834739581
9.423049929	0.18	0.00007950599791
9.829364299	0.18	0.00006420457668
10.25651085	0.18	0.00005179182697
10.70555768	0.18	0.00004173375947
11.17762762	0.18	0.00003359295756
11.67390112	0.18	0.00002701146649
12.1956191	0.18	0.00002169667211
12.74408613	0.18	0.00001740964535
13.32067366	0.18	0.000013955524
13.92682347	0.18	0.0000111755794
14.56405125	0.18	8.940677359e-6
15.2339504	0.18	7.145893059e-6
15.938196	0.18	5.706080741e-6
16.67854906	0.18	4.552233112e-6
17.45686082	0.18	3.628493344e-6
18.27507748	0.18	2.889705899e-6
5.399239293	0.19	0.001473581697
5.601009038	0.19	0.001202278972
5.813123739	0.19	0.0009808348677
6.036113793	0.19	0.0007999432712
6.270536792	0.19	0.0006521140637
6.516978914	0.19	0.0005312883198
6.776056395	0.19	0.0004325449419
7.048417062	0.19	0.000351874181
7.334741959	0.19	0.0002860008058
7.635747048	0.19	0.0002322446455
7.952184997	0.19	0.0001884096351
8.284847067	0.19	0.0001526948654
8.634565086	0.19	0.0001236228136
9.002213531	0.19	0.00009998112073
9.388711716	0.19	0.00008077515193
9.795026086	0.19	0.00006518920343
10.22217264	0.19	0.0000525546927
10.67121946	0.19	0.00004232402013
11.14328941	0.19	0.00003404905882
11.6395629	0.19	0.00002736343586
12.16128088	0.19	0.00002196792902
12.70974791	0.19	0.00001761842907
13.28633545	0.19	0.00001411601887
13.89248526	0.19	0.00001129880023
14.52971304	0.19	9.035165238e-6
15.19961218	0.19	7.218261346e-6
15.90385779	0.19	5.761442828e-6
16.64421084	0.19	4.594537043e-6
17.42252261	0.19	3.660783159e-6
18.24073927	0.19	2.914325422e-6
5.364793992	0.2	0.001514582683
5.566563737	0.2	0.001234418713
5.778678437	0.2	0.001006039469
6.001668492	0.2	0.000819710644
6.23609149	0.2	0.0006676136911
6.482533613	0.2	0.0005434359682
6.741611094	0.2	0.000442059244
7.013971761	0.2	0.0003593199013
7.300296658	0.2	0.00029182219
7.601301746	0.2	0.0002367912945
7.917739696	0.2	0.0001919566856
8.250401766	0.2	0.0001554587957
8.600119785	0.2	0.0001257738614
8.96776823	0.2	0.0001016530633
9.354266414	0.2	0.00008207302059
9.760580784	0.2	0.00006619537464
10.18772734	0.2	0.00005333370054
10.63677416	0.2	0.00004292635838
11.10884411	0.2	0.00003451418414
11.6051176	0.2	0.00002772213865
12.12683558	0.2	0.00002224420348
12.67530261	0.2	0.0000178309469
13.25189015	0.2	0.00001427928919
13.85803996	0.2	0.00001142408144
14.49526774	0.2	9.131180857e-6
15.16516688	0.2	7.29176114e-6
15.86941249	0.2	5.81764204e-6
16.60976554	0.2	4.637459658e-6
17.38807731	0.2	3.693529761e-6
18.20629397	0.2	2.939281878e-6
5.330239563	0.21	0.001557083414
5.532009307	0.21	0.001267692635
5.744124008	0.21	0.001032102913
5.967114062	0.21	0.0008401288236
6.201537061	0.21	0.0006836065952
6.447979184	0.21	0.0005559574381
6.707056664	0.21	0.0004518567124
6.979417332	0.21	0.0003669799693
7.265742229	0.21	0.0002978056857
7.566747317	0.21	0.0002414604228
7.883185267	0.21	0.0001955961667
8.215847337	0.21	0.0001582923943
8.565565356	0.21	0.0001279773532
8.933213801	0.21	0.0001033644316
9.319711985	0.21	0.00008340048786
9.726026355	0.21	0.00006722373642
10.15317291	0.21	0.00005412932217
10.60221973	0.21	0.00004354111815
11.07428968	0.21	0.00003498858405
11.57056317	0.21	0.00002808775715
12.09228115	0.21	0.000022525628
12.64074818	0.21	0.00001804729505
13.21733572	0.21	0.00001444540476
13.82348553	0.21	0.00001155147364
14.46071331	0.21	9.228760887e-6
15.13061245	0.21	7.366418993e-6
15.83485806	0.21	5.87469759e-6
16.57521111	0.21	4.681014853e-6
17.35352288	0.21	3.726743194e-6
18.17173954	0.21	2.964582527e-6
5.295573901	0.22	0.001601152826
5.497343646	0.22	0.001302151253
5.709458346	0.22	0.001059062311
5.932448401	0.22	0.0008612251173
6.166871399	0.22	0.0007001128877
6.413313522	0.22	0.0005688675469
6.672391003	0.22	0.000461948263
6.94475167	0.22	0.0003748624233
7.231076567	0.22	0.0003039572082
7.532081655	0.22	0.0002462563796
7.848519605	0.22	0.0001993312731
8.181181675	0.22	0.0001611980055
8.530899694	0.22	0.0001302350073
8.898548139	0.22	0.0001051164833
9.285046323	0.22	0.00008475847352
9.691360693	0.22	0.00006827496051
10.11850725	0.22	0.00005494204762
10.56755407	0.22	0.00004416865655
11.03962402	0.22	0.00003547251847
11.53589751	0.22	0.00002846048035
12.05761549	0.22	0.00002281233988
12.60608252	0.22	0.00001826757317
13.18267006	0.22	0.00001461443786
13.78881987	0.22	0.00001168102922
14.42604765	0.22	9.327943253e-6
15.09594679	0.22	7.442262349e-6
15.8001924	0.22	5.93262933e-6
16.54054545	0.22	4.725216979e-6
17.31885722	0.22	3.760433832e-6
18.13707388	0.22	2.990234862e-6
5.260794833	0.23	0.001646863709
5.462564578	0.23	0.001337847834
5.674679279	0.23	0.001086956744
5.897669333	0.23	0.0008830282474
6.132092331	0.23	0.0007171536981
6.378534454	0.23	0.0005821818445
6.637611935	0.23	0.0004723453394
6.909972602	0.23	0.0003829756816
7.196297499	0.23	0.0003102829466
7.497302587	0.23	0.0002511837114
7.813740537	0.23	0.0002031653415
8.146402607	0.23	0.0001641780756
8.496120626	0.23	0.000132548615
8.863769071	0.23	0.0001069105289
9.250267255	0.23	0.00008614793493
9.656581625	0.23	0.0000693497456
10.08372818	0.23	0.00005577238623
10.532775	0.23	0.00004480934445
11.00484495	0.23	0.00003596625721
11.50111844	0.23	0.00002884050432
12.02283642	0.23	0.00002310448146
12.57130345	0.23	0.00001849188454
13.14789099	0.23	0.00001478646334
13.7540408	0.23	0.00001181280237
14.39126858	0.23	9.428767188e-6
15.06116772	0.23	7.51931959e-6
15.76541333	0.23	5.991457779e-6
16.50576638	0.23	4.770080866e-6
17.28407815	0.23	3.794612387e-6
18.10229481	0.23	3.016246621e-6
5.225900114	0.24	0.001694292971
5.427669859	0.24	0.001374838573
5.63978456	0.24	0.001115827388
5.862774614	0.24	0.0009055684391
6.097197613	0.24	0.000734751236
6.343639735	0.24	0.0005959166582
6.602717216	0.24	0.0004830599444
6.875077883	0.24	0.0003913285652
7.16140278	0.24	0.0003167893796
7.462407869	0.24	0.0002562471729
7.778845818	0.24	0.0002071018581
8.111507888	0.24	0.000167235158
8.461225907	0.24	0.0001349200447
8.828874353	0.24	0.0001087479339
9.215372537	0.24	0.00008756986904
9.621686907	0.24	0.00007044881871
10.04883346	0.24	0.0000566208676
10.49788028	0.24	0.00004546356725
10.96995023	0.24	0.0000364700804
11.46622372	0.24	0.00002922803253
11.9879417	0.24	0.00002340220039
12.53640873	0.24	0.00001872033616
13.11299627	0.24	0.00001496155871
13.71914608	0.24	0.00001194684922
14.35637386	0.24	9.531273298e-6
15.026273	0.24	7.597620077e-6
15.73051861	0.24	6.051204156e-6
16.47087166	0.24	4.815621844e-6
17.24918343	0.24	3.82928993e-6
18.06740009	0.24	3.042625797e-6
5.190887425	0.25	0.001743521905
5.39265717	0.25	0.001413182788
5.604771871	0.25	0.001145717649
5.827761925	0.25	0.0009288775156
6.062184924	0.25	0.0007529288581
6.308627046	0.25	0.0006100891393
6.567704527	0.25	0.0004941046732
6.840065194	0.25	0.0003999303208
7.126390091	0.25	0.0003234832918
7.42739518	0.25	0.0002614517387
7.743833129	0.25	0.0002111444669
8.076495199	0.25	0.0001703719196
8.426213218	0.25	0.0001373512461
8.793861663	0.25	0.0001106301221
9.180359848	0.25	0.00008902531449
9.586674218	0.25	0.0000715729367
10.01382077	0.25	0.00005748804266
10.4628676	0.25	0.00004613172555
10.93493754	0.25	0.00003698427908
11.43121104	0.25	0.00002962327619
11.95292901	0.25	0.00002370564982
12.50139604	0.25	0.00001895303903
13.07798358	0.25	0.00001513980434
13.68413339	0.25	0.0000120832279
14.32136117	0.25	9.635503626e-6
14.99126031	0.25	7.677194193e-6
15.69550592	0.25	6.111890412e-6
16.43585897	0.25	4.861855763e-6
17.21417074	0.25	3.864477904e-6
18.0323874	0.25	3.069380649e-6
5.155754368	0.26	0.001794636495
5.357524112	0.26	0.001452943126
5.569638813	0.26	0.001176673311
5.792628867	0.26	0.000952989
6.027051866	0.26	0.00077171114
6.273493989	0.26	0.0006247173141
6.532571469	0.26	0.0005054927496
6.804932136	0.26	0.0004087906467
7.091257033	0.26	0.0003303717923
7.392262122	0.26	0.0002668026159
7.708700071	0.26	0.000215296979
8.041362141	0.26	0.000173591147
8.39108016	0.26	0.0001398442545
8.758728606	0.26	0.0001125585786
9.14522679	0.26	0.00009051535378
9.55154116	0.26	0.00007272288776
9.978687713	0.26	0.00005837448472
10.42773454	0.26	0.00004681423597
10.89980449	0.26	0.00003750915571
11.39607798	0.26	0.00003002645467
11.91779596	0.26	0.00002401498873
12.46626299	0.26	0.00001919010827
13.04285052	0.26	0.00001532128354
13.64900034	0.26	0.00001222199868
14.28622811	0.26	9.741501717e-6
14.95612726	0.26	7.7580734e-6
15.66037286	0.26	6.173539264e-6
16.40072592	0.26	4.908799024e-6
17.17903768	0.26	3.900188145e-6
17.99725434	0.26	3.096519716e-6
5.120498461	0.27	0.001847727731
5.322268206	0.27	0.001494185786
5.534382906	0.27	0.001208742686
5.757372961	0.27	0.0009779382252
5.991795959	0.27	0.0007911239533
6.238238082	0.27	0.0006398201384
6.497315563	0.27	0.0005172380642
6.76967623	0.27	0.0004179197196
7.056001127	0.27	0.0003374623333
7.357006215	0.27	0.0002723052581
7.673444165	0.27	0.0002195633819
8.006106235	0.27	0.000176895753
8.355824254	0.27	0.0001424011959
8.723472699	0.27	0.0001145348534
9.109970883	0.27	0.00009204111568
9.516285253	0.27	0.00007389949315
9.943431806	0.27	0.00005928079071
10.39247863	0.27	0.00004751153197
10.86454858	0.27	0.00003804502473
11.36082207	0.27	0.00003043779593
11.88254005	0.27	0.00002433038223
12.43100708	0.27	0.00001943166337
13.00759462	0.27	0.00001550608273
13.61374443	0.27	0.00001236322401
14.25097221	0.27	9.849312697e-6
14.92087135	0.27	7.84029028e-6
15.62511696	0.27	6.236174233e-6
16.36547001	0.27	4.956468597e-6
17.14378178	0.27	3.936432896e-6
17.96199844	0.27	3.12405183e-6
5.085117139	0.28	0.001902891963
5.286886884	0.28	0.001536980764
5.499001584	0.28	0.001241976788
5.721991638	0.28	0.001003762452
5.956414637	0.28	0.0008111945491
6.20285676	0.28	0.000655417556
6.461934241	0.28	0.0005293552158
6.734294908	0.28	0.0004273282239
7.020619805	0.28	0.000344762731
7.321624893	0.28	0.0002779653794
7.638062843	0.28	0.0002239478498
7.970724913	0.28	0.0001802887842
8.320442932	0.28	0.0001450242915
8.688091377	0.28	0.0001165605645
9.074589561	0.28	0.00009360377777
9.480903931	0.28	0.00007510360898
9.908050484	0.28	0.00006020758243
10.35709731	0.28	0.00004822406473
10.82916726	0.28	0.00003859221327
11.32544075	0.28	0.00003085753691
11.84715873	0.28	0.00002465200181
12.39562576	0.28	0.00001967782838
12.9722133	0.28	0.00001569429157
13.57836311	0.28	0.00001250696868
14.21559088	0.28	9.958983347e-6
14.88549003	0.28	7.923878599e-6
15.58973564	0.28	6.299819681e-6
16.33008869	0.28	5.004882056e-6
17.10840045	0.28	3.973224829e-6
17.92661712	0.28	3.151986129e-6
5.049607744	0.29	0.001960231269
5.251377489	0.29	0.001581402105
5.46349219	0.29	0.001276429513
5.686482244	0.29	0.001030500995
5.920905243	0.29	0.0008319516467
6.167347366	0.29	0.0006715305614
6.426424846	0.29	0.0005418595556
6.698785513	0.29	0.000437027383
6.98511041	0.29	0.0003522811874
7.286115499	0.29	0.0002837889702
7.602553448	0.29	0.0002284547544
7.935215518	0.29	0.0001837734284
8.284933537	0.29	0.0001477158638
8.652581983	0.29	0.0001186374022
9.039080167	0.29	0.00009520456911
9.445394537	0.29	0.00007633612806
9.87254109	0.29	0.00006115550785
10.32158791	0.29	0.0000489523041
10.79365786	0.29	0.00003915106172
11.28993136	0.29	0.00003128592403
11.81164933	0.29	0.00002498002575
12.36011636	0.29	0.00001992873217
12.9367039	0.29	0.00001588600317
13.54285371	0.29	0.00001265329992
14.18008149	0.29	0.00001007056218
14.84998063	0.29	8.008873362e-6
15.55422624	0.29	6.364500853e-6
16.29457929	0.29	5.054057604e-6
17.07289106	0.29	4.01057707e-6
17.89110772	0.29	3.180332073e-6
5.013967526	0.3	0.00201985387
5.215737271	0.3	0.001627528194
5.427851972	0.3	0.001312157833
5.650842026	0.3	0.001058195362
5.885265024	0.3	0.0008534255304
6.131707147	0.3	0.0006881812678
6.390784628	0.3	0.0005547672351
6.663145295	0.3	0.0004470289926
6.949470192	0.3	0.0003600263141
7.25047528	0.3	0.0002897823139
7.56691323	0.3	0.0002330886772
7.8995753	0.3	0.0001873530232
8.249293319	0.3	0.000150478342
8.616941764	0.3	0.0001207671332
9.003439948	0.3	0.00009684477313
9.409754318	0.3	0.00007759798199
9.836900871	0.3	0.00006212524256
10.2859477	0.3	0.00004969673961
10.75801764	0.3	0.0000397219245
11.25429114	0.3	0.0000317232137
11.77600911	0.3	0.00002531463941
12.32447615	0.3	0.00002018450865
12.90106368	0.3	0.00001608131424
13.50721349	0.3	0.0000128022875
14.14444127	0.3	0.00001018409956
14.81434042	0.3	8.095310874e-6
15.51858602	0.3	6.430243923e-6
16.25893908	0.3	5.104014105e-6
17.03725084	0.3	4.048503211e-6
17.8554675	0.3	3.209099458e-6
4.978193632	0.31	0.002081874563
5.179963377	0.31	0.001675442053
5.392078078	0.31	0.00134922201
5.615068132	0.31	0.001086889401
5.84949113	0.31	0.0008756481534
6.095933253	0.31	0.0007053929802
6.355010734	0.31	0.000568095257
6.627371401	0.31	0.0004573454573
6.913696298	0.31	0.0003680071577
7.214701386	0.31	0.0002959520048
7.531139336	0.31	0.0002378544213
7.863801406	0.31	0.0001910310646
8.213519425	0.31	0.0001533142685
8.58116787	0.31	0.0001229516045
8.967666054	0.31	0.00009852573075
9.373980424	0.31	0.00007889014331
9.801126977	0.31	0.00006311749132
10.2501738	0.31	0.00005045788156
10.72224375	0.31	0.0000403051708
11.21851724	0.31	0.00003216967283
11.74023522	0.31	0.00002565603562
12.28870225	0.31	0.00002044529708
12.86528979	0.31	0.00001628032525
13.4714396	0.31	0.00001295400392
14.10866738	0.31	0.00001029964772
14.77856652	0.31	8.183228807e-6
15.48281213	0.31	6.497076039e-6
16.22316518	0.31	5.154771121e-6
17.00147695	0.31	4.087017345e-6
17.81969361	0.31	3.238298435e-6
4.942283106	0.32	0.002146415201
5.144052851	0.32	0.001725231673
5.356167551	0.32	0.001387685823
5.579157606	0.32	0.001116629459
5.813580604	0.32	0.0008986532491
6.060022727	0.32	0.0007231902734
6.319100208	0.32	0.0005818615312
6.591460875	0.32	0.0004679898291
6.877785772	0.32	0.0003762332274
7.17879086	0.32	0.000302304967
7.49522881	0.32	0.0002427570255
7.82789088	0.32	0.0001948112164
8.177608899	0.32	0.0001562263054
8.545257344	0.32	0.0001251927488
8.931755528	0.32	0.0001002488437
9.338069898	0.32	0.00008021362782
9.765216451	0.32	0.00006413298968
10.21426328	0.32	0.00005123626212
10.68633322	0.32	0.0000409011854
11.18260672	0.32	0.00003262557942
11.70432469	0.32	0.00002600441512
12.25279173	0.32	0.0000207112423
12.82937926	0.32	0.00001648314068
13.43552907	0.32	0.0000131085245
14.07275685	0.32	0.00001041726097
14.742656	0.32	8.272666272e-6
15.4469016	0.32	6.565025372e-6
16.18725466	0.32	5.20634894e-6
16.96556642	0.32	4.126134083e-6
17.78378308	0.32	3.267939527e-6
4.906232881	0.33	0.00221360521
5.108002626	0.33	0.001776990371
5.320117327	0.33	0.001427616817
5.543107381	0.33	0.001147464556
5.777530379	0.33	0.0009224764532
6.023972502	0.33	0.0007415990777
6.283049983	0.33	0.0005960849335
6.55541065	0.33	0.0004789758492
6.841735547	0.33	0.0003847145238
7.142740635	0.33	0.0003088484755
7.459178585	0.33	0.0002478017787
7.791840655	0.33	0.0001986973209
8.141558674	0.33	0.0001592172416
8.509207119	0.33	0.0001274925889
8.895705303	0.33	0.0001020155778
9.302019673	0.33	0.00008156949709
9.729166226	0.33	0.00006517250572
10.17821305	0.33	0.00005203243663
10.650283	0.33	0.0000415103695
11.14655649	0.33	0.00003309122315
11.66827447	0.33	0.00002635998693
12.2167415	0.33	0.00002098249506
12.79332904	0.33	0.00001668986921
13.39947885	0.33	0.00001326592755
14.03670663	0.33	0.00001053699572
14.70660577	0.33	8.363663893e-6
15.41085138	0.33	6.634121174e-6
16.15120443	0.33	5.258768621e-6
16.9295162	0.33	4.165868585e-6
17.74773286	0.33	3.298033647e-6
4.870039774	0.34	0.002283582153
5.071809519	0.34	0.001830817175
5.28392422	0.34	0.001469086573
5.506914274	0.34	0.001179446572
5.741337273	0.34	0.0009471554334
5.987779395	0.34	0.0007606467698
6.246856876	0.34	0.0006107853708
6.519217543	0.34	0.0004903179936
6.80554244	0.34	0.0003934615714
7.106547529	0.34	0.0003155901786
7.422985478	0.34	0.0002529942356
7.755647548	0.34	0.0002026934096
8.105365567	0.34	0.000162290001
8.473014013	0.34	0.0001298532435
8.859512197	0.34	0.0001038274675
9.265826567	0.34	0.00008295886108
9.69297312	0.34	0.00006623684194
10.14201994	0.34	0.00005284698486
10.61408989	0.34	0.0000421331417
11.11036338	0.34	0.00003356690605
11.63208136	0.34	0.00002672296885
12.18054839	0.34	0.00002125921236
12.75713593	0.34	0.00001690062394
13.36328574	0.34	0.00001342629452
14.00051352	0.34	0.0000106589106
14.67041266	0.34	8.456263888e-6
15.37465827	0.34	6.70439383e-6
16.11501132	0.34	5.312052032e-6
16.89332309	0.34	4.206236588e-6
17.71153975	0.34	3.328592121e-6
4.833700481	0.35	0.002356492337
5.035470225	0.35	0.001886817246
5.247584926	0.35	0.001512170995
5.47057498	0.35	0.001212630451
5.704997979	0.35	0.0009727300322
5.951440102	0.35	0.0007803622725
6.210517582	0.35	0.0006259838501
6.482878249	0.35	0.0005020315216
6.769203147	0.35	0.000402485452
7.070208235	0.35	0.0003225381211
7.386646184	0.35	0.0002583402332
7.719308254	0.35	0.0002068037147
8.069026274	0.35	0.00016544765
8.436674719	0.35	0.0001322769329
8.823172903	0.35	0.0001056861188
9.229487273	0.35	0.00008438288109
9.656633826	0.35	0.00006732683726
10.10568065	0.35	0.00005368051245
10.5777506	0.35	0.00004276993894
11.07402409	0.35	0.00003405294318
11.59574207	0.35	0.00002709358795
12.1442091	0.35	0.00002154155774
12.72079664	0.35	0.00001711552264
13.32694645	0.35	0.00001358971019
13.96417423	0.35	0.00001078306663
14.63407337	0.35	8.550510154e-6
15.33831898	0.35	6.77587492e-6
16.07867203	0.35	5.36622189e-6
16.85698379	0.35	4.247254436e-6
17.67520046	0.35	3.359626706e-6
4.797211565	0.36	0.00243249148
4.99898131	0.36	0.001945102335
5.211096011	0.36	0.001556950628
5.434086065	0.36	0.001247074417
5.668509064	0.36	0.0009992424191
5.914951187	0.36	0.0008007761622
6.174028667	0.36	0.0006417025536
6.446389334	0.36	0.0005141325283
6.732714231	0.36	0.0004117978425
7.03371932	0.36	0.0003297007711
7.350157269	0.36	0.0002638459095
7.682819339	0.36	0.0002110326824
8.032537358	0.36	0.0001686934073
8.400185804	0.36	0.0001347659852
8.786683988	0.36	0.0001075932149
9.192998358	0.36	0.00008584277273
9.620144911	0.36	0.00006844336919
10.06919174	0.36	0.00005453365242
10.54126168	0.36	0.00004342121761
11.03753518	0.36	0.00003454966339
11.55925315	0.36	0.00002747208108
12.10772018	0.36	0.00002182970173
12.68430772	0.36	0.00001733468803
13.29045753	0.36	0.00001375626285
13.92768531	0.36	0.00001090952732
14.59758446	0.36	8.646448361e-6
15.30183006	0.36	6.848597285e-6
16.04218311	0.36	5.421301813e-6
16.82049488	0.36	4.288939111e-6
17.63871154	0.36	3.391149619e-6
4.760569458	0.37	0.002511745435
4.962339203	0.37	0.002005791277
5.174453904	0.37	0.001603511002
5.397443958	0.37	0.001282840216
5.631866956	0.37	0.001026737258
5.878309079	0.37	0.0008219207843
6.13738656	0.37	0.0006579649204
6.409747227	0.37	0.0005266380018
6.696072124	0.37	0.000421411054
6.997077212	0.37	0.0003370870476
7.313515162	0.37	0.0002695177225
7.646177232	0.37	0.0002153849864
7.995895251	0.37	0.0001720306528
8.363543696	0.37	0.0001373228433
8.75004188	0.37	0.0001095505198
9.15635625	0.37	0.00008733980934
9.583502803	0.37	0.00006958735614
10.03254963	0.37	0.0000554070668
10.50461958	0.37	0.00004408745466
11.00089307	0.37	0.00003505741013
11.52261105	0.37	0.00002785869541
12.07107808	0.37	0.00002212382217
12.64766561	0.37	0.00001755824801
13.25381543	0.37	0.00001392604448
13.8910432	0.37	0.00001103835878
14.56094235	0.37	8.744126047e-6
15.26518796	0.37	6.9225951e-6
16.00554101	0.37	5.477316365e-6
16.78385277	0.37	4.331308274e-6
17.60206943	0.37	3.423173556e-6
4.723770444	0.38	0.002594430979
4.925540189	0.38	0.002069010531
5.137654889	0.38	0.001651943004
5.360644943	0.38	0.001319993374
5.595067942	0.38	0.001055261888
5.841510065	0.38	0.0008438303802
6.100587545	0.38	0.0006747957345
6.372948213	0.38	0.0005395658851
6.65927311	0.38	0.0004313380754
6.960278198	0.38	0.0003447063504
7.276716148	0.38	0.0002753624718
7.609378218	0.38	0.0002198655425
7.959096237	0.38	0.0001754629383
8.326744682	0.38	0.0001399500718
8.713242866	0.38	0.0001115598842
9.119557236	0.38	0.00008887532545
9.546703789	0.38	0.00007075975992
9.995750614	0.38	0.00005630144837
10.46782056	0.38	0.00004476914884
10.96409405	0.38	0.00003557654228
11.48581203	0.38	0.00002825368911
12.03427906	0.38	0.00002242410468
12.6108666	0.38	0.00001778633604
13.21701641	0.38	0.00001409915097
13.85424419	0.38	0.00001116962995
14.52414333	0.38	8.843592729e-6
15.22838894	0.38	6.99790394e-6
15.96874199	0.38	5.53429111e-6
16.74705376	0.38	4.374380296e-6
17.56527042	0.38	3.455711721e-6
4.686810656	0.39	0.002680736673
4.8885804	0.39	0.002134894775
5.100695101	0.39	0.001702343288
5.323685155	0.39	0.001358603482
5.558108154	0.39	0.001084866517
5.804550277	0.39	0.0008665412241
6.063627757	0.39	0.0006922212206
6.335988425	0.39	0.0005529351424
6.622313322	0.39	0.0004415926202
6.92331841	0.39	0.0003525685933
7.23975636	0.39	0.0002813873215
7.57241843	0.39	0.0002244795247
7.922136449	0.39	0.0001789939987
8.289784894	0.39	0.000142650365
8.676283078	0.39	0.0001136232506
9.082597448	0.39	0.00009045072068
9.509744001	0.39	0.00007196158843
9.958790826	0.39	0.00005721752256
10.43086077	0.39	0.00004546682201
10.92713427	0.39	0.00003610743512
11.44885224	0.39	0.00002865733193
11.99731928	0.39	0.00002273074313
12.57390681	0.39	0.00001801909137
13.18005662	0.39	0.00001427568238
13.8172844	0.39	0.00001130341266
14.48718355	0.39	8.944900009e-6
15.19142915	0.39	7.074560869e-6
15.93178221	0.39	5.592252671e-6
16.71009397	0.39	4.4181743e-6
17.52831063	0.39	3.488777855e-6
4.649686066	0.4	0.002770863803
4.851455811	0.4	0.002203587541
5.063570512	0.4	0.001754814711
5.286560566	0.4	0.001398744496
5.520983564	0.4	0.001115604442
5.767425687	0.4	0.0008900917717
6.026503168	0.4	0.0007102691479
6.298863835	0.4	0.0005667658321
6.585188732	0.4	0.0004521891769
6.88619382	0.4	0.0003606842393
7.20263177	0.4	0.0002875998243
7.53529384	0.4	0.0002292323829
7.885011859	0.4	0.0001826277638
8.252660304	0.4	0.0001454265552
8.639158488	0.4	0.0001157426593
9.045472858	0.4	0.00009206746385
9.472619411	0.4	0.00007319389853
9.921666236	0.4	0.00005815604946
10.39373618	0.4	0.00004618102058
10.89000968	0.4	0.00003665048131
11.41172765	0.4	0.00002906990594
11.96019469	0.4	0.00002304394006
12.53678222	0.4	0.00001825665946
13.14293203	0.4	0.00001445574311
13.78015981	0.4	0.00001143978188
14.45005896	0.4	9.048101704e-6
15.15430456	0.4	7.152604522e-6
15.89465762	0.4	5.651228786e-6
16.67296938	0.4	4.462710209e-6
17.49118604	0.4	3.522386269e-6
4.612392476	0.41	0.002865027414
4.814162221	0.41	0.002275241925
5.026276922	0.41	0.001809466825
5.249266976	0.41	0.001440495079
5.483689975	0.41	0.001147532272
5.730132097	0.41	0.0009145228223
5.989209578	0.41	0.0007289689429
6.261570245	0.41	0.0005810791856
6.547895142	0.41	0.0004631430645
6.848900231	0.41	0.000369064339
7.16533818	0.41	0.0002940079493
7.49800025	0.41	0.0002341298609
7.847718269	0.41	0.0001863683721
8.215366714	0.41	0.0001482816224
8.601864899	0.41	0.0001179202546
9.008179268	0.41	0.00009372709747
9.435325822	0.41	0.00007445779922
9.884372647	0.41	0.00005911782603
10.35644259	0.41	0.00004691231706
10.85271609	0.41	0.00003720609193
11.37443406	0.41	0.00002949170626
11.9229011	0.41	0.00002336390732
12.49948863	0.41	0.00001849919232
13.10563844	0.41	0.00001463944226
13.74286622	0.41	0.00001157881588
14.41276537	0.41	9.15325397e-6
15.11701097	0.41	7.232075198e-6
15.85736403	0.41	5.71124838e-6
16.63567579	0.41	4.508008786e-6
17.45389245	0.41	3.556551872e-6
4.574925507	0.42	0.002963457431
4.776695252	0.42	0.002350021351
4.988809953	0.42	0.001866416401
5.211800007	0.42	0.001483938967
5.446223005	0.42	0.001180710192
5.692665128	0.42	0.0009398776959
5.951742609	0.42	0.0007483518133
6.224103276	0.42	0.0005958976932
6.510428173	0.42	0.0004744704918
6.811433261	0.42	0.0003777205725
7.127871211	0.42	0.0003006201103
7.460533281	0.42	0.0002391780175
7.8102513	0.42	0.0001902201839
8.177899745	0.42	0.0001512187033
8.564397929	0.42	0.0001201582922
8.970712299	0.42	0.00009543124255
9.397858852	0.42	0.00007575445497
9.846905677	0.42	0.00006010368843
10.31897563	0.42	0.00004766131164
10.81524912	0.42	0.00003777469771
11.3369671	0.42	0.0000299230419
11.88543413	0.42	0.00002369086654
12.46202166	0.42	0.00001874684891
13.06817148	0.42	0.00001482689381
13.70539925	0.42	0.00001172059641
14.3752984	0.42	9.260415448e-6
15.079544	0.42	7.313014961e-6
15.81989706	0.42	5.772341631e-6
16.59820882	0.42	4.554091688e-6
17.41642548	0.42	3.591290211e-6
4.537280587	0.43	0.0030663999
4.739050332	0.43	0.002428100414
4.951165033	0.43	0.001925788008
5.174155087	0.43	0.001529165361
5.408578085	0.43	0.001215202234
5.655020208	0.43	0.0009662024254
5.914097689	0.43	0.0007684508812
6.186458356	0.43	0.0006112451972
6.472783253	0.43	0.0004861886229
6.773788341	0.43	0.0003866652946
7.090226291	0.43	0.0003074451979
7.422888361	0.43	0.0002443832478
7.77260638	0.43	0.0001941877978
8.140254825	0.43	0.0001542411028
8.526753009	0.43	0.0001224591462
8.933067379	0.43	0.00009718160383
9.360213932	0.43	0.00007708508938
9.809260757	0.43	0.00006111451462
10.28133071	0.43	0.00004842863406
10.7776042	0.43	0.00003835675023
11.29932218	0.43	0.00003036423661
11.84778921	0.43	0.00002402504982
12.42437674	0.43	0.00001899979559
13.03052656	0.43	0.00001501821701
13.66775433	0.43	0.00001186520895
14.33765348	0.43	9.369647414e-6
15.04189908	0.43	7.395467747e-6
15.78225214	0.43	5.83454005e-6
16.5605639	0.43	4.60098152e-6
17.37878056	0.43	3.626617507e-6
4.499452941	0.44	0.003174118341
4.701222686	0.44	0.002509665804
4.913337387	0.44	0.001987714649
5.136327441	0.44	0.001576269373
5.37075044	0.44	0.001251076583
5.617192562	0.44	0.0009935459678
5.876270043	0.44	0.0007893013301
6.14863071	0.44	0.0006271469942
6.434955607	0.44	0.0004983156481
6.735960696	0.44	0.0003959115844
7.052398645	0.44	0.0003144926138
7.385060715	0.44	0.0002497523079
7.734778734	0.44	0.0001982760665
8.102427179	0.44	0.0001573523054
8.488925364	0.44	0.0001248253173
8.895239734	0.44	0.00009897997548
9.322386287	0.44	0.00007845098919
9.771433112	0.44	0.0000621512271
10.24350306	0.44	0.00004921494554
10.73977655	0.44	0.00003895272328
11.26149453	0.44	0.00003081562987
11.80996156	0.44	0.00002436670034
12.3865491	0.44	0.00001925820658
12.99269891	0.44	0.00001521353668
13.62992669	0.44	0.00001201274292
14.29982583	0.44	9.481013943e-6
15.00407144	0.44	7.479479479e-6
15.74442449	0.44	5.897876558e-6
16.52273626	0.44	4.648701891e-6
17.34095292	0.44	3.662550697e-6
4.461437578	0.45	0.003286895245
4.663207322	0.45	0.00259491732
4.875322023	0.45	0.002052338452
5.098312077	0.45	0.001625352503
5.332735076	0.45	0.001288405905
5.579177199	0.45	0.001021960434
5.838254679	0.45	0.0008109405651
6.110615346	0.45	0.0006436299463
6.396940244	0.45	0.0005108708613
6.697945332	0.45	0.0004054732989
7.014383282	0.45	0.0003217723083
7.347045352	0.45	0.0002552923406
7.696763371	0.45	0.0002024901158
8.064411816	0.45	0.0001605559878
8.45091	0.45	0.0001272594419
8.85722437	0.45	0.0001008282472
9.284370923	0.45	0.00007985350851
9.733417748	0.45	0.00006321479591
10.2054877	0.45	0.0000500209408
10.70176119	0.45	0.00003956311438
11.22347917	0.45	0.00003127757789
11.7719462	0.45	0.00002471607314
12.34853373	0.45	0.00001952226448
12.95468355	0.45	0.00001541298355
13.59191132	0.45	0.00001216329194
14.26181047	0.45	9.59458209e-6
14.96605608	0.45	7.565098195e-6
15.70640913	0.45	5.962385581e-6
16.48472089	0.45	4.697277479e-6
17.30293755	0.45	3.69910748e-6
4.423229273	0.46	0.003405033709
4.624999018	0.46	0.00268406898
4.837113719	0.46	0.00211981144
5.060103773	0.46	0.001676523163
5.294526772	0.46	0.00132726772
5.540968895	0.46	0.001051501343
5.800046375	0.46	0.0008334083878
6.072407042	0.46	0.0006607226028
6.358731939	0.46	0.0005238747447
6.659737028	0.46	0.0004153651323
6.976174977	0.46	0.0003292948212
7.308837047	0.46	0.0002610109037
7.658555066	0.46	0.0002068353635
8.026203512	0.46	0.0001638560326
8.412701696	0.46	0.0001297643015
8.819016066	0.46	0.0001027284111
9.246162619	0.46	0.00008129407353
9.695209444	0.46	0.00006430624191
10.16727939	0.46	0.00005084735045
10.66355288	0.46	0.00004018844629
11.18527086	0.46	0.00003175045471
11.73373789	0.46	0.00002507343586
12.31032543	0.46	0.00001979216078
12.91647524	0.46	0.00001561669466
13.55370302	0.46	0.0000123169541
14.22360216	0.46	9.710422077e-6
14.92784777	0.46	7.652374181e-6
15.66820082	0.46	6.028103141e-6
16.44651259	0.46	4.7467341e-6
17.26472925	0.46	3.736306365e-6
4.38482256	0.47	0.003528859253
4.586592304	0.47	0.002777350253
4.798707005	0.47	0.002190296363
5.021697059	0.47	0.001729897259
5.256120058	0.47	0.001367744791
5.502562181	0.47	0.001082227895
5.761639661	0.47	0.0008567471889
6.034000328	0.47	0.0006784553338
6.320325226	0.47	0.0005373490613
6.621330314	0.47	0.0004256026798
6.937768263	0.47	0.0003370713265
7.270430333	0.47	0.0002669160017
7.620148353	0.47	0.0002113175419
7.987796798	0.47	0.0001672565435
8.374294982	0.47	0.0001323428332
8.780609352	0.47	0.0001046825686
9.207755905	0.47	0.00008277418759
9.65680273	0.47	0.00006542664032
10.12887268	0.47	0.00005169494338
10.62514617	0.47	0.00004082926884
11.14686415	0.47	0.00003223465348
11.69533118	0.47	0.00002543906961
12.27191872	0.47	0.00002006809652
12.87806853	0.47	0.00001582481379
13.51529631	0.47	0.00001247383225
14.18519545	0.47	9.828607506e-6
14.88944106	0.47	7.741360124e-6
15.62979411	0.47	6.095066965e-6
16.40810587	0.47	4.79709878e-6
17.22632254	0.47	3.77416672e-6
4.346211705	0.48	0.003658721811
4.54798145	0.48	0.00287500741
4.760096151	0.48	0.00226396763
4.983086205	0.48	0.001785598826
5.217509203	0.48	0.001409925572
5.463951326	0.48	0.001114203282
5.723028807	0.48	0.0008810021589
5.995389474	0.48	0.0006968604762
6.281714371	0.48	0.0005513169563
6.582719459	0.48	0.0004362025085
6.899157409	0.48	0.0003451136813
7.231819479	0.48	0.0002730161191
7.581537498	0.48	0.0002159427206
7.949185943	0.48	0.0001707618618
8.335684127	0.48	0.0001349981411
8.741998497	0.48	0.0001066929388
9.16914505	0.48	0.00008429543671
9.618191875	0.48	0.00006657712454
10.09026182	0.48	0.00005256452949
10.58653532	0.48	0.00004148616071
11.10825329	0.48	0.0000327305877
11.65672032	0.48	0.00002581326988
12.23330786	0.48	0.00002035028289
12.83945767	0.48	0.00001603749193
13.47668545	0.48	0.00001263403436
14.14658459	0.48	9.949215584e-6
14.8508302	0.48	7.832111263e-6
15.59118325	0.48	6.163316595e-6
16.36949502	0.48	4.848399836e-6
17.18771168	0.48	3.812708837e-6
4.307390697	0.49	0.003794997941
4.509160442	0.49	0.002977305016
4.721275143	0.49	0.002341012327
4.944265197	0.49	0.00184376073
5.178688196	0.49	0.001453904691
5.425130318	0.49	0.001147495016
5.684207799	0.49	0.0009062215201
5.956568466	0.49	0.0007159724947
6.242893363	0.49	0.000565803069
6.543898452	0.49	0.0004471822343
6.860336401	0.49	0.0003534344793
7.192998471	0.49	0.0002793202577
7.54271649	0.49	0.0002207173331
7.910364936	0.49	0.0001743765839
8.29686312	0.49	0.0001377335087
8.70317749	0.49	0.0001087618668
9.130324043	0.49	0.00008585949561
9.579370868	0.49	0.00006775889042
10.05144082	0.49	0.00005345696263
10.54771431	0.49	0.00004215973157
11.06943229	0.49	0.00003323869271
11.61789932	0.49	0.00002619634757
12.19448685	0.49	0.00002063894195
12.80063667	0.49	0.00001625488771
13.43786444	0.49	0.00001279767379
14.10776359	0.49	0.00001007232737
14.81200919	0.49	7.924685575e-6
15.55236225	0.49	6.232893513e-6
16.33067401	0.49	4.900666965e-6
17.14889067	0.49	3.851953984e-6
4.268353225	0.5	0.003938093266
4.47012297	0.5	0.003084527584
4.682237671	0.5	0.002421631347
4.905227725	0.5	0.001904525445
5.139650723	0.5	0.00149978348
5.386092846	0.5	0.001182175305
5.645170327	0.5	0.0009324567826
5.917530994	0.5	0.0007358281586
6.203855891	0.5	0.0005808336548
6.504860979	0.5	0.0004585606071
6.821298929	0.5	0.0003620471099
7.153960999	0.5	0.0002858379779
7.503679018	0.5	0.0002256482042
7.871327463	0.5	0.0001781055815
8.257825647	0.5	0.0001405524127
8.664140017	0.5	0.0001108918334
9.09128657	0.5	0.00008746813436
9.540333395	0.5	0.00006897320081
10.01240334	0.5	0.00005437314377
10.50867684	0.5	0.00004285062426
11.03039481	0.5	0.00003375942722
11.57886184	0.5	0.00002658863007
12.15544938	0.5	0.00002093430741
12.76159919	0.5	0.00001647716802
13.39882697	0.5	0.00001296486975
14.06872611	0.5	0.00001019802805
14.77297172	0.5	8.019143952e-6
15.51332477	0.5	6.303841273e-6
16.29163654	0.5	4.953931335e-6
17.1098532	0.5	3.891924482e-6
4.229092654	0.51	0.004088445187
4.430862399	0.51	0.003196981402
4.6429771	0.51	0.002506040633
4.865967154	0.51	0.001968045906
5.100390153	0.51	0.001547670571
5.346832275	0.51	0.001218321455
5.605909756	0.51	0.0009597630255
5.878270423	0.51	0.000756466737
6.16459532	0.51	0.0005964367204
6.465600409	0.51	0.000470357604
6.782038358	0.51	0.0003709658227
7.114700428	0.51	0.0002925794428
7.464418447	0.51	0.000230742582
7.832066893	0.51	0.0001819540227
8.218565077	0.51	0.0001434585378
8.624879447	0.51	0.0001130854656
9.052026	0.51	0.00008912322552
9.501072825	0.51	0.00007022139061
9.973142773	0.51	0.00005531402458
10.46941626	0.51	0.00004355951729
10.99113424	0.51	0.00003429327506
11.53960127	0.51	0.00002699046245
12.11618881	0.51	0.00002123662546
12.72233862	0.51	0.00001670450855
13.3595664	0.51	0.00001313574767
14.02946554	0.51	0.0000103264072
14.73371115	0.51	8.115550417e-6
15.4740642	0.51	6.376205649e-6
16.25237597	0.51	5.008225694e-6
17.07059263	0.51	3.932643771e-6
4.189602007	0.52	0.004246525885
4.391371752	0.52	0.003314996563
4.603486453	0.52	0.002594472572
4.826476507	0.52	0.002034486466
5.060899506	0.52	0.00159768255
5.307341628	0.52	0.001256016327
5.566419109	0.52	0.0009881992092
5.838779776	0.52	0.0007779302139
6.125104673	0.52	0.0006126421727
6.426109762	0.52	0.0004825945323
6.742547711	0.52	0.0003802057984
7.075209781	0.52	0.000299555468
7.4249278	0.52	0.0002360081712
7.792576245	0.52	0.0001859273957
8.17907443	0.52	0.0001464557931
8.585388799	0.52	0.0001153455475
9.012535353	0.52	0.00009082675214
9.461582178	0.52	0.00007150487227
9.933652126	0.52	0.00005628061118
10.42992562	0.52	0.00004428712746
10.9516436	0.52	0.00003484074703
11.50011063	0.52	0.0000274022088
12.07669816	0.52	0.00002154615569
12.68284798	0.52	0.00001693709447
13.32007575	0.52	0.00001331043969
13.9899749	0.52	0.00001045755917
14.6942205	0.52	8.213972348e-6
15.43457356	0.52	6.450034797e-6
16.21288532	0.52	5.063584478e-6
17.03110198	0.52	3.974136494e-6
4.149873935	0.53	0.004412845667
4.35164368	0.53	0.003438929222
4.563758381	0.53	0.002687177521
4.786748435	0.53	0.002104023944
5.021171434	0.53	0.001649944677
5.267613556	0.53	0.00129534883
5.526691037	0.53	0.00101782852
5.799051704	0.53	0.0008002635264
6.085376601	0.53	0.0006294819832
6.38638169	0.53	0.0004952941431
6.702819639	0.53	0.0003897832282
7.035481709	0.53	0.0003067775757
7.385199728	0.53	0.0002414531712
7.752848173	0.53	0.0001900315352
8.139346358	0.53	0.0001495483304
8.545660727	0.53	0.0001176750333
8.972807281	0.53	0.00009258081643
9.421854106	0.53	0.00007282514185
9.893924054	0.53	0.00005727396842
10.39019755	0.53	0.00004503421286
10.91191552	0.53	0.00003540238294
11.46038255	0.53	0.00002782425363
12.03697009	0.53	0.00002186317211
12.6431199	0.53	0.0000171751211
13.28034768	0.53	0.00001348908511
13.95024682	0.53	0.00001059158335
14.65449243	0.53	8.314480721e-6
15.39484548	0.53	6.525379425e-6
16.17315725	0.53	5.120043939e-6
16.99137391	0.53	4.016428586e-6
4.109900691	0.54	0.004587956693
4.311670436	0.54	0.003569164107
4.523785137	0.54	0.002784425527
4.746775191	0.54	0.002176848798
4.98119819	0.54	0.001704591699
5.227640312	0.54	0.001336414484
5.486717793	0.54	0.001048718753
5.75907846	0.54	0.000823514829
6.045403357	0.54	0.0006469903704
6.346408446	0.54	0.0005084807573
6.662846395	0.54	0.0003997153997
6.995508465	0.54	0.0003142580549
7.345226484	0.54	0.0002470863174
7.71287493	0.54	0.0001942726507
8.099373114	0.54	0.0001527405636
8.505687484	0.54	0.000120077061
8.932834037	0.54	0.00009438764932
9.381880862	0.54	0.00007418378568
9.85395081	0.54	0.00005829522451
10.3502243	0.54	0.00004580157605
10.87194228	0.54	0.0000359787539
11.42040931	0.54	0.0000282570035
11.99699685	0.54	0.00002218796422
12.60314666	0.54	0.00001741879473
13.24037444	0.54	0.00001367183097
13.91027358	0.54	0.00001072858463
14.61451919	0.54	8.41715039e-6
15.35487224	0.54	6.602292989e-6
16.13318401	0.54	5.17764228e-6
16.95140067	0.54	4.059547369e-6
4.069674099	0.55	0.004772457134
4.271443844	0.55	0.003706117314
4.483558545	0.55	0.002886508228
4.706548599	0.55	0.002253166434
4.940971598	0.55	0.00176176874
5.187413721	0.55	0.001379316031
5.446491201	0.55	0.001080942738
5.718851868	0.55	0.0008477357869
6.005176765	0.55	0.0006652040018
6.306181854	0.55	0.0005221804051
6.622619803	0.55	0.0004100207941
6.955281873	0.55	0.0003220100276
7.304999892	0.55	0.0002529169275
7.672648338	0.55	0.0001986573584
8.059146522	0.55	0.0001560371913
8.465460892	0.55	0.0001225549674
8.892607445	0.55	0.00009624962105
9.34165427	0.55	0.00007558248771
9.813724218	0.55	0.00005934557609
10.30999771	0.55	0.00004659006767
10.83171569	0.55	0.00003657046479
11.38018272	0.55	0.00002870088869
11.95677026	0.55	0.00002252083828
12.56292007	0.55	0.00001766833341
13.20014784	0.55	0.00001385883266
13.87004699	0.55	0.00001086867378
14.5742926	0.55	8.522060376e-6
15.31464565	0.55	6.680831902e-6
16.09295741	0.55	5.236419803e-6
16.91117408	0.55	4.103521656e-6
4.02918552	0.56	0.004966995818
4.230955265	0.56	0.003850239445
4.443069966	0.56	0.002993740985
4.66606002	0.56	0.002333198661
4.900483019	0.56	0.00182163231
5.146925141	0.56	0.001424164129
5.406002622	0.56	0.001114578813
5.678363289	0.56	0.0008729819019
5.964688186	0.56	0.0006841622188
6.265693275	0.56	0.0005364209805
6.582131224	0.56	0.0004207191922
6.914793294	0.56	0.0003300475227
7.264511313	0.56	0.0002589549517
7.632159758	0.56	0.0002031927165
8.018657943	0.56	0.0001594432205
8.424972312	0.56	0.0001251123053
8.852118866	0.56	0.00009816925283
9.301165691	0.56	0.00007702303756
9.773235639	0.56	0.00006042629389
10.26950913	0.56	0.0000474005903
10.79122711	0.56	0.00003717815697
11.33969414	0.56	0.00002915636518
11.91628168	0.56	0.00002286211862
12.52243149	0.56	0.00001792396798
13.15965927	0.56	0.00001405025454
13.82955841	0.56	0.00001101196793
14.53380402	0.56	8.629294202e-6
15.27415707	0.56	6.761055767e-6
16.05246883	0.56	5.296419073e-6
16.8706855	0.56	4.148381871e-6
3.988425814	0.57	0.005172277443
4.190195558	0.57	0.004002019103
4.402310259	0.57	0.003106465261
4.625300313	0.57	0.002417185323
4.859723312	0.57	0.001884351417
5.106165435	0.57	0.001471078115
5.365242915	0.57	0.001149711353
5.637603582	0.57	0.0008993128768
5.92392848	0.57	0.0007039072874
6.224933568	0.57	0.0005512324144
6.541371517	0.57	0.0004318317936
6.874033587	0.57	0.0003383855579
7.223751607	0.57	0.0002652110297
7.591400052	0.57	0.000207886264
7.977898236	0.57	0.0001629639942
8.384212606	0.57	0.0001277528618
8.811359159	0.57	0.0001001492298
9.260405984	0.57	0.00007850733957
9.732475932	0.57	0.00006153872897
10.22874942	0.57	0.00004823410287
10.7504674	0.57	0.00003780251138
11.29893443	0.57	0.00002962391672
11.87552197	0.57	0.00002321214911
12.48167178	0.57	0.00001818594303
13.11889956	0.57	0.0000142462707
13.7887987	0.57	0.00001115859107
14.49304431	0.57	8.738940253e-6
15.23339736	0.57	6.843027633e-6
16.01170913	0.57	5.357685104e-6
16.82992579	0.57	4.194160176e-6
3.947385297	0.58	0.005389068417
4.149155042	0.58	0.004161986827
4.361269743	0.58	0.003225051301
4.584259797	0.58	0.002505386125
4.818682796	0.58	0.001950108824
5.065124918	0.58	0.001520186871
5.324202399	0.58	0.001186431361
5.596563066	0.58	0.0009267930222
5.882887963	0.58	0.0007244846777
6.183893052	0.58	0.0005666468663
6.500331001	0.58	0.0004433813492
6.832993071	0.58	0.0003470402308
7.18271109	0.58	0.0002716965533
7.550359536	0.58	0.000212746064
7.93685772	0.58	0.0001666052207
8.34317209	0.58	0.0001304806792
8.770318643	0.58	0.0001021924152
9.219365468	0.58	0.00008003742268
9.691435416	0.58	0.00006268431961
10.18770891	0.58	0.00004909162544
10.70942689	0.58	0.0000384442518
11.25789392	0.58	0.0000301040572
11.83448145	0.58	0.00002357129483
12.44063127	0.58	0.00001845451807
13.07785904	0.58	0.00001444706577
13.74775819	0.58	0.00001130867464
14.45200379	0.58	8.851092178e-6
15.19235685	0.58	6.926814277e-6
15.97066861	0.58	5.420265552e-6
16.78888527	0.58	4.240890614e-6
3.906053701	0.59	0.005618203433
4.107823446	0.59	0.00433071951
4.319938146	0.59	0.00334990113
4.542928201	0.59	0.00259808269
4.777351199	0.59	0.002019102456
5.023793322	0.59	0.001571629789
5.282870803	0.59	0.001224837133
5.55523147	0.59	0.0009554917119
5.841556367	0.59	0.0007459433771
6.142561455	0.59	0.0005826989405
6.458999405	0.59	0.0004553923091
6.791661475	0.59	0.0003560288205
7.141379494	0.59	0.0002784237367
7.509027939	0.59	0.0002177807524
7.895526123	0.59	0.0001703730072
8.301840493	0.59	0.0001333000779
8.728987046	0.59	0.0001043018666
9.178033871	0.59	0.00008161545153
9.650103819	0.59	0.00006386459903
10.14637731	0.59	0.00004997424453
10.66809529	0.59	0.00003910414866
11.21656232	0.59	0.00003059733323
11.79314986	0.59	0.00002393994385
12.39929967	0.59	0.00001872996886
13.03652745	0.59	0.0000146528358
13.70642659	0.59	0.00001146235816
14.4106722	0.59	8.965849333e-6
15.15102525	0.59	7.012486522e-6
15.92933702	0.59	5.484210945e-6
16.74755368	0.59	4.288609266e-6
3.864420114	0.6	0.005860592878
4.066189859	0.6	0.004508845381
4.27830456	0.6	0.00348145194
4.501294614	0.6	0.002695580868
4.735717613	0.6	0.002091546989
4.982159735	0.6	0.001625557857
5.241237216	0.6	0.001265035006
5.513597883	0.6	0.0009854838954
5.79992278	0.6	0.0007683362419
6.100927869	0.6	0.0005994259264
6.417365818	0.6	0.0004678909883
6.750027888	0.6	0.0003653699022
7.099745907	0.6	0.0002854056948
7.467394352	0.6	0.0002229995914
7.853892537	0.6	0.0001742738974
8.260206907	0.6	0.0001362156824
8.68735346	0.6	0.0001064808535
9.136400285	0.6	0.00008324373877
9.608470233	0.6	0.00006508120389
10.10474372	0.6	0.00005088311907
10.6264617	0.6	0.00003978302314
11.17492873	0.6	0.00003110432704
11.75151627	0.6	0.00002431850931
12.35766608	0.6	0.00001901258872
12.99489386	0.6	0.00001486378927
13.664793	0.6	0.0000116197899
14.36903861	0.6	9.083317276e-6
15.10939166	0.6	7.100119582e-6
15.88770343	0.6	5.549574926e-6
16.70592009	0.6	4.337354428e-6
3.822472931	0.61	0.006117231203
4.024242676	0.61	0.004697049627
4.236357377	0.61	0.003620179915
4.459347431	0.61	0.002798213353
4.69377043	0.61	0.002167675629
4.940212552	0.61	0.001682134887
5.199290033	0.61	0.001307140192
5.4716507	0.61	0.001016850674
5.757975597	0.61	0.0007917203925
6.058980686	0.61	0.0006168680703
6.375418635	0.61	0.0004809057528
6.708080705	0.61	0.0003750834744
7.057798724	0.61	0.0002926565311
7.425447169	0.61	0.0002284125305
7.811945354	0.61	0.0001783149126
8.218259723	0.61	0.0001392324499
8.645406276	0.61	0.0001087328774
9.094453102	0.61	0.00008492475884
9.56652305	0.61	0.00006633588389
10.06279654	0.61	0.00005181948709
10.58451452	0.61	0.00004048175177
11.13298155	0.61	0.00003162565974
11.70956909	0.61	0.00002470743161
12.3157189	0.61	0.00001930269023
12.95294668	0.61	0.00001508014818
13.62284582	0.61	0.00001178112769
14.32709143	0.61	9.203608318e-6
15.06744448	0.61	7.18979345e-6
15.84575625	0.61	5.616414528e-6
16.66397291	0.61	4.3871668e-6
3.780199785	0.62	0.006389206396
3.98196953	0.62	0.004896080763
4.194084231	0.62	0.003766604557
4.417074285	0.62	0.002906342638
4.651497283	0.62	0.002247742149
4.897939406	0.62	0.001741538899
5.157016887	0.62	0.001351277735
5.429377554	0.62	0.001049679952
5.715702451	0.62	0.0008161576594
6.01670754	0.62	0.0006350688812
6.333145489	0.62	0.0004944672295
6.665807559	0.62	0.0003851911032
7.015525578	0.62	0.0003001914366
7.383174023	0.62	0.0002340302741
7.769672208	0.62	0.0001825035989
8.175986577	0.62	0.0001423557024
8.60313313	0.62	0.0001110616938
9.052179956	0.62	0.00008666116339
9.524249904	0.62	0.00006763051246
10.0205234	0.62	0.00005278467307
10.54224137	0.62	0.00004120127168
11.0907084	0.62	0.00003216199485
11.66729594	0.62	0.00002510718099
12.27344575	0.62	0.00001960060691
12.91067353	0.62	0.00001530214931
13.58057267	0.62	0.0000119465398
14.28481828	0.62	9.326842137e-6
15.02517133	0.62	7.281593339e-6
15.8034831	0.62	5.684790483e-6
16.62169976	0.62	4.438089715e-6
3.737587478	0.63	0.006677710739
3.939357223	0.63	0.005106757866
4.151471924	0.63	0.003921293604
4.374461978	0.63	0.00302036437
4.608884976	0.63	0.002332023176
4.855327099	0.63	0.001803963697
5.11440458	0.63	0.001397583584
5.386765247	0.63	0.001084067174
5.673090144	0.63	0.0008417150881
5.974095233	0.63	0.0006540754759
6.290533182	0.63	0.0005086085428
6.623195252	0.63	0.0003957160843
6.972913271	0.63	0.0003080268012
7.340561716	0.63	0.0002398643581
7.7270599	0.63	0.0001868480798
8.13337427	0.63	0.0001455911634
8.560520823	0.63	0.0001134713374
9.009567649	0.63	0.00008845579864
9.481637597	0.63	0.00006896709874
9.977911089	0.63	0.00005378009635
10.49962907	0.63	0.00004194258633
11.0480961	0.63	0.00003271404243
11.62468363	0.63	0.00002551826032
12.23083345	0.63	0.00001990669524
12.86806122	0.63	0.0000155300456
13.53796037	0.63	0.00001211620587
14.24220598	0.63	9.453146466e-6
14.98255903	0.63	7.375610159e-6
15.76087079	0.63	5.754767563e-6
16.57908745	0.63	4.49016937e-6
3.6946219	0.64	0.006984053039
3.896391645	0.64	0.005329978799
4.108506346	0.64	0.004084868624
4.3314964	0.64	0.003140711176
4.565919399	0.64	0.00242082081
4.812361521	0.64	0.001869620655
5.071439002	0.64	0.001446205818
5.343799669	0.64	0.00112011616
5.630124566	0.64	0.000868465511
5.931129655	0.64	0.000673938971
6.247567604	0.64	0.0005233655827
6.580229674	0.64	0.0004066836269
6.929947693	0.64	0.0003161803393
7.297596138	0.64	0.0002459272366
7.684094323	0.64	0.0001913571155
8.090408692	0.64	0.0001489449985
8.517555245	0.64	0.0001159661506
8.966602071	0.64	0.00009031172488
9.438672019	0.64	0.00007034780117
9.934945511	0.64	0.0000548072805
10.45666349	0.64	0.00004270677208
11.00513052	0.64	0.00003328256358
11.58171806	0.64	0.00002594120829
12.18786787	0.64	0.00002022133685
12.82509565	0.64	0.00001576410772
13.49499479	0.64	0.00001229031806
14.1992404	0.64	9.582657868e-6
14.93959345	0.64	7.47194107e-6
15.71790521	0.64	5.826414971e-6
16.53612188	0.64	4.543455111e-6
3.651287939	0.65	0.007309672591
3.853057684	0.65	0.005566729608
4.065172385	0.65	0.004258011403
4.288162439	0.65	0.003267857025
4.522585438	0.65	0.002514465607
4.76902756	0.65	0.00193874076
5.028105041	0.65	0.00149730604
5.300465708	0.65	0.001157940062
5.586790605	0.65	0.0008964881998
5.887795694	0.65	0.0006947149281
6.204233643	0.65	0.0005387773092
6.536895713	0.65	0.0004181210621
6.886613732	0.65	0.0003246712334
7.254262178	0.65	0.0002522323798
7.640760362	0.65	0.0001960401704
8.047074732	0.65	0.000152423862
8.474221285	0.65	0.0001185508151
8.92326811	0.65	0.00009223223855
9.395338058	0.65	0.00007177494269
9.89161155	0.65	0.0000558678639
10.41332953	0.65	0.00004349498553
10.96179656	0.65	0.0000338683756
11.5383841	0.65	0.00002637660302
12.14453391	0.65	0.00002054494111
12.78176168	0.65	0.00001600462582
13.45166083	0.65	0.00001246908226
14.15590644	0.65	9.715522607e-6
14.89625949	0.65	7.570690094e-6
15.67457125	0.65	5.899806772e-6
16.49278792	0.65	4.597999735e-6
3.607569379	0.66	0.007656155143
3.809339124	0.66	0.005818095279
4.021453824	0.66	0.004441471272
4.244443878	0.66	0.003402322228
4.478866877	0.66	0.00261332
4.725309	0.66	0.002011576946
4.98438648	0.66	0.001551060976
5.256747148	0.66	0.001197662452
5.543072045	0.66	0.0009258696092
5.844077133	0.66	0.0007164638625
6.160515083	0.66	0.0005548861002
6.493177153	0.66	0.0004300580804
6.842895172	0.66	0.0003335202958
7.210543617	0.66	0.000258794385
7.597041801	0.66	0.0002009074897
8.003356171	0.66	0.0001560349492
8.430502724	0.66	0.0001212303884
8.879549549	0.66	0.00009422089731
9.351619497	0.66	0.00007325102814
9.847892989	0.66	0.00005696361177
10.36961097	0.66	0.00004430847193
10.918078	0.66	0.0000344723578
11.49466553	0.66	0.00002682506606
12.10081535	0.66	0.00002087794786
12.73804312	0.66	0.00001625191153
13.40794227	0.66	0.00001265271949
14.11218788	0.66	9.851897632e-6
14.85254093	0.66	7.671968814e-6
15.63085269	0.66	5.97502239e-6
16.44906936	0.66	4.65385984e-6
3.563448781	0.67	0.008025251218
3.765218526	0.67	0.006085272085
3.977333227	0.67	0.00463607351
4.200323281	0.67	0.003544679187
4.434746279	0.67	0.002717782226
4.681188402	0.67	0.002088406781
4.940265883	0.67	0.001607664305
5.21262655	0.67	0.001239418575
5.498951447	0.67	0.0009567042304
5.799956536	0.67	0.0007392518246
6.116394485	0.67	0.0005717381478
6.449056555	0.67	0.0004425270029
6.798774574	0.67	0.0003427501547
7.166423019	0.67	0.0002656291046
7.552921204	0.67	0.0002059701863
7.959235573	0.67	0.0001597860567
8.386382126	0.67	0.0001240103448
8.835428952	0.67	0.00009628154849
9.3074989	0.67	0.00007477876392
9.803772392	0.67	0.00005809642983
10.32549037	0.67	0.00004514857457
10.8739574	0.67	0.00003509545808
11.45054494	0.67	0.00002728726707
12.05669475	0.67	0.00002122083073
12.69392253	0.67	0.00001650630019
13.36382167	0.67	0.00001284146752
14.06806728	0.67	9.991951701e-6
14.80842033	0.67	7.77589716e-6
15.5867321	0.67	6.052147159e-6
16.40494876	0.67	4.711096224e-6
3.518907356	0.68	0.008418897197
3.720677101	0.68	0.006369581821
3.932791802	0.68	0.004842729051
4.155781856	0.68	0.003695559026
4.390204854	0.68	0.002828290857
4.636646977	0.68	0.002169535564
4.895724458	0.68	0.001667328771
5.168085125	0.68	0.001283356783
5.454410022	0.68	0.0009890955716
5.75541511	0.68	0.0007631510689
6.07185306	0.68	0.0005893839152
6.40451513	0.68	0.0004555630929
6.754233149	0.68	0.000352385467
7.121881594	0.68	0.0002727537909
7.508379778	0.68	0.0002112403408
7.914694148	0.68	0.0001636856508
8.341840701	0.68	0.0001268966229
8.790887526	0.68	0.0000984183616
9.262957475	0.68	0.00007636108048
9.759230967	0.68	0.00005926837986
10.28094894	0.68	0.00004601674568
10.82941598	0.68	0.0000357387005
11.40600351	0.68	0.00002776392903
12.01215332	0.68	0.00002157410075
12.6493811	0.68	0.0000167681535
13.31928025	0.68	0.00001303558262
14.02352585	0.68	0.00001013586665
14.76387891	0.68	7.88260431e-6
15.54219067	0.68	6.131272967e-6
16.36040733	0.68	4.76977433e-6
3.473924808	0.69	0.008839239659
3.675694553	0.69	0.00667248826
3.887809254	0.69	0.005062445712
4.110799308	0.69	0.003855659269
4.345222307	0.69	0.002945330055
4.591664429	0.69	0.002255299901
4.85074191	0.69	0.001730288627
5.123102577	0.69	0.001329640205
5.409427474	0.69	0.001023157292
5.710432563	0.69	0.0007882408258
6.026870512	0.69	0.0006078786621
6.359532582	0.69	0.0004692049141
6.709250601	0.69	0.0003624531628
7.076899047	0.69	0.0002801872638
7.463397231	0.69	0.0002167311163
7.869711601	0.69	0.0001677429461
8.296858154	0.69	0.0001298956796
8.745904979	0.69	0.0001006358657
9.217974927	0.69	0.00007800115809
9.714248419	0.69	0.00006048169755
10.2359664	0.69	0.00004691455879
10.78443343	0.69	0.00003640319387
11.36102096	0.69	0.00002825583425
11.96717078	0.69	0.00002193831058
12.60439855	0.69	0.00001703786237
13.2742977	0.69	0.00001323534167
13.97854331	0.69	0.00001028383884
14.71889636	0.69	7.992229715e-6
15.49720812	0.69	6.212498977e-6
16.31542479	0.69	4.829964765e-6
3.428479166	0.7	0.009288663578
3.63024891	0.7	0.006995616249
3.842363611	0.7	0.005296341241
4.065353665	0.7	0.004025752771
4.299776664	0.7	0.003069435666
4.546218787	0.7	0.002346071879
4.805296267	0.7	0.001796802473
5.077656934	0.7	0.001378448677
5.363981832	0.7	0.001059014514
5.66498692	0.7	0.0008146081952
5.981424869	0.7	0.000627283053
6.314086939	0.7	0.0004834947453
6.663804959	0.7	0.0003729827281
7.031453404	0.7	0.0002879501039
7.417951588	0.7	0.0002224568901
7.824265958	0.7	0.0001719679963
8.251412511	0.7	0.0001330145522
8.700459336	0.7	0.0001029389923
9.172529284	0.7	0.00007970245648
9.668802776	0.7	0.00006173881304
10.19052075	0.7	0.00004784372294
10.73898779	0.7	0.00003709014166
11.31557532	0.7	0.0000287638313
11.92172513	0.7	0.00002231405934
12.55895291	0.7	0.00001731585038
13.22885206	0.7	0.00001344104455
13.93309766	0.7	0.00001043608087
14.67345072	0.7	8.104924282e-6
15.45176248	0.7	6.295932462e-6
16.26997914	0.7	4.891743891e-6
3.382546577	0.71	0.009769825105
3.584316321	0.71	0.007340773961
3.796431022	0.71	0.005545658542
4.019421076	0.71	0.00420669814
4.253844075	0.71	0.003201202355
4.500286198	0.71	0.002442263917
4.759363678	0.71	0.001867156563
5.031724345	0.71	0.001429980991
5.318049243	0.71	0.001096805356
5.619054331	0.71	0.0008423491868
5.93549228	0.71	0.0006476638647
6.26815435	0.71	0.0004984790619
6.61787237	0.71	0.0003840065334
6.985520815	0.71	0.0002960648768
7.372018999	0.71	0.0002284334076
7.778333369	0.71	0.0001763717991
8.205479922	0.71	0.0001362609309
8.654526747	0.71	0.0001053331249
9.126596695	0.71	0.00008146874911
9.622870187	0.71	0.00006304237459
10.14458817	0.71	0.00004880609915
10.6930552	0.71	0.00003780085344
11.26964273	0.71	0.00002928884296
11.87579254	0.71	0.00002270199816
12.51302032	0.71	0.00001760257762
13.18291947	0.71	0.00001365301683
13.88716507	0.71	0.00001059282343
14.62751813	0.71	8.220851731e-6
15.40582989	0.71	6.381689767e-6
16.22404655	0.71	4.955194502e-6
3.33610108	0.72	0.01028568982
3.537870825	0.72	0.007709978924
3.749985525	0.72	0.00581178352
3.972975579	0.72	0.004399451969
4.207398578	0.72	0.003341291964
4.453840701	0.72	0.002544334481
4.712918182	0.72	0.001941668692
4.985278849	0.72	0.001484457535
5.271603746	0.72	0.001136682723
5.572608834	0.72	0.0008715699364
5.889046784	0.72	0.0006690948126
6.221708854	0.72	0.0005142090974
6.571426873	0.72	0.0003955602158
6.939075318	0.72	0.0003045563935
7.325573502	0.72	0.0002346779601
7.731887872	0.72	0.0001809664183
8.159034425	0.72	0.0001396432424
8.60808125	0.72	0.000107824157
9.080151198	0.72	0.00008330416297
9.57642469	0.72	0.0000643952761
10.09814267	0.72	0.0000498037195
10.6466097	0.72	0.00003853675811
11.22319724	0.72	0.00002983187544
11.82934705	0.72	0.00002310283664
12.46657483	0.72	0.00001789854525
13.13647397	0.72	0.00001387161297
13.84071958	0.72	0.0000107543176
14.58107263	0.72	8.340190168e-6
15.35938439	0.72	6.469897419e-6
16.17760106	0.72	5.020406615e-6
3.289114333	0.73	0.01083957754
3.490884078	0.73	0.008105488616
3.702998778	0.73	0.00609626609
3.925988832	0.73	0.004605083253
4.160411831	0.73	0.003490443371
4.406853954	0.73	0.002652794796
4.665931435	0.73	0.002020692764
4.938292102	0.73	0.001542123397
5.224616999	0.73	0.001178816411
5.525622087	0.73	0.0009023881351
5.842060037	0.73	0.0006916575207
6.174722107	0.73	0.0005307415031
6.524440126	0.73	0.0004076831277
6.892088571	0.73	0.0003134520164
7.278586755	0.73	0.0002412095938
7.684901125	0.73	0.0001857651269
8.112047678	0.73	0.0001431707478
8.561094503	0.73	0.0001104185589
9.033164451	0.73	0.00008521322497
9.529437943	0.73	0.00006580068923
10.05115592	0.73	0.00005083880932
10.59962295	0.73	0.00003929941937
11.17621049	0.73	0.00003039402917
11.7823603	0.73	0.00002351735037
12.41958808	0.73	0.00001820430075
13.08948722	0.73	0.00001409722001
13.79373283	0.73	0.00001092083743
14.53408588	0.73	8.463133918e-6
15.31239765	0.73	6.560693427e-6
16.13061431	0.73	5.087478387e-6
3.241555296	0.74	0.01143521509
3.443325041	0.74	0.008529836574
3.655439742	0.74	0.006400845043
3.878429796	0.74	0.004824790465
4.112852795	0.74	0.003649484184
4.359294917	0.74	0.002768216823
4.618372398	0.74	0.002104624211
4.890733065	0.74	0.001603252043
5.177057962	0.74	0.0012233956
5.478063051	0.74	0.0009349347176
5.794501	0.74	0.0007154426663
6.12716307	0.74	0.0005481391243
6.476881089	0.74	0.0004204188644
6.844529535	0.74	0.0003227820187
7.231027719	0.74	0.0002480493545
7.637342089	0.74	0.0001907825743
8.064488642	0.74	0.0001468536576
8.513535467	0.74	0.0001131234574
8.985605415	0.74	0.0000872009164
9.481878907	0.74	0.00006726210094
10.00359689	0.74	0.00005191381328
10.55206392	0.74	0.00004009055382
11.12865145	0.74	0.0000309765114
11.73480126	0.74	0.00002394638974
12.37202904	0.74	0.00001852044405
13.04192819	0.74	0.00001433026189
13.74617379	0.74	0.00001109268296
14.48652685	0.74	8.589895671e-6
15.26483861	0.74	6.65422879e-6
16.08305527	0.74	5.156517186e-6
3.193389862	0.75	0.01207679857
3.395159607	0.75	0.008985875263
3.607274307	0.75	0.006727477632
3.830264361	0.75	0.005059921915
4.06468736	0.75	0.003819344668
4.311129483	0.75	0.002891242749
4.570206964	0.75	0.002193906445
4.842567631	0.75	0.001668149687
5.128892528	0.75	0.00127063182
5.429897616	0.75	0.0009693558686
5.746335566	0.75	0.0007405513388
6.078997636	0.75	0.000566471922
6.428715655	0.75	0.0004338158903
6.7963641	0.75	0.0003325800099
7.182862284	0.75	0.0002552205787
7.589176654	0.75	0.0001960349851
8.016323207	0.75	0.0001507032679
8.465370032	0.75	0.0001159467283
8.93743998	0.75	0.00008927273719
9.433713472	0.75	0.00006878335794
9.95543145	0.75	0.00005303142612
10.50389848	0.75	0.00004091205225
11.08048602	0.75	0.00003158065104
11.68663583	0.75	0.00002439089024
12.32386361	0.75	0.00001884763485
12.99376275	0.75	0.00001457120455
13.69800836	0.75	0.00001127018381
14.43836141	0.75	8.720709e-6
15.21667318	0.75	6.750669286e-6
16.03488984	0.75	5.227640858e-6
3.14458041	0.76	0.01276906744
3.346350155	0.76	0.009476827201
3.558464856	0.76	0.007078374978
3.78145491	0.76	0.005312000143
4.015877908	0.76	0.004001074459
4.262320031	0.76	0.003022596387
4.521397512	0.76	0.002289038596
4.793758179	0.76	0.001737160538
5.080083076	0.76	0.001320762491
5.381088164	0.76	0.001005815421
5.697526114	0.76	0.0007670966631
6.030188184	0.76	0.0005858180726
6.379906203	0.76	0.0004479282844
6.747554648	0.76	0.000342883443
7.134052832	0.76	0.0002627492382
7.540367202	0.76	0.0002015403945
7.967513755	0.76	0.0001547321211
8.41656058	0.76	0.000118897108
8.888630529	0.76	0.00009143478215
9.384904021	0.76	0.00007036871927
9.906621999	0.76	0.00005419462905
10.45508903	0.76	0.00004176600498
11.03167657	0.76	0.00003220791623
11.63782638	0.76	0.00002485188484
12.27505416	0.76	0.00001918660112
12.9449533	0.76	0.00001482056193
13.64919891	0.76	0.00001145370343
14.38955196	0.76	8.855831354e-6
15.16786372	0.76	6.850197579e-6
15.98608039	0.76	5.300979216e-6
3.095085285	0.77	0.01351739285
3.29685503	0.77	0.01000634634
3.508969731	0.77	0.007456044709
3.731959785	0.77	0.005582751354
3.966382784	0.77	0.004195862747
4.212824906	0.77	0.003163096924
4.471902387	0.77	0.002390584849
4.744263054	0.77	0.001810673118
5.030587951	0.77	0.001374055202
5.33159304	0.77	0.001044497745
5.648030989	0.77	0.0007952057513
5.980693059	0.77	0.0006062652883
6.330411078	0.77	0.0004628166358
6.698059523	0.77	0.0003537342224
7.084557708	0.77	0.000270664354
7.490872077	0.77	0.000207318931
7.918018631	0.77	0.0001589541997
8.367065456	0.77	0.0001219843254
8.839135404	0.77	0.00009369383214
9.335408896	0.77	0.0000720229192
9.857126874	0.77	0.00005540673324
10.4055939	0.77	0.000042654732
10.98218144	0.77	0.00003285993537
11.58833125	0.77	0.00002533051856
12.22555903	0.77	0.00001953814943
12.89545817	0.77	0.00001507890317
13.59970378	0.77	0.00001164364414
14.34005683	0.77	8.995547613e-6
15.1183686	0.77	6.953015734e-6
15.93658526	0.77	5.376675825e-6
3.044858164	0.78	0.01432788372
3.246627909	0.78	0.01057859215
3.45874261	0.78	0.007863342654
3.681732664	0.78	0.005874141182
3.916155663	0.78	0.004405062811
4.162597786	0.78	0.003313675652
4.421675266	0.78	0.00249918579
4.694035933	0.78	0.001889127939
4.98036083	0.78	0.001430812894
5.281365919	0.78	0.001085611244
5.597803868	0.78	0.0008250220665
5.930465938	0.78	0.0006279124156
6.280183957	0.78	0.0004785491254
6.647832403	0.78	0.0003651794376
7.034330587	0.78	0.0002789984957
7.440644957	0.78	0.0002133931564
7.86779151	0.78	0.0001633851587
8.316838335	0.78	0.0001252192618
8.788908283	0.78	0.00009605746368
9.285181775	0.78	0.00007375124281
9.806899753	0.78	0.00005667143215
10.35536678	0.78	0.00004358081923
10.93195432	0.78	0.00003353852234
11.53810413	0.78	0.00002582806606
12.17533191	0.78	0.00001990317719
12.84523105	0.78	0.00001534686124
13.54947666	0.78	0.00001184045319
14.28982971	0.78	9.140174364e-6
15.06814148	0.78	7.05934824e-6
15.88635814	0.78	5.454890138e-6
2.993847293	0.79	0.01520751483
3.195617037	0.79	0.01119831979
3.407731738	0.79	0.008303535975
3.630721792	0.79	0.006188418473
3.865144791	0.79	0.004630222095
4.111586914	0.79	0.003475396473
4.370664394	0.79	0.002615572318
4.643025061	0.79	0.001973026907
4.929349958	0.79	0.001491380201
5.230355047	0.79	0.001129392639
5.546792996	0.79	0.0008567083083
5.879455066	0.79	0.0006508713832
6.229173085	0.79	0.0004952028441
6.596821531	0.79	0.0003772722573
6.983319715	0.79	0.0002877883886
7.389634085	0.79	0.0002197884795
7.816780638	0.79	0.000168042608
8.265827463	0.79	0.000128614144
8.737897411	0.79	0.00009853418204
9.234170903	0.79	0.0000755596177
9.755888881	0.79	0.00005799286487
10.30435591	0.79	0.00004454716249
10.88094345	0.79	0.00003424570704
11.48709326	0.79	0.000026345953
12.12432104	0.79	0.00002028268759
12.79422018	0.79	0.00001562514338
13.49846579	0.79	0.0000120446301
14.23881884	0.79	9.290065069e-6
15.01713061	0.79	7.169445654e-6
15.83534727	0.79	5.535800079e-6
2.94199455	0.8	0.01616428243
3.143764295	0.8	0.01187099044
3.355878996	0.8	0.008780380903
3.57886905	0.8	0.006528169329
3.813292048	0.8	0.004873119369
4.059734171	0.8	0.003649481238
4.318811652	0.8	0.002740582825
4.591172319	0.8	0.002062944923
4.877497216	0.8	0.001556151277
5.178502304	0.8	0.001176112233
5.494940254	0.8	0.0008904499651
5.827602324	0.8	0.0006752695991
6.177320343	0.8	0.0005128654127
6.544968788	0.8	0.0003900730257
6.931466972	0.8	0.0002970756581
7.337781342	0.8	0.0002265336631
7.764927895	0.8	0.0001729464589
8.21397472	0.8	0.0001321827819
8.686044669	0.8	0.0001011335839
9.182318161	0.8	0.00007745472609
9.704036139	0.8	0.00005937569358
10.25250317	0.8	0.00004555702111
10.82909071	0.8	0.00003498377266
11.43524052	0.8	0.00002688578199
12.0724683	0.8	0.00002067780774
12.74236744	0.8	0.00001591454383
13.44661305	0.8	0.00001225673563
14.1869661	0.8	9.445616377e-6
14.96527786	0.8	7.283589062e-6
15.78349453	0.8	5.619605201e-6
2.889234305	0.81	0.0172073947
3.09100405	0.81	0.01260290765
3.30311875	0.81	0.009298219261
3.526108805	0.81	0.006896384436
3.760531803	0.81	0.005135811095
4.006973926	0.81	0.003837341378
4.266051407	0.81	0.002875184628
4.538412074	0.81	0.002159544358
4.824736971	0.81	0.001625579543
5.125742059	0.81	0.001226080473
5.442180009	0.81	0.0009264597279
5.774842079	0.81	0.0007012529252
6.124560098	0.81	0.0005316369893
6.492208543	0.81	0.0004036506215
6.878706727	0.81	0.0003069077515
7.285021097	0.81	0.0002336614509
7.71216765	0.81	0.0001781193511
8.161214475	0.81	0.0001359408605
8.633284423	0.81	0.0001038665582
9.129557915	0.81	0.00007944414307
9.651275893	0.81	0.00006082519907
10.19974292	0.81	0.00004661408419
10.77633046	0.81	0.00003575530173
11.38248027	0.81	0.00002744936462
12.01970805	0.81	0.00002108981106
12.68960719	0.81	0.00001621595952
13.3938528	0.81	0.00001247740277
14.13420585	0.81	9.607275882e-6
14.91251762	0.81	7.402095561e-6
15.73073428	0.81	5.706530563e-6
2.835491984	0.82	0.01834750651
3.037261729	0.82	0.01340138722
3.24937643	0.82	0.009862099504
3.472366484	0.82	0.007296543758
3.706789483	0.82	0.005420689835
3.953231605	0.82	0.004040617761
4.212309086	0.82	0.003020500982
4.484669753	0.82	0.002263593264
4.77099465	0.82	0.001700189936
5.071999739	0.82	0.001279656188
5.388437688	0.82	0.0009649830322
5.721099758	0.82	0.0007289894076
6.070817777	0.82	0.0005516327861
6.438466223	0.82	0.0004180841584
6.824964407	0.82	0.0003173390904
7.231278777	0.82	0.0002412093505
7.65842533	0.82	0.0001835871873
8.107472155	0.82	0.0001399063054
8.579542103	0.82	0.0001067455368
9.075815595	0.82	0.00008153650904
9.597533573	0.82	0.00006234739971
10.1460006	0.82	0.00004772255291
10.72258814	0.82	0.00003656323329
11.32873795	0.82	0.00002803876141
11.96596573	0.82	0.00002152014517
12.63586487	0.82	0.00001653040959
13.34011048	0.82	0.00001270735048
14.08046353	0.82	9.775551789e-6
14.8587753	0.82	7.525325076e-6
15.67699196	0.82	5.796831556e-6
2.780682278	0.83	0.01959701118
2.982452023	0.83	0.01427497086
3.194566723	0.83	0.01047793009
3.417556778	0.83	0.007732724276
3.651979776	0.83	0.00573055868
3.898421899	0.83	0.004261231508
4.15749938	0.83	0.003177845494
4.429860047	0.83	0.002375988577
4.716184944	0.83	0.001780594515
5.017190032	0.83	0.001337257063
5.333627982	0.83	0.001006305092
5.666290052	0.83	0.0007586740077
6.016008071	0.83	0.000572986256
6.383656516	0.83	0.0004334651373
6.7701547	0.83	0.0003284325281
7.17646907	0.83	0.0002492206234
7.603615623	0.83	0.0001893798071
8.052662448	0.83	0.0001440997434
8.524732396	0.83	0.0001097848101
9.021005888	0.83	0.00008374174696
9.542723867	0.83	0.00006394920146
10.0911909	0.83	0.00004888724441
10.66777843	0.83	0.000037410935
11.27392825	0.83	0.00002865633193
11.91115602	0.83	0.00002197046694
12.58105517	0.83	0.00001685905999
13.28530078	0.83	0.00001294740095
14.02565383	0.83	9.951025058e-6
14.80396559	0.83	7.65368894e-6
15.62218225	0.83	5.890799979e-6
2.724706849	0.84	0.02097040627
2.926476594	0.84	0.01523369801
3.138591294	0.84	0.01115267614
3.361581349	0.84	0.008209738706
3.596004347	0.84	0.006068727263
3.84244647	0.84	0.00450144958
4.101523951	0.84	0.003348766544
4.373884618	0.84	0.002497786037
4.660209515	0.84	0.001867512546
4.961214603	0.84	0.001399373119
5.277652553	0.84	0.001050759945
5.610314623	0.84	0.0007905346766
5.960032642	0.84	0.0005958531811
6.327681087	0.84	0.0004499002045
6.714179271	0.84	0.0003402612156
7.120493641	0.84	0.000257745551
7.547640194	0.84	0.0001955318488
7.996687019	0.84	0.0001485450915
8.468756968	0.84	0.0001130009305
8.96503046	0.84	0.00008607133963
9.486748438	0.84	0.00006563858906
10.03521547	0.84	0.00005011372407
10.61180301	0.84	0.00003830229502
11.21795282	0.84	0.00002930479878
11.85518059	0.84	0.00002244268715
12.52507974	0.84	0.00001720325468
13.22932535	0.84	0.00001319850152
13.9696784	0.84	0.00001013436487
14.74799016	0.84	7.787660812e-6
15.56620683	0.84	5.988771755e-6
2.667451381	0.85	0.02248475675
2.869221126	0.85	0.01628945571
3.081335827	0.85	0.01189461489
3.304325881	0.85	0.008733316529
3.53874888	0.85	0.006439137336
3.785191002	0.85	0.00476397062
4.044268483	0.85	0.003535105403
4.31662915	0.85	0.002630239303
4.602954047	0.85	0.001961796753
4.903959136	0.85	0.001466584297
5.220397085	0.85	0.001098742238
5.553059155	0.85	0.0008248402645
5.902777174	0.85	0.0006204169901
6.270425619	0.85	0.0004675147355
6.656923804	0.85	0.0003529110234
7.063238173	0.85	0.0002668430767
7.490384726	0.85	0.0002020838664
7.939431552	0.85	0.0001532703184
8.4115015	0.85	0.0001164132347
8.907774992	0.85	0.00008853868844
9.42949297	0.85	0.00006742487335
9.977960001	0.85	0.00005140847662
10.55454754	0.85	0.00003924184067
11.16069735	0.85	0.00002998733027
11.79792513	0.85	0.00002293902817
12.46782427	0.85	0.00001756455611
13.17206988	0.85	0.0000134617531
13.91242293	0.85	0.00001032634861
14.6907347	0.85	7.927790765e-6
15.50895136	0.85	6.091136913e-6
2.608781707	0.86	0.02416028754
2.810551451	0.86	0.01745643508
3.022666152	0.86	0.0127136724
3.245656206	0.86	0.0093103439
3.480079205	0.86	0.006846529574
3.726521328	0.86	0.005052039066
3.985598808	0.86	0.003739073486
4.257959475	0.86	0.002774851922
4.544284373	0.86	0.002064468146
4.845289461	0.86	0.001539583775
5.16172741	0.86	0.001150722832
5.49438948	0.86	0.000861910979
5.8441075	0.86	0.0006468957814
6.211755945	0.86	0.0004864575631
6.598254129	0.86	0.0003664837349
7.004568499	0.86	0.000276582969
7.431715052	0.86	0.0002090838003
7.880761877	0.86	0.0001583084482
8.352831825	0.86	0.0001200445294
8.849105317	0.86	0.00009115958471
9.370823295	0.86	0.00006931901615
9.919290326	0.86	0.00005277913071
10.49587786	0.86	0.00004023489427
11.10202767	0.86	0.00003070764876
11.73925545	0.86	0.00002346209969
12.4091546	0.86	0.00001794479813
13.1134002	0.86	0.00001373844732
13.85375326	0.86	0.00001052788802
14.63206502	0.86	8.074723768e-6
15.45028168	0.86	6.198352647e-6
2.54853864	0.87	0.02602115073
2.750308385	0.87	0.01875173601
2.962423086	0.87	0.01362187498
3.18541314	0.87	0.009949187056
3.419836138	0.87	0.00729666904
3.666278261	0.87	0.005369599533
3.925355742	0.87	0.003963356852
4.197716409	0.87	0.002933447562
4.484041306	0.87	0.002176763056
4.785046394	0.87	0.00161920941
5.101484344	0.87	0.001207269828
5.434146414	0.87	0.0009021324599
5.783864433	0.87	0.0006755517646
6.151512878	0.87	0.000506907328
6.538011062	0.87	0.0003811013297
6.944325432	0.87	0.0002870487209
7.371471985	0.87	0.0002165889456
7.82051881	0.87	0.0001636989019
8.292588759	0.87	0.00012392201
8.788862251	0.87	0.00009395283982
9.310580229	0.87	0.00007133406425
9.859047259	0.87	0.00005423475892
10.4356348	0.87	0.00004128778115
11.04178461	0.87	0.00003147017546
11.67901239	0.87	0.00002401499962
12.34891153	0.87	0.00001834615672
13.05315714	0.87	0.00001403011617
13.79351019	0.87	0.00001074006412
14.57182195	0.87	8.229224318e-6
15.39003862	0.87	6.310960753e-6
2.486530953	0.88	0.02809643158
2.688300698	0.88	0.02019618225
2.900415398	0.88	0.01463396565
3.123405453	0.88	0.01066013695
3.357828451	0.88	0.007796656076
3.604270574	0.88	0.005721509899
3.863348055	0.88	0.004211260423
4.135708722	0.88	0.003108266896
4.422033619	0.88	0.002300197935
4.723038707	0.88	0.001706487013
5.039476657	0.88	0.001269077464
5.372138727	0.88	0.0009459751006
5.721856746	0.88	0.0007067042067
6.089505191	0.88	0.0005290811762
6.476003375	0.88	0.0003969118462
6.882317745	0.88	0.0002983415141
7.309464298	0.88	0.0002246686433
7.758511123	0.88	0.0001694893302
8.230581072	0.88	0.0001280785129
8.726854564	0.88	0.00009694114463
9.248572542	0.88	0.00007348574113
9.797039572	0.88	0.00005578628655
10.37362711	0.88	0.00004240811304
10.97977692	0.88	0.00003228022744
11.6170047	0.88	0.00002460145166
12.28690384	0.88	0.00001877124617
12.99114945	0.88	0.00001433859946
13.7315025	0.88	0.00001096417474
14.50981427	0.88	8.392209958e-6
15.32803093	0.88	6.429611328e-6
2.422525597	0.89	0.03042148669
2.624295342	0.89	0.0218154421
2.836410043	0.89	0.01576826489
3.059400097	0.89	0.01145603446
3.293823095	0.89	0.008355364875
3.540265218	0.89	0.006113842247
3.799342699	0.89	0.004486911671
4.071703366	0.89	0.003302104314
4.358028263	0.89	0.002436660718
4.659033351	0.89	0.001802691282
4.975471301	0.89	0.001337006755
5.308133371	0.89	0.0009940211885
5.65785139	0.89	0.0007407475955
6.025499835	0.89	0.0005532469498
6.411998019	0.89	0.0004140975889
6.818312389	0.89	0.0003105857645
7.245458942	0.89	0.0002334080403
7.694505767	0.89	0.0001757381727
8.166575716	0.89	0.000132554264
8.662849208	0.89	0.0001001522684
9.184567186	0.89	0.00007579327202
9.733034216	0.89	0.00005744706139
10.30962175	0.89	0.00004360518289
10.91577157	0.89	0.00003314429217
11.55299934	0.89	0.00002522599671
12.22289849	0.89	0.000019223253
12.92714409	0.89	0.00001466613886
13.66749715	0.89	0.0000112018006
14.44580891	0.89	8.56479792e-6
15.26402557	0.89	6.555095763e-6
2.356233737	0.9	0.03303975196
2.558003482	0.9	0.02364160532
2.770118183	0.9	0.01704790304
2.993108237	0.9	0.01235317288
3.227531236	0.9	0.008984078821
3.473973358	0.9	0.006554319391
3.733050839	0.9	0.004795556059
4.005411506	0.9	0.003518506103
4.291736403	0.9	0.002588543104
4.592741492	0.9	0.001909433924
4.909179441	0.9	0.001412144192
5.241841511	0.9	0.001047004052
5.59155953	0.9	0.0007781778085
5.959207975	0.9	0.0005797407293
6.34570616	0.9	0.0004328869281
6.752020529	0.9	0.0003239370871
7.179167083	0.9	0.0002429134861
7.628213908	0.9	0.0001825183284
8.100283856	0.9	0.0001373993847
8.596557348	0.9	0.000103620776
9.118275326	0.9	0.00007828056513
9.666742357	0.9	0.00005923366916
10.24332989	0.9	0.00004489052976
10.84947971	0.9	0.00003407042011
11.48670748	0.9	0.00002589426662
12.15660663	0.9	0.00001970612747
12.86085223	0.9	0.00001501551217
13.60120529	0.9	0.00001145489981
14.37951705	0.9	8.748371763e-6
15.19773371	0.9	6.688393861e-6
2.287290176	0.91	0.03600522686
2.489059921	0.91	0.02571546289
2.701174622	0.91	0.0185026386
2.924164676	0.91	0.01337264138
3.158587675	0.91	0.009697440069
3.405029797	0.91	0.007052968225
3.664107278	0.91	0.005143999254
3.936467945	0.91	0.003762066853
4.222792842	0.91	0.002758938197
4.523797931	0.91	0.002028795143
4.84023588	0.91	0.001495889206
5.17289795	0.91	0.001105866323
5.522615969	0.91	0.0008196310082
5.890264414	0.91	0.0006089928795
6.276762599	0.91	0.0004535718
6.683076968	0.91	0.0003385940982
7.110223522	0.91	0.0002533205227
7.559270347	0.91	0.0001899225862
8.031340295	0.91	0.0001426775968
8.527613787	0.91	0.0001073905659
9.049331765	0.91	0.00008097795625
9.597798796	0.91	0.00006116713729
10.17438633	0.91	0.0000462787723
10.78053614	0.91	0.00003506880387
11.41776392	0.91	0.00002661338793
12.08766307	0.91	0.00002022486584
12.79190867	0.91	0.0000153902313
13.53226173	0.91	0.00001172594714
14.31057349	0.91	8.944679579e-6
15.12879015	0.91	6.830743273e-6
2.215221903	0.92	0.03938594996
2.416991648	0.92	0.02808991132
2.629106348	0.92	0.02017163825
2.852096403	0.92	0.01454240005
3.086519401	0.92	0.01051492264
3.332961524	0.92	0.007623134867
3.592039005	0.92	0.005541294269
3.864399672	0.92	0.004038889716
4.150724569	0.92	0.002951947043
4.451729657	0.92	0.002163527306
4.768167607	0.92	0.001590089462
5.100829677	0.92	0.001171849926
5.450547696	0.92	0.0008659436474
5.818196141	0.92	0.0006415681817
6.204694325	0.92	0.0004765346431
6.611008695	0.92	0.0003548165635
7.038155248	0.92	0.0002648061603
7.487202073	0.92	0.0001980719611
7.959272021	0.92	0.0001484719069
8.455545513	0.92	0.0001115187604
8.977263491	0.92	0.00008392488231
9.525730522	0.92	0.00006327477888
10.10231806	0.92	0.00004778888523
10.70846787	0.92	0.00003615266475
11.34569565	0.92	0.00002739259966
12.01559479	0.92	0.0000207859423
12.7198404	0.92	0.00001579484513
13.46019345	0.92	0.00001201814692
14.23850522	0.92	9.155984154e-6
15.05672188	0.92	6.983745657e-6
2.13939782	0.93	0.04326894771
2.341167565	0.93	0.03083523932
2.553282266	0.93	0.02210791654
2.77627232	0.93	0.01590063169
3.010695319	0.93	0.01146322351
3.257137441	0.93	0.008283135316
3.516214922	0.93	0.005999858919
3.788575589	0.93	0.004357334319
4.074900486	0.93	0.003173176156
4.375905575	0.93	0.002317385041
4.692343524	0.93	0.001697259822
5.025005594	0.93	0.00124664153
5.374723613	0.93	0.0009182493178
5.742372058	0.93	0.0006782305289
6.128870243	0.93	0.0005022917722
6.535184612	0.93	0.0003729545919
6.962331166	0.93	0.0002776086064
7.411377991	0.93	0.0002071290825
7.883447939	0.93	0.0001548937281
8.379721431	0.93	0.0001160819467
8.901439409	0.93	0.00008717416722
9.44990644	0.93	0.00006559314732
10.02649398	0.93	0.00004944624357
10.63264379	0.93	0.00003733967217
11.26987157	0.93	0.00002824424218
11.93977071	0.93	0.00002139800006
12.64401632	0.93	0.00001623542403
13.38436937	0.93	0.00001233577375
14.16268113	0.93	9.385303122e-6
14.9808978	0.93	7.149536433e-6
2.0589438	0.94	0.04776738031
2.260713545	0.94	0.03404774622
2.472828246	0.94	0.02438582048
2.6958183	0.94	0.01750146633
2.930241298	0.94	0.01258036856
3.176683421	0.94	0.009059095394
3.435760902	0.94	0.006537398679
3.708121569	0.94	0.004729302742
3.994446466	0.94	0.003430591906
4.295451555	0.94	0.002495691287
4.611889504	0.94	0.001820957254
4.944551574	0.94	0.0013326212
5.294269593	0.94	0.0009781440958
5.661918038	0.94	0.0007200532354
6.048416223	0.94	0.0005315672487
6.454730592	0.94	0.000393498303
6.881877145	0.94	0.0002920608009
7.330923971	0.94	0.0002173209313
7.802993919	0.94	0.0001620983614
8.299267411	0.94	0.0001211867603
8.820985389	0.94	0.00009079928679
9.36945242	0.94	0.00006817304222
9.946039956	0.94	0.00005128608487
10.55218977	0.94	0.00003865434677
11.18941755	0.94	0.00002918543084
11.85931669	0.94	0.00002207302075
12.5635623	0.94	0.00001672037938
13.30391535	0.94	0.00001268474855
14.08222711	0.94	9.636815048e-6
14.90044378	0.94	7.331071776e-6
1.972588574	0.95	0.05303085599
2.174358318	0.95	0.03786468826
2.386473019	0.95	0.0271145549
2.609463073	0.95	0.01942548166
2.843886072	0.95	0.01392328985
3.090328195	0.95	0.009990202964
3.349405675	0.95	0.007180463532
3.621766342	0.95	0.005172616325
3.90809124	0.95	0.00373609753
4.209096328	0.95	0.002706380463
4.525534277	0.95	0.001966470634
4.858196347	0.95	0.001433319209
5.207914366	0.95	0.00104798985
5.575562812	0.95	0.0007686211132
5.962060996	0.95	0.0005654280369
6.368375366	0.95	0.0004171686036
6.795521919	0.95	0.0003086516458
7.244568744	0.95	0.0002289803206
7.716638692	0.95	0.0001703132172
8.212912184	0.95	0.0001269891671
8.734630162	0.95	0.00009490759576
9.283097193	0.95	0.00007108861902
9.85968473	0.95	0.00005335980685
10.46583454	0.95	0.00004013242976
11.10306232	0.95	0.00003024109803
11.77296146	0.95	0.00002282844929
12.47720707	0.95	0.00001726195251
13.21756012	0.95	0.00001307368493
13.99587189	0.95	9.916596845e-6
14.81408855	0.95	7.532649701e-6
1.878356425	0.96	0.05925953962
2.080126169	0.96	0.04249240359
2.29224087	0.96	0.03046499393
2.515230924	0.96	0.02180088492
2.749653923	0.96	0.01558321599
2.996096046	0.96	0.01113940144
3.255173526	0.96	0.007971691312
3.527534193	0.96	0.005715851617
3.81385909	0.96	0.004108737205
4.114864179	0.96	0.002962114392
4.431302128	0.96	0.002142217523
4.763964198	0.96	0.001554339461
5.113682217	0.96	0.001131526412
5.481330663	0.96	0.0008264377411
5.867828847	0.96	0.0006055560483
6.274143217	0.96	0.0004450996871
6.70128977	0.96	0.0003281489789
7.150336595	0.96	0.0002426291272
7.622406543	0.96	0.0001798943966
8.118680035	0.96	0.0001337330926
8.640398013	0.96	0.00009966681188
9.188865044	0.96	0.00007445561885
9.765452581	0.96	0.00005574756394
10.37160239	0.96	0.00004182961907
11.00883017	0.96	0.00003145007314
11.67872931	0.96	0.0000236914395
12.38297492	0.96	0.00001787918872
13.12332797	0.96	0.00001351597873
13.90163974	0.96	0.00001023409608
14.7198564	0.96	7.760950246e-6
1.772867231	0.97	0.06671778479
1.974636975	0.97	0.04826559116
2.186751676	0.97	0.03473023112
2.40974173	0.97	0.02485236246
2.644164729	0.97	0.01772144733
2.890606852	0.97	0.01261831459
3.149684332	0.97	0.008986695097
3.422044999	0.97	0.006409604131
3.708369896	0.97	0.004582147119
4.009374985	0.97	0.003285193917
4.325812934	0.97	0.002362980356
4.658475004	0.97	0.001705495104
5.008193023	0.97	0.001235284929
5.375841469	0.97	0.0008978642773
5.762339653	0.97	0.000654874355
6.168654023	0.97	0.0004792585993
6.595800576	0.97	0.0003518819697
7.044847401	0.97	0.0002591692345
7.516917349	0.97	0.0001914563821
8.013190841	0.97	0.0001418388981
8.534908819	0.97	0.0001053656319
9.08337585	0.97	0.00007847306782
9.659963387	0.97	0.00005858706592
10.2661132	0.97	0.00004384153289
10.90334098	0.97	0.00003287897092
11.57324012	0.97	0.00002470854865
12.27748573	0.97	0.00001860472616
13.01783878	0.97	0.00001403457666
13.79615054	0.97	0.00001060549014
14.61436721	0.97	8.027408234e-6
1.649380363	0.98	0.07570386174
1.851150108	0.98	0.05579547106
2.063264809	0.98	0.04049269808
2.286254863	0.98	0.02903951325
2.520677861	0.98	0.02067170375
2.767119984	0.98	0.01465877988
3.026197465	0.98	0.0103825441
3.298558132	0.98	0.007358788748
3.584883029	0.98	0.005225884293
3.885888118	0.98	0.003721589443
4.202326067	0.98	0.002659131372
4.534988137	0.98	0.001906883693
4.884706156	0.98	0.001372600723
5.252354601	0.98	0.0009917802978
5.638852785	0.98	0.0007193192234
6.045167155	0.98	0.0005236308148
6.472313708	0.98	0.0003825380828
6.921360534	0.98	0.0002804207982
7.393430482	0.98	0.0002062372706
7.889703974	0.98	0.0001521523264
8.411421952	0.98	0.0001125841563
8.959888983	0.98	0.00008354043649
9.536476519	0.98	0.00006215444254
10.14262633	0.98	0.0000463597363
10.77985411	0.98	0.00003466115005
11.44975325	0.98	0.00002597292083
12.15399886	0.98	0.00001950382491
12.89435191	0.98	0.00001467533816
13.67266368	0.98	0.0000110630961
14.49088034	0.98	8.354858251e-6
1.489848634	0.99	0.08601652716
1.691618378	0.99	0.06646760791
1.903733079	0.99	0.0492895766
2.126723133	0.99	0.03562895585
2.361146132	0.99	0.02536842244
2.607588255	0.99	0.0179134183
2.866665735	0.99	0.01260155186
3.139026402	0.99	0.008858227894
3.425351299	0.99	0.006234762018
3.726356388	0.99	0.004399558603
4.042794337	0.99	0.003115072973
4.375456407	0.99	0.002214138909
4.725174426	0.99	0.001580253718
5.092822872	0.99	0.001132593946
5.479321056	0.99	0.0008151582322
5.885635426	0.99	0.0005891078545
6.312781979	0.99	0.0004274434804
6.761828804	0.99	0.0003113347347
7.233898752	0.99	0.0002275981762
7.730172244	0.99	0.0001669653875
8.251890222	0.99	0.0001228920943
8.800357253	0.99	0.00009073721128
9.37694479	0.99	0.00006719499545
9.983094602	0.99	0.00004990074517
10.62032238	0.99	0.00003715585639
11.29022152	0.99	0.00002773526945
11.99446713	0.99	0.00002075202009
12.73482018	0.99	0.00001556153878
13.51313195	0.99	0.00001169373901
14.33134861	0.99	8.804620002e-6