2.4	0.89	0.0008657055676
2.456	0.89	0.0008099099274
2.512	0.89	0.000758591665
2.568	0.89	0.0007112902519
2.624	0.89	0.0006676113166
2.68	0.89	0.0006272127883
2.736	0.89	0.0005897949135
2.792	0.89	0.0005550928707
2.848	0.89	0.0005228711669
2.904	0.89	0.0004929192848
2.96	0.89	0.0004650482249
3.016	0.89	0.0004390877054
3.072	0.89	0.0004148838549
3.128	0.89	0.0003922972813
3.184	0.89	0.0003712014367
3.24	0.89	0.0003514812166
3.296	0.89	0.0003330317486
3.352	0.89	0.0003157573389
3.408	0.89	0.0002995705477
3.464	0.89	0.0002843913758
3.52	0.89	0.0002701465446
3.576	0.89	0.0002567688558
3.632	0.89	0.0002441966224
3.688	0.89	0.0002323731589
3.744	0.89	0.0002212463254
3.8	0.89	0.0002107681186
3.856	0.89	0.0002008943032
3.912	0.89	0.0001915840811
3.968	0.89	0.0001827997918
4.024	0.89	0.0001745066428
4.08	0.89	0.0001666724646
4.136	0.89	0.0001592674899
4.192	0.89	0.000152264153
4.248	0.89	0.0001456369071
4.304	0.89	0.0001393620595
4.36	0.89	0.0001334176209
4.416	0.89	0.0001277831679
4.472	0.89	0.000122439719
4.528	0.89	0.0001173696199
4.584	0.89	0.0001125564401
4.64	0.89	0.0001079848778
4.696	0.89	0.0001036406728
4.752	0.89	0.00009951052744
4.808	0.89	0.0000955820336
4.864	0.89	0.00009184360602
4.92	0.89	0.00008828442114
4.976	0.89	0.00008489436093
5.032	0.89	0.00008166396135
5.088	0.89	0.00007858436487
5.144	0.89	0.00007564727689
5.2	0.89	0.00007284492556
5.256	0.89	0.00007017002482
5.312	0.89	0.00006761574026
5.368	0.89	0.00006517565773
5.424	0.89	0.00006284375425
5.48	0.89	0.00006061437124
5.536	0.89	0.00005848218974
5.592	0.89	0.00005644220747
5.648	0.89	0.00005448971765
5.704	0.89	0.00005262028937
5.76	0.89	0.0000508297494
5.816	0.89	0.0000491141653
5.872	0.89	0.00004746982985
5.928	0.89	0.00004589324648
5.984	0.89	0.00004438111579
6.04	0.89	0.00004293032308
6.096	0.89	0.00004153792667
6.152	0.89	0.0000402011471
6.208	0.89	0.000038917357
6.264	0.89	0.00003768407179
6.32	0.89	0.00003649894088
6.376	0.89	0.00003535973955
6.432	0.89	0.00003426436132
6.488	0.89	0.00003321081094
6.544	0.89	0.00003219719767
6.6	0.89	0.00003122172919
6.656	0.89	0.00003028270576
6.712	0.89	0.00002937851487
6.768	0.89	0.00002850762618
6.824	0.89	0.00002766858677
6.88	0.89	0.00002686001674
6.936	0.89	0.00002608060508
6.992	0.89	0.00002532910578
7.048	0.89	0.00002460433415
7.104	0.89	0.00002390516349
7.16	0.89	0.00002323052183
7.216	0.89	0.00002257938894
7.272	0.89	0.0000219507935
7.328	0.89	0.00002134381049
7.384	0.89	0.00002075755865
7.44	0.89	0.00002019119816
7.496	0.89	0.00001964392846
7.552	0.89	0.00001911498613
7.608	0.89	0.00001860364299
7.664	0.89	0.00001810920422
7.72	0.89	0.00001763100666
7.776	0.89	0.00001716841718
7.832	0.89	0.00001672083113
7.888	0.89	0.00001628767087
7.944	0.89	0.00001586838447
8.	0.89	0.00001546244435
2.4	0.892	0.0008623473515
2.456	0.892	0.0008069736327
2.512	0.892	0.0007560096093
2.568	0.892	0.0007090082043
2.624	0.892	0.0006655853119
2.68	0.892	0.0006254068064
2.736	0.892	0.0005881791626
2.792	0.892	0.0005536424992
2.848	0.892	0.0005215652842
2.904	0.892	0.0004917402067
2.96	0.892	0.0004639808872
3.016	0.892	0.0004381192016
3.072	0.892	0.0004140030694
3.128	0.892	0.000391494595
3.184	0.892	0.000370468489
3.24	0.892	0.0003508107114
3.296	0.892	0.000332417295
3.352	0.892	0.0003151933196
3.408	0.892	0.0002990520097
3.464	0.892	0.0002839139385
3.52	0.892	0.000269706323
3.576	0.892	0.0002563623955
3.632	0.892	0.0002438208441
3.688	0.892	0.0002320253114
3.744	0.892	0.0002209239454
3.8	0.892	0.0002104689957
3.856	0.892	0.0002006164503
3.912	0.892	0.0001913257085
3.968	0.892	0.0001825592845
4.024	0.892	0.0001742825409
4.08	0.892	0.0001664634466
4.136	0.892	0.0001590723576
4.192	0.892	0.0001520818181
4.248	0.892	0.0001454663801
4.304	0.892	0.0001392024392
4.36	0.892	0.0001332680853
4.416	0.892	0.0001276429668
4.472	0.892	0.0001223081664
4.528	0.892	0.0001172460879
4.584	0.892	0.0001124403534
4.64	0.892	0.0001078757085
4.696	0.892	0.0001035379363
4.752	0.892	0.00009941377801
4.808	0.892	0.00009549086114
4.864	0.892	0.00009175763271
4.92	0.892	0.00008820329859
4.976	0.892	0.00008481776762
5.032	0.892	0.00008159160021
5.088	0.892	0.00007851596124
5.144	0.892	0.00007558257658
5.2	0.892	0.00007278369314
5.256	0.892	0.00007011204204
5.312	0.892	0.00006756080465
5.368	0.892	0.00006512358129
5.424	0.892	0.00006279436231
5.48	0.892	0.00006056750137
5.536	0.892	0.00005843769078
5.592	0.892	0.00005639993866
5.648	0.892	0.00005444954783
5.704	0.892	0.00005258209622
5.76	0.892	0.00005079341877
5.816	0.892	0.00004907959062
5.872	0.892	0.00004743691153
5.928	0.892	0.0000458618914
5.984	0.892	0.00004435123685
6.04	0.892	0.00004290183875
6.096	0.892	0.00004151076058
6.152	0.892	0.00004017522765
6.208	0.892	0.00003889261708
6.264	0.892	0.00003766044842
6.32	0.892	0.00003647637494
6.376	0.892	0.0000353381755
6.432	0.892	0.00003424374698
6.488	0.892	0.00003319109722
6.544	0.892	0.00003217833842
6.6	0.892	0.00003120368094
6.656	0.892	0.0000302654276
6.712	0.892	0.00002936196825
6.768	0.892	0.00002849177476
6.824	0.892	0.00002765339627
6.88	0.892	0.00002684545483
6.936	0.892	0.00002606664125
6.992	0.892	0.00002531571119
7.048	0.892	0.00002459148158
7.104	0.892	0.00002389282721
7.16	0.892	0.00002321867749
7.216	0.892	0.00002256801352
7.272	0.892	0.00002193986522
7.328	0.892	0.00002133330872
7.384	0.892	0.00002074746386
7.44	0.892	0.00002018149184
7.496	0.892	0.00001963459307
7.552	0.892	0.00001910600503
7.608	0.892	0.00001859500039
7.664	0.892	0.00001810088516
7.72	0.892	0.00001762299692
7.776	0.892	0.00001716070326
7.832	0.892	0.0000167134002
7.888	0.892	0.00001628051075
7.944	0.892	0.00001586148358
8.	0.892	0.00001545579167
2.4	0.894	0.0008590264597
2.456	0.894	0.0008040674636
2.512	0.894	0.0007534520858
2.568	0.894	0.0007067462988
2.624	0.894	0.0006635759712
2.68	0.894	0.0006236147089
2.736	0.894	0.0005865750569
2.792	0.894	0.0005522019552
2.848	0.894	0.0005202677425
2.904	0.894	0.0004905682464
2.96	0.894	0.0004629196538
3.016	0.894	0.0004371559579
3.072	0.894	0.0004131268364
3.128	0.894	0.0003906958652
3.184	0.894	0.0003697389933
3.24	0.894	0.000350143229
3.296	0.894	0.0003318054976
3.352	0.894	0.000314631642
3.408	0.894	0.0002985355423
3.464	0.894	0.0002834383375
3.52	0.894	0.0002692677345
3.576	0.894	0.0002559573912
3.632	0.894	0.0002434463673
3.688	0.894	0.00023167863
3.744	0.894	0.0002206026125
3.8	0.894	0.0002101708151
3.856	0.894	0.0002003394473
3.912	0.894	0.0001910681036
3.968	0.894	0.000182319472
4.024	0.894	0.0001740590692
4.08	0.894	0.0001662550011
4.136	0.894	0.0001588777461
4.192	0.894	0.0001518999579
4.248	0.894	0.0001452962862
4.304	0.894	0.0001390432147
4.36	0.894	0.0001331189122
4.416	0.894	0.0001275030979
4.472	0.894	0.0001221769186
4.528	0.894	0.0001171228361
4.584	0.894	0.0001123245244
4.64	0.894	0.0001077667767
4.696	0.894	0.0001034354187
4.752	0.894	0.0000993172307
4.808	0.894	0.00009539987547
4.864	0.894	0.00009167183221
4.92	0.894	0.0000881223361
4.976	0.894	0.00008474132266
5.032	0.894	0.00008151937673
5.088	0.894	0.00007844768547
5.144	0.894	0.00007551799513
5.2	0.894	0.00007272257131
5.256	0.894	0.00007005416224
5.312	0.894	0.00006750596502
5.368	0.894	0.00006507159438
5.424	0.894	0.00006274505394
5.48	0.894	0.00006052070956
5.536	0.894	0.00005839326481
5.592	0.894	0.00005635773815
5.648	0.894	0.00005440944195
5.704	0.894	0.00005254396297
5.76	0.894	0.00005075714431
5.816	0.894	0.00004904506863
5.872	0.894	0.00004740404267
5.928	0.894	0.0000458305828
5.984	0.894	0.00004432140161
6.04	0.894	0.00004287339551
6.096	0.894	0.00004148363315
6.152	0.894	0.00004014934462
6.208	0.894	0.00003886791148
6.264	0.894	0.0000376368574
6.32	0.894	0.00003645383951
6.376	0.894	0.00003531664025
6.432	0.894	0.00003422315983
6.488	0.894	0.0000331714092
6.544	0.894	0.00003215950345
6.6	0.894	0.00003118565567
6.656	0.894	0.00003024817119
6.712	0.894	0.00002934544222
6.768	0.894	0.00002847594283
6.824	0.894	0.00002763822424
6.88	0.894	0.00002683091044
6.936	0.894	0.00002605269402
6.992	0.894	0.00002530233236
7.048	0.894	0.00002457864397
7.104	0.894	0.00002388050513
7.16	0.894	0.00002320684664
7.216	0.894	0.00002255665093
7.272	0.894	0.00002192894914
7.328	0.894	0.00002132281856
7.384	0.894	0.00002073738011
7.44	0.894	0.00002017179604
7.496	0.894	0.00001962526768
7.552	0.894	0.00001909703346
7.608	0.894	0.00001858636689
7.664	0.894	0.00001809257476
7.72	0.894	0.00001761499544
7.776	0.894	0.00001715299722
7.832	0.894	0.0000167059768
7.888	0.894	0.00001627335782
7.944	0.894	0.00001585458954
8.	0.894	0.00001544914554
2.4	0.896	0.0008557422511
2.456	0.896	0.0008011909203
2.512	0.896	0.0007509187013
2.568	0.896	0.0007045042234
2.624	0.896	0.0006615830453
2.68	0.896	0.0006218362956
2.736	0.896	0.0005849824343
2.792	0.896	0.0005507711066
2.848	0.896	0.0005189784341
2.904	0.896	0.0004894033151
2.96	0.896	0.0004618644517
3.016	0.896	0.0004361979134
3.072	0.896	0.0004122551053
3.128	0.896	0.0003899010496
3.184	0.896	0.0003690129139
3.24	0.896	0.0003494787393
3.296	0.896	0.0003311963308
3.352	0.896	0.0003140722842
3.408	0.896	0.000298021127
3.464	0.896	0.0002829645571
3.52	0.896	0.0002688307654
3.576	0.896	0.0002555538314
3.632	0.896	0.0002430731819
3.688	0.896	0.000231333106
3.744	0.896	0.0002202823191
3.8	0.896	0.0002098735703
3.856	0.896	0.0002000632881
3.912	0.896	0.0001908112613
3.968	0.896	0.00018208035
4.024	0.896	0.0001738362237
4.08	0.896	0.0001660471245
4.136	0.896	0.0001586836524
4.192	0.896	0.0001517185696
4.248	0.896	0.0001451266232
4.304	0.896	0.000138884384
4.36	0.896	0.0001329700995
4.416	0.896	0.0001273635594
4.472	0.896	0.0001220459742
4.528	0.896	0.000116999863
4.584	0.896	0.000112208952
4.64	0.896	0.0001076580811
4.696	0.896	0.000103333119
4.752	0.896	0.00009922088461
4.808	0.896	0.00009530907579
4.864	0.896	0.0000915862038
4.92	0.896	0.00008804153298
4.976	0.896	0.00008466502547
5.032	0.896	0.00008144729038
5.088	0.896	0.00007837953706
5.144	0.896	0.00007545353209
5.2	0.896	0.00007266155966
5.256	0.896	0.00006999638506
5.312	0.896	0.00006745122103
5.368	0.896	0.00006501969668
5.424	0.896	0.00006269582886
5.48	0.896	0.00006047399557
5.536	0.896	0.00005834891159
5.592	0.896	0.0000563156057
5.648	0.896	0.0000543693998
5.704	0.896	0.00005250588944
5.76	0.896	0.00005072092584
5.816	0.896	0.00004901059918
5.872	0.896	0.00004737122314
5.928	0.896	0.00004579932054
5.984	0.896	0.00004429160993
6.04	0.896	0.00004284499325
6.096	0.896	0.00004145654429
6.152	0.896	0.00004012349791
6.208	0.896	0.0000388432401
6.264	0.896	0.00003761329865
6.32	0.896	0.00003643133453
6.376	0.896	0.00003529513373
6.432	0.896	0.00003420259981
6.488	0.896	0.00003315174682
6.544	0.896	0.00003214069273
6.6	0.896	0.00003116765332
6.656	0.896	0.00003023093646
6.712	0.896	0.00002932893672
6.768	0.896	0.00002846013035
6.824	0.896	0.00002762307065
6.88	0.896	0.00002681638352
6.936	0.896	0.00002603876337
6.992	0.896	0.00002528896926
7.048	0.896	0.00002456582129
7.104	0.896	0.00002386819722
7.16	0.896	0.00002319502927
7.216	0.896	0.00002254530115
7.272	0.896	0.00002191804524
7.328	0.896	0.00002131233998
7.384	0.896	0.00002072730739
7.44	0.896	0.00002016211073
7.496	0.896	0.0000196159523
7.552	0.896	0.00001908807142
7.608	0.896	0.00001857774246
7.664	0.896	0.00001808427302
7.72	0.896	0.00001760700222
7.776	0.896	0.00001714529906
7.832	0.896	0.00001669856091
7.888	0.896	0.00001626621206
7.944	0.896	0.00001584770237
8.	0.896	0.00001544250596
2.4	0.898	0.0008524940887
2.456	0.898	0.0007983435058
2.512	0.898	0.0007484090647
2.568	0.898	0.000702281668
2.624	0.898	0.0006596062865
2.68	0.898	0.0006200713674
2.736	0.898	0.0005834011339
2.792	0.898	0.0005493498226
2.848	0.898	0.0005176972519
2.904	0.898	0.0004882453249
2.96	0.898	0.000460815208
3.016	0.898	0.0004352450078
3.072	0.898	0.0004113878258
3.128	0.898	0.0003891101059
3.184	0.898	0.0003682902154
3.24	0.898	0.0003488172124
3.296	0.898	0.0003305897693
3.352	0.898	0.0003135152248
3.408	0.898	0.0002975087455
3.464	0.898	0.0002824925815
3.52	0.898	0.0002683954024
3.576	0.898	0.0002551517043
3.632	0.898	0.0002427012779
3.688	0.898	0.0002309887306
3.744	0.898	0.0002199630577
3.8	0.898	0.0002095772545
3.856	0.898	0.0001997879671
3.912	0.898	0.0001905551767
3.968	0.898	0.0001818419141
4.024	0.898	0.0001736140006
4.08	0.898	0.0001658398135
4.136	0.898	0.0001584900734
4.192	0.898	0.0001515376505
4.248	0.898	0.0001449573885
4.304	0.898	0.0001387259451
4.36	0.898	0.0001328216454
4.416	0.898	0.0001272243497
4.472	0.898	0.0001219153315
4.528	0.898	0.0001168771673
4.584	0.898	0.0001120936348
4.64	0.898	0.0001075496208
4.696	0.898	0.0001032310363
4.752	0.898	0.00009912473885
4.808	0.898	0.0000952184613
4.864	0.898	0.00009150074676
4.92	0.898	0.00008796088861
4.976	0.898	0.00008458887546
5.032	0.898	0.00008137534061
5.088	0.898	0.00007831151553
5.144	0.898	0.00007538918702
5.2	0.898	0.00007260065778
5.256	0.898	0.00006993871011
5.312	0.898	0.00006739657234
5.368	0.898	0.00006496788789
5.424	0.898	0.00006264668678
5.48	0.898	0.00006042735914
5.536	0.898	0.00005830463088
5.592	0.898	0.00005627354111
5.648	0.898	0.00005432942119
5.704	0.898	0.00005246787545
5.76	0.898	0.0000506847632
5.816	0.898	0.00004897618211
5.872	0.898	0.0000473384528
5.928	0.898	0.00004576810448
5.984	0.898	0.00004426186168
6.04	0.898	0.00004281663186
6.096	0.898	0.0000414294939
6.152	0.898	0.00004009768743
6.208	0.898	0.00003881860285
6.264	0.898	0.00003758977209
6.32	0.898	0.00003640885991
6.376	0.898	0.00003527365588
6.432	0.898	0.00003418206686
6.488	0.898	0.00003313211001
6.544	0.898	0.00003212190618
6.6	0.898	0.00003114967384
6.656	0.898	0.00003021372338
6.712	0.898	0.0000293124517
6.768	0.898	0.00002844433728
6.824	0.898	0.00002760793545
6.88	0.898	0.00002680187404
6.936	0.898	0.00002602484925
6.992	0.898	0.00002527562185
7.048	0.898	0.00002455301351
7.104	0.898	0.00002385590347
7.16	0.898	0.00002318322534
7.216	0.898	0.00002253396414
7.272	0.898	0.00002190715349
7.328	0.898	0.00002130187296
7.384	0.898	0.00002071724567
7.44	0.898	0.00002015243589
7.496	0.898	0.00001960664688
7.552	0.898	0.00001907911888
7.608	0.898	0.00001856912709
7.664	0.898	0.00001807597991
7.72	0.898	0.00001759901723
7.776	0.898	0.00001713760875
7.832	0.898	0.00001669115253
7.888	0.898	0.00001625907347
7.944	0.898	0.00001584082203
8.	0.898	0.00001543587291
2.4	0.9	0.0008492813401
2.456	0.9	0.0007955247266
2.512	0.9	0.0007459227876
2.568	0.9	0.0007000783247
2.624	0.9	0.000657645449
2.68	0.9	0.0006183197266
2.736	0.9	0.0005818309957
2.792	0.9	0.0005479379732
2.848	0.9	0.0005164240896
2.904	0.9	0.0004870941884
2.96	0.9	0.0004597718507
3.016	0.9	0.0004342971814
3.072	0.9	0.000410524948
3.128	0.9	0.0003883229926
3.184	0.9	0.0003675708628
3.24	0.9	0.0003481586189
3.296	0.9	0.0003299857883
3.352	0.9	0.0003129604426
3.408	0.9	0.0002969983797
3.464	0.9	0.0002820223952
3.52	0.9	0.0002679616321
3.576	0.9	0.0002547509986
3.632	0.9	0.0002423306454
3.688	0.9	0.0002306454954
3.744	0.9	0.0002196448209
3.8	0.9	0.0002092818614
3.856	0.9	0.0001995134786
3.912	0.9	0.0001902998448
3.968	0.9	0.0001816041599
4.024	0.9	0.000173392396
4.08	0.9	0.0001656330646
4.136	0.9	0.0001582970062
4.192	0.9	0.000151357198
4.248	0.9	0.0001447885799
4.304	0.9	0.0001385678957
4.36	0.9	0.0001326735481
4.416	0.9	0.0001270854671
4.472	0.9	0.0001217849892
4.528	0.9	0.0001167547477
4.584	0.9	0.0001119785717
4.64	0.9	0.0001074413946
4.696	0.9	0.0001031291696
4.752	0.9	0.00009902879258
4.808	0.9	0.00009512803122
4.864	0.9	0.00009141546038
4.92	0.9	0.00008788040233
4.976	0.9	0.00008451287205
5.032	0.9	0.00008130352692
5.088	0.9	0.00007824362041
5.144	0.9	0.00007532495948
5.2	0.9	0.00007253986529
5.256	0.9	0.00006988113705
5.312	0.9	0.00006734201862
5.368	0.9	0.00006491616771
5.424	0.9	0.00006259762743
5.48	0.9	0.0000603808
5.536	0.9	0.00005826042246
5.592	0.9	0.00005623154416
5.648	0.9	0.00005428950593
5.704	0.9	0.00005242992082
5.76	0.9	0.00005064865622
5.816	0.9	0.00004894181727
5.872	0.9	0.0000473057315
5.928	0.9	0.00004573693451
5.984	0.9	0.00004423215676
6.04	0.9	0.00004278831121
6.096	0.9	0.00004140248186
6.152	0.9	0.00004007191307
6.208	0.9	0.00003879399966
6.264	0.9	0.00003756627763
6.32	0.9	0.00003638641557
6.376	0.9	0.00003525220661
6.432	0.9	0.00003416156091
6.488	0.9	0.00003311249871
6.544	0.9	0.00003210314374
6.6	0.9	0.00003113171717
6.656	0.9	0.00003019653188
6.712	0.9	0.00002929598713
6.768	0.9	0.00002842856357
6.824	0.9	0.00002759281859
6.88	0.9	0.00002678738195
6.936	0.9	0.00002601095164
6.992	0.9	0.0000252622901
7.048	0.9	0.0000245402206
7.104	0.9	0.00002384362384
7.16	0.9	0.00002317143483
7.216	0.9	0.00002252263989
7.272	0.9	0.00002189627386
7.328	0.9	0.00002129141748
7.384	0.9	0.00002070719493
7.44	0.9	0.0000201427715
7.496	0.9	0.00001959735143
7.552	0.9	0.00001907017582
7.608	0.9	0.00001856052075
7.664	0.9	0.00001806769543
7.72	0.9	0.00001759104047
7.776	0.9	0.0000171299263
7.832	0.9	0.00001668375163
7.888	0.9	0.00001625194202
7.944	0.9	0.00001583394852
8.	0.9	0.00001542924639
2.4	0.902	0.0008461033768
2.456	0.902	0.0007927340924
2.512	0.902	0.000743459484
2.568	0.902	0.0006978938873
2.624	0.902	0.0006557002883
2.68	0.902	0.0006165811768
2.736	0.902	0.0005802718612
2.792	0.902	0.0005465354295
2.848	0.902	0.0005151588418
2.904	0.902	0.0004859498192
2.96	0.902	0.0004587343084
3.016	0.902	0.0004333543749
3.072	0.902	0.0004096664226
3.128	0.902	0.0003875396684
3.184	0.902	0.0003668548215
3.24	0.902	0.0003475029295
3.296	0.902	0.0003293843629
3.352	0.902	0.0003124079166
3.408	0.902	0.0002964900117
3.464	0.902	0.0002815539829
3.52	0.902	0.0002675294413
3.576	0.902	0.0002543517029
3.632	0.902	0.0002419612746
3.688	0.902	0.0002303033917
3.744	0.902	0.0002193276012
3.8	0.902	0.0002089873845
3.856	0.902	0.0001992398171
3.912	0.902	0.0001900452606
3.968	0.902	0.0001813670831
4.024	0.902	0.0001731714062
4.08	0.902	0.0001654268746
4.136	0.902	0.0001581044478
4.192	0.902	0.0001511772095
4.248	0.902	0.000144620195
4.304	0.902	0.0001384102339
4.36	0.902	0.0001325258057
4.416	0.902	0.00012694691
4.472	0.902	0.0001216549458
4.528	0.902	0.0001166326028
4.584	0.902	0.0001118637615
4.64	0.902	0.0001073334015
4.696	0.902	0.000103027518
4.752	0.902	0.00009893304493
4.808	0.902	0.00009503778479
4.864	0.902	0.00009133034397
4.92	0.902	0.00008780007351
4.976	0.902	0.00008443701466
5.032	0.902	0.00008123184877
5.088	0.902	0.00007817585122
5.144	0.902	0.00007526084905
5.2	0.902	0.00007247918179
5.256	0.902	0.00006982366552
5.312	0.902	0.00006728755955
5.368	0.902	0.00006486453583
5.424	0.902	0.00006254865053
5.48	0.902	0.00006033431792
5.536	0.902	0.0000582162861
5.592	0.902	0.00005618961464
5.648	0.902	0.00005424965381
5.704	0.902	0.00005239202537
5.76	0.902	0.00005061260474
5.816	0.902	0.00004890750451
5.872	0.902	0.0000472730591
5.928	0.902	0.00004570581048
5.984	0.902	0.00004420249504
6.04	0.902	0.00004276003121
6.096	0.902	0.00004137550808
6.152	0.902	0.00004004617475
6.208	0.902	0.00003876943042
6.264	0.902	0.00003754281518
6.32	0.902	0.00003636400144
6.376	0.902	0.00003523078585
6.432	0.902	0.00003414108189
6.488	0.902	0.00003309291286
6.544	0.902	0.00003208440537
6.6	0.902	0.00003111378327
6.656	0.902	0.00003017936192
6.712	0.902	0.00002927954295
6.768	0.902	0.00002841280918
6.824	0.902	0.00002757772005
6.88	0.902	0.00002677290722
6.936	0.902	0.00002599707049
6.992	0.902	0.00002524897398
7.048	0.902	0.00002452744252
7.104	0.902	0.0000238313583
7.16	0.902	0.00002315965771
7.216	0.902	0.00002251132837
7.272	0.902	0.00002188540634
7.328	0.902	0.00002128097351
7.384	0.902	0.00002069715515
7.44	0.902	0.00002013311755
7.496	0.902	0.00001958806591
7.552	0.902	0.00001906124224
7.608	0.902	0.00001855192345
7.664	0.902	0.00001805941955
7.72	0.902	0.00001758307191
7.776	0.902	0.00001712225167
7.832	0.902	0.00001667635821
7.888	0.902	0.00001624481771
7.944	0.902	0.00001582708183
8.	0.902	0.00001542262638
2.4	0.904	0.0008429595748
2.456	0.904	0.0007899711159
2.512	0.904	0.0007410187706
2.568	0.904	0.000695728052
2.624	0.904	0.0006537705618
2.68	0.904	0.0006148555232
2.736	0.904	0.0005787235728
2.792	0.904	0.0005451420634
2.848	0.904	0.0005139014041
2.904	0.904	0.0004848121314
2.96	0.904	0.0004577025102
3.016	0.904	0.0004324165297
3.072	0.904	0.0004088122008
3.128	0.904	0.0003867600924
3.184	0.904	0.0003661420572
3.24	0.904	0.0003468501153
3.296	0.904	0.0003287854686
3.352	0.904	0.000311857626
3.408	0.904	0.0002959836238
3.464	0.904	0.0002810873295
3.52	0.904	0.0002670988172
3.576	0.904	0.000253953806
3.632	0.904	0.0002415931559
3.688	0.904	0.0002299624114
3.744	0.904	0.0002190113915
3.8	0.904	0.0002086938174
3.856	0.904	0.0001989669769
3.912	0.904	0.0001897914193
3.968	0.904	0.0001811306795
4.024	0.904	0.0001729510274
4.08	0.904	0.0001652212401
4.136	0.904	0.0001579123953
4.192	0.904	0.0001509976824
4.248	0.904	0.0001444522317
4.304	0.904	0.0001382529575
4.36	0.904	0.0001323784165
4.416	0.904	0.0001268086768
4.472	0.904	0.0001215251998
4.528	0.904	0.0001165107315
4.584	0.904	0.0001117492032
4.64	0.904	0.0001072256405
4.696	0.904	0.0001029260805
4.752	0.904	0.00009883749506
4.808	0.904	0.00009494772124
4.864	0.904	0.00009124539684
4.92	0.904	0.00008771990155
4.976	0.904	0.00008436130274
5.032	0.904	0.00008116030565
5.088	0.904	0.00007810820751
5.144	0.904	0.0000751968553
5.2	0.904	0.0000724186069
5.256	0.904	0.00006976629515
5.312	0.904	0.00006723319481
5.368	0.904	0.00006481299197
5.424	0.904	0.00006249975583
5.48	0.904	0.00006028791264
5.536	0.904	0.00005817222156
5.592	0.904	0.00005614775235
5.648	0.904	0.00005420986465
5.704	0.904	0.00005235418892
5.76	0.904	0.0000505766086
5.816	0.904	0.00004887324369
5.872	0.904	0.00004724043546
5.928	0.904	0.00004567473228
5.984	0.904	0.00004417287641
6.04	0.904	0.00004273179174
6.096	0.904	0.00004134857246
6.152	0.904	0.00004002047236
6.208	0.904	0.00003874489505
6.264	0.904	0.00003751938468
6.32	0.904	0.00003634161745
6.376	0.904	0.00003520939355
6.432	0.904	0.00003412062975
6.488	0.904	0.00003307335241
6.544	0.904	0.00003206569101
6.6	0.904	0.00003109587207
6.656	0.904	0.00003016221346
6.712	0.904	0.00002926311912
6.768	0.904	0.00002839707406
6.824	0.904	0.00002756263977
6.88	0.904	0.00002675844981
6.936	0.904	0.00002598320578
6.992	0.904	0.00002523567345
7.048	0.904	0.00002451467924
7.104	0.904	0.00002381910682
7.16	0.904	0.00002314789395
7.216	0.904	0.00002250002954
7.272	0.904	0.0000218745509
7.328	0.904	0.00002127054104
7.384	0.904	0.0000206871263
7.44	0.904	0.00002012347401
7.496	0.904	0.00001957879031
7.552	0.904	0.0000190523181
7.608	0.904	0.00001854333515
7.664	0.904	0.00001805115226
7.72	0.904	0.00001757511154
7.776	0.904	0.00001711458486
7.832	0.904	0.00001666897225
7.888	0.904	0.00001623770053
7.944	0.904	0.00001582022195
8.	0.904	0.00001541601288
2.4	0.906	0.0008398493142
2.456	0.906	0.0007872353132
2.512	0.906	0.0007386002665
2.568	0.906	0.0006935805169
2.624	0.906	0.0006518560287
2.68	0.906	0.0006131425725
2.736	0.906	0.0005771859745
2.792	0.906	0.0005437577482
2.848	0.906	0.0005126516728
2.904	0.906	0.00048368104
2.96	0.906	0.0004566763862
3.016	0.906	0.0004314835876
3.072	0.906	0.0004079622343
3.128	0.906	0.0003859842242
3.184	0.906	0.0003654325359
3.24	0.906	0.0003462001477
3.296	0.906	0.0003281890814
3.352	0.906	0.0003113095502
3.408	0.906	0.0002954791984
3.464	0.906	0.00028062242
3.52	0.906	0.0002666697467
3.576	0.906	0.000253557297
3.632	0.906	0.0002412262797
3.688	0.906	0.0002296225461
3.744	0.906	0.0002186961845
3.8	0.906	0.0002084011541
3.856	0.906	0.0001986949528
3.912	0.906	0.0001895383162
3.968	0.906	0.0001808949449
4.024	0.906	0.000172731256
4.08	0.906	0.000165016158
4.136	0.906	0.0001577208459
4.192	0.906	0.0001508186142
4.248	0.906	0.0001442846875
4.304	0.906	0.0001380960648
4.36	0.906	0.0001322313786
4.416	0.906	0.0001266707659
4.472	0.906	0.0001213957499
4.528	0.906	0.0001163891324
4.584	0.906	0.0001116348955
4.64	0.906	0.0001071181105
4.696	0.906	0.0001028248562
4.752	0.906	0.00009874214215
4.808	0.906	0.00009485783983
4.864	0.906	0.00009116061832
4.92	0.906	0.00008763988582
4.976	0.906	0.00008428573574
5.032	0.906	0.00008108889707
5.088	0.906	0.0000780406888
5.144	0.906	0.00007513297782
5.2	0.906	0.00007235814023
5.256	0.906	0.00006970902562
5.312	0.906	0.00006717892409
5.368	0.906	0.00006476153583
5.424	0.906	0.00006245094305
5.48	0.906	0.00006024158393
5.536	0.906	0.00005812822864
5.592	0.906	0.00005610595707
5.648	0.906	0.00005417013827
5.704	0.906	0.00005231641131
5.76	0.906	0.00005054066763
5.816	0.906	0.00004883903464
5.872	0.906	0.00004720786046
5.928	0.906	0.00004564369978
5.984	0.906	0.00004414330074
6.04	0.906	0.00004270359271
6.096	0.906	0.0000413216749
6.152	0.906	0.00003999480583
6.208	0.906	0.00003872039347
6.264	0.906	0.00003749598605
6.32	0.906	0.00003631926352
6.376	0.906	0.00003518802963
6.432	0.906	0.00003410020441
6.488	0.906	0.00003305381729
6.544	0.906	0.0000320470006
6.6	0.906	0.00003107798353
6.656	0.906	0.00003014508644
6.712	0.906	0.00002924671559
6.768	0.906	0.00002838135818
6.824	0.906	0.00002754757773
6.88	0.906	0.0000267440097
6.936	0.906	0.00002596935746
6.992	0.906	0.00002522238849
7.048	0.906	0.00002450193074
7.104	0.906	0.00002380686937
7.16	0.906	0.00002313614352
7.216	0.906	0.0000224887434
7.272	0.906	0.00002186370751
7.328	0.906	0.00002126012004
7.384	0.906	0.00002067710838
7.44	0.906	0.00002011384087
7.496	0.906	0.00001956952461
7.552	0.906	0.0000190434034
7.608	0.906	0.00001853475584
7.664	0.906	0.00001804289354
7.72	0.906	0.00001756715936
7.776	0.906	0.00001710692585
7.832	0.906	0.00001666159374
7.888	0.906	0.00001623059046
7.944	0.906	0.00001581336886
8.	0.906	0.00001540940586
2.4	0.908	0.0008367719793
2.456	0.908	0.0007845262038
2.512	0.908	0.0007362035938
2.568	0.908	0.0006914509825
2.624	0.908	0.0006499564503
2.68	0.908	0.0006114421329
2.736	0.908	0.0005756589114
2.792	0.908	0.0005423823583
2.848	0.908	0.0005114095455
2.904	0.908	0.0004825564609
2.96	0.908	0.0004556558669
3.016	0.908	0.0004305554913
3.072	0.908	0.0004071164752
3.128	0.908	0.000385212024
3.184	0.908	0.0003647262241
3.24	0.908	0.0003455529985
3.296	0.908	0.0003275951773
3.352	0.908	0.000310763669
3.408	0.908	0.0002949767183
3.464	0.908	0.0002801592397
3.52	0.908	0.0002662422174
3.576	0.908	0.0002531621648
3.632	0.908	0.0002408606367
3.688	0.908	0.0002292837876
3.744	0.908	0.0002183819732
3.8	0.908	0.0002081093883
3.856	0.908	0.0001984237393
3.912	0.908	0.0001892859467
3.968	0.908	0.0001806598752
4.024	0.908	0.0001725120883
4.08	0.908	0.000164811625
4.136	0.908	0.0001575297967
4.192	0.908	0.0001506400025
4.248	0.908	0.0001441175604
4.304	0.908	0.0001379395536
4.36	0.908	0.0001320846904
4.416	0.908	0.0001265331757
4.472	0.908	0.0001212665946
4.528	0.908	0.0001162678043
4.584	0.908	0.0001115208373
4.64	0.908	0.0001070108105
4.696	0.908	0.0001027238441
4.752	0.908	0.00009864698538
4.808	0.908	0.00009476813983
4.864	0.908	0.00009107600775
4.92	0.908	0.00008756002573
4.976	0.908	0.0000842103131
5.032	0.908	0.00008101762254
5.088	0.908	0.00007797329466
5.144	0.908	0.0000750692162
5.2	0.908	0.00007229778143
5.256	0.908	0.00006965185658
5.312	0.908	0.00006712474706
5.368	0.908	0.00006471016714
5.424	0.908	0.00006240221194
5.48	0.908	0.00006019533154
5.536	0.908	0.0000580843071
5.592	0.908	0.00005606422862
5.648	0.908	0.00005413047447
5.704	0.908	0.00005227869236
5.76	0.908	0.00005050478169
5.816	0.908	0.00004880487724
5.872	0.908	0.00004717533396
5.928	0.908	0.00004561271285
5.984	0.908	0.00004411376793
6.04	0.908	0.00004267543399
6.096	0.908	0.0000412948153
6.152	0.908	0.00003996917506
6.208	0.908	0.0000386959256
6.264	0.908	0.00003747261919
6.32	0.908	0.00003629693959
6.376	0.908	0.00003516669402
6.432	0.908	0.00003407980581
6.488	0.908	0.00003303430744
6.544	0.908	0.00003202833409
6.6	0.908	0.0000310601176
6.656	0.908	0.00003012798082
6.712	0.908	0.00002923033233
6.768	0.908	0.0000283656615
6.824	0.908	0.00002753253387
6.88	0.908	0.00002672958683
6.936	0.908	0.00002595552551
6.992	0.908	0.00002520911905
7.048	0.908	0.00002448919699
7.104	0.908	0.00002379464593
7.16	0.908	0.00002312440641
7.216	0.908	0.00002247746991
7.272	0.908	0.00002185287616
7.328	0.908	0.00002124971048
7.384	0.908	0.00002066710135
7.44	0.908	0.0000201042181
7.496	0.908	0.00001956026879
7.552	0.908	0.00001903449811
7.608	0.908	0.00001852618552
7.664	0.908	0.00001803464338
7.72	0.908	0.00001755921534
7.776	0.908	0.00001709927464
7.832	0.908	0.00001665422267
7.888	0.908	0.0000162234875
7.944	0.908	0.00001580652255
8.	0.908	0.00001540280533
2.4	0.91	0.0008337269589
2.456	0.91	0.0007818433106
2.512	0.91	0.0007338283773
2.568	0.91	0.0006893391516
2.624	0.91	0.0006480715894
2.68	0.91	0.0006097540144
2.736	0.91	0.0005741422302
2.792	0.91	0.0005410157691
2.848	0.91	0.0005101749206
2.904	0.91	0.0004814383109
2.96	0.91	0.0004546408837
3.016	0.91	0.0004296321839
3.072	0.91	0.0004062748764
3.128	0.91	0.0003844434522
3.184	0.91	0.0003640230889
3.24	0.91	0.0003449086399
3.296	0.91	0.0003270037328
3.352	0.91	0.0003102199624
3.408	0.91	0.0002944761665
3.464	0.91	0.000279697774
3.52	0.91	0.0002658162166
3.576	0.91	0.0002527683988
3.632	0.91	0.0002404962175
3.688	0.91	0.0002289461281
3.744	0.91	0.0002180687507
3.8	0.91	0.000207818514
3.856	0.91	0.0001981533311
3.912	0.91	0.000189034306
3.968	0.91	0.0001804254664
4.024	0.91	0.0001722935209
4.08	0.91	0.000164607638
4.136	0.91	0.000157339245
4.192	0.91	0.0001504618447
4.248	0.91	0.0001439508481
4.304	0.91	0.000137783422
4.36	0.91	0.00013193835
4.416	0.91	0.0001263959048
4.472	0.91	0.0001211377325
4.528	0.91	0.000116146746
4.584	0.91	0.0001114070275
4.64	0.91	0.0001069037396
4.696	0.91	0.0001026230435
4.752	0.91	0.00009855202396
4.808	0.91	0.00009467862052
4.864	0.91	0.00009099156447
4.92	0.91	0.00008748032069
4.976	0.91	0.0000841350343
5.032	0.91	0.00008094648156
5.088	0.91	0.00007790602465
5.144	0.91	0.00007500557005
5.2	0.91	0.00007223753012
5.256	0.91	0.0000695947877
5.312	0.91	0.00006707066344
5.368	0.91	0.00006465888562
5.424	0.91	0.00006235356223
5.48	0.91	0.00006014915525
5.536	0.91	0.00005804045674
5.592	0.91	0.0000560225668
5.648	0.91	0.00005409087308
5.704	0.91	0.00005224103191
5.76	0.91	0.00005046895062
5.816	0.91	0.00004877077134
5.872	0.91	0.00004714285582
5.928	0.91	0.00004558177139
5.984	0.91	0.00004408427787
6.04	0.91	0.0000426473155
6.096	0.91	0.00004126799357
6.152	0.91	0.00003994357996
6.208	0.91	0.00003867149135
6.264	0.91	0.00003744928405
6.32	0.91	0.00003627464558
6.376	0.91	0.00003514538666
6.432	0.91	0.0000340594339
6.488	0.91	0.00003301482281
6.544	0.91	0.00003200969142
6.6	0.91	0.00003104227423
6.656	0.91	0.00003011089655
6.712	0.91	0.00002921396928
6.768	0.91	0.00002834998397
6.824	0.91	0.00002751750818
6.88	0.91	0.00002671518117
6.936	0.91	0.00002594170989
6.992	0.91	0.00002519586512
7.048	0.91	0.00002447647796
7.104	0.91	0.00002378243648
7.16	0.91	0.00002311268258
7.216	0.91	0.00002246620905
7.272	0.91	0.00002184205682
7.328	0.91	0.00002123931235
7.384	0.91	0.0000206571052
7.44	0.91	0.0000200946057
7.496	0.91	0.00001955102284
7.552	0.91	0.00001902560223
7.608	0.91	0.00001851762415
7.664	0.91	0.00001802640177
7.72	0.91	0.00001755127947
7.776	0.91	0.00001709163121
7.832	0.91	0.00001664685902
7.888	0.91	0.00001621639162
7.944	0.91	0.00001579968301
8.	0.91	0.00001539621127