0.0009313035256	1.37	0.01
0.000772933971	1.42	0.01
0.0006409277322	1.47	0.01
0.0005309385537	1.52	0.01
0.0004393477647	1.57	0.01
0.000363135322	1.62	0.01
0.000299776225	1.67	0.01
0.0002471566327	1.72	0.01
0.0002035054262	1.77	0.01
0.0001673379959	1.82	0.01
0.0001374097929	1.87	0.01
0.0001126777486	1.92	0.01
9.226809137e-05	1.97	0.01
7.544939934e-05	2.02	0.01
6.160997471e-05	2.07	0.01
5.02388034e-05	2.12	0.01
4.090950711e-05	2.17	0.01
3.326680372e-05	2.22	0.01
2.701507824e-05	2.27	0.01
2.190873458e-05	2.32	0.01
1.774405342e-05	2.37	0.01
1.435232541e-05	2.42	0.01
1.159406544e-05	2.47	0.01
9.354143401e-06	2.52	0.01
7.537691947e-06	2.57	0.01
6.066672406e-06	2.62	0.01
4.876997858e-06	2.67	0.01
3.916127155e-06	2.72	0.01
3.141056518e-06	2.77	0.01
2.516646165e-06	2.82	0.01
0.0009538445382	1.37	0.02
0.0007909623898	1.42	0.02
0.0006553381065	1.47	0.02
0.000542447517	1.52	0.02
0.000448530339	1.57	0.02
0.0003704533864	1.62	0.02
0.0003056009895	1.67	0.02
0.000251786483	1.72	0.02
0.0002071801616	1.77	0.02
0.000170250234	1.82	0.02
0.0001397141326	1.87	0.02
0.0001144981517	1.92	0.02
9.37038361e-05	1.97	0.02
7.657988946e-05	2.02	0.02
6.24986253e-05	2.07	0.02
5.093618099e-05	2.12	0.02
4.145586638e-05	2.17	0.02
3.36941354e-05	2.22	0.02
2.734876077e-05	2.27	0.02
2.216886455e-05	2.32	0.02
1.794651582e-05	2.37	0.02
1.450965315e-05	2.42	0.02
1.171612847e-05	2.47	0.02
9.448700236e-06	2.52	0.02
7.61083018e-06	2.57	0.02
6.123159896e-06	2.62	0.02
4.920562127e-06	2.67	0.02
3.949677228e-06	2.72	0.02
3.166858691e-06	2.77	0.02
2.536462989e-06	2.82	0.02
0.0009770970081	1.37	0.03
0.0008095409645	1.42	0.03
0.0006701738804	1.47	0.03
0.0005542852794	1.52	0.03
0.0004579668702	1.57	0.03
0.0003779674164	1.62	0.03
0.000311576798	1.67	0.03
0.0002565326014	1.72	0.03
0.0002109442674	1.77	0.03
0.0001732310612	1.82	0.03
0.0001420710272	1.87	0.03
0.0001163587558	1.92	0.03
9.517027867e-05	1.97	0.03
7.773377943e-05	2.02	0.03
6.3405081e-05	2.07	0.03
5.164708238e-05	2.12	0.03
4.201247927e-05	2.17	0.03
3.41292275e-05	2.22	0.03
2.768830642e-05	2.27	0.03
2.243341655e-05	2.32	0.03
1.815230767e-05	2.37	0.03
1.466948353e-05	2.42	0.03
1.184006959e-05	2.47	0.03
9.544664231e-06	2.52	0.03
7.6850211e-06	2.57	0.03
6.180433714e-06	2.62	0.03
4.964712911e-06	2.67	0.03
3.983664165e-06	2.72	0.03
3.192985823e-06	2.77	0.03
2.556521217e-06	2.82	0.03
0.001001088949	1.37	0.04
0.0008286907106	1.42	0.04
0.0006854508317	1.47	0.04
0.0005664636895	1.52	0.04
0.0004676662546	1.57	0.04
0.0003856840879	1.62	0.04
0.000317708656	1.67	0.04
0.0002613987368	1.72	0.04
0.0002148005477	1.77	0.04
0.0001762825724	1.82	0.04
0.0001444820391	1.87	0.04
0.0001182607244	1.92	0.04
9.66682841e-05	1.97	0.04
7.891171129e-05	2.02	0.04
6.432981753e-05	2.07	0.04
5.23718595e-05	2.12	0.04
4.257960569e-05	2.17	0.04
3.457227165e-05	2.22	0.04
2.803385628e-05	2.27	0.04
2.270249425e-05	2.32	0.04
1.836150507e-05	2.37	0.04
1.483187232e-05	2.42	0.04
1.196592962e-05	2.47	0.04
9.642065228e-06	2.52	0.04
7.760286497e-06	2.57	0.04
6.238509752e-06	2.62	0.04
5.009461787e-06	2.67	0.04
4.018096393e-06	2.72	0.04
3.219444041e-06	2.77	0.04
2.576825304e-06	2.82	0.04
0.00102584971	1.37	0.05
0.0008484336171	1.42	0.05
0.0007011854507	1.47	0.05
0.0005789951181	1.52	0.05
0.0004776377709	1.57	0.05
0.0003936103572	1.62	0.05
0.0003240017744	1.67	0.05
0.0002663887886	1.72	0.05
0.000218751917	1.77	0.05
0.0001794069427	1.82	0.05
0.0001469487892	1.87	0.05
0.0001202052637	1.92	0.05
9.81987485e-05	1.97	0.05
8.011434966e-05	2.02	0.05
6.527332703e-05	2.07	0.05
5.311087615e-05	2.12	0.05
4.315751414e-05	2.17	0.05
3.502346569e-05	2.22	0.05
2.838555588e-05	2.27	0.05
2.297620459e-05	2.32	0.05
1.857418646e-05	2.37	0.05
1.499687699e-05	2.42	0.05
1.20937506e-05	2.47	0.05
9.740933942e-06	2.52	0.05
7.836648784e-06	2.57	0.05
6.29740435e-06	2.62	0.05
5.054820657e-06	2.67	0.05
4.05298257e-06	2.72	0.05
3.24623964e-06	2.77	0.05
2.597379822e-06	2.82	0.05
0.001051410045	1.37	0.06
0.0008687927007	1.42	0.06
0.0007173949786	1.47	0.06
0.0005918924852	1.52	0.06
0.0004878911006	1.57	0.06
0.0004017534752	1.62	0.06
0.0003304615799	1.67	0.06
0.0002715068141	1.72	0.06
0.0002228014051	1.77	0.06
0.0001826064317	1.82	0.06
0.0001494729602	1.87	0.06
0.0001221936246	1.92	0.06
9.97626005e-05	1.97	0.06
8.13423828e-05	2.02	0.06
6.623611876e-05	2.07	0.06
5.386450854e-05	2.12	0.06
4.37464821e-05	2.17	0.06
3.548301396e-05	2.22	0.06
2.874355549e-05	2.27	0.06
2.325465788e-05	2.32	0.06
1.879043271e-05	2.37	0.06
1.516455675e-05	2.42	0.06
1.222357583e-05	2.47	0.06
9.84130199e-06	2.52	0.06
7.914131028e-06	2.57	0.06
6.357134317e-06	2.62	0.06
5.100801756e-06	2.67	0.06
4.088331597e-06	2.72	0.06
3.273379089e-06	2.77	0.06
2.618189467e-06	2.82	0.06
0.0010778022	1.37	0.07
0.0008897920623	1.42	0.07
0.0007340974484	1.47	0.07
0.0006051692896	1.52	0.07
0.0004984363481	1.57	0.07
0.0004101210027	1.62	0.07
0.0003370937256	1.67	0.07
0.0002767570358	1.72	0.07
0.0002269521623	1.77	0.07
0.0001858833867	1.82	0.07
0.0001520562986	1.87	0.07
0.0001242271049	1.92	0.07
0.0001013608027	1.97	0.07
8.25965236e-05	2.02	0.07
6.721871984e-05	2.07	0.07
5.463314581e-05	2.12	0.07
4.43467964e-05	2.17	0.07
3.595112755e-05	2.22	0.07
2.910801021e-05	2.27	0.07
2.353796794e-05	2.32	0.07
1.901032721e-05	2.37	0.07
1.533497262e-05	2.42	0.07
1.23554499e-05	2.47	0.07
9.943201931e-06	2.52	0.07
7.992756969e-06	2.57	0.07
6.417716945e-06	2.62	0.07
5.147417668e-06	2.67	0.07
4.124152623e-06	2.72	0.07
3.300869034e-06	2.77	0.07
2.639259066e-06	2.82	0.07
0.001105059994	1.37	0.08
0.0009114569478	1.42	0.08
0.0007513117279	1.47	0.08
0.0006188396399	1.52	0.08
0.0005092840634	1.57	0.08
0.0004187208259	1.62	0.08
0.0003439041023	1.67	0.08
0.0002821438503	1.72	0.08
0.0002312074661	1.77	0.08
0.0001892402477	1.82	0.08
0.0001547006185	1.87	0.08
0.0001263070511	1.92	0.08
0.0001029943532	1.97	0.08
8.387751073e-05	2.02	0.08
6.822167609e-05	2.07	0.08
5.541719063e-05	2.12	0.08
4.495875362e-05	2.17	0.08
3.64280246e-05	2.22	0.08
2.947908024e-05	2.27	0.08
2.382625223e-05	2.32	0.08
1.923395601e-05	2.37	0.08
1.550818753e-05	2.42	0.08
1.248941878e-05	2.47	0.08
1.00466673e-05	2.52	0.08
8.072551046e-06	2.57	0.08
6.479170028e-06	2.62	0.08
5.194681336e-06	2.67	0.08
4.160455054e-06	2.72	0.08
3.328716307e-06	2.77	0.08
2.660593576e-06	2.82	0.08
0.001133218909	1.37	0.09
0.0009338138126	1.42	0.09
0.0007690575659	1.47	0.09
0.0006329182872	1.52	0.09
0.0005204452658	1.57	0.09
0.0004275611735	1.62	0.09
0.0003508988512	1.67	0.09
0.0002876718363	1.72	0.09
0.0002355707266	1.77	0.09
0.0001926795515	1.82	0.09
0.0001574078043	1.87	0.09
0.000128434861	1.92	0.09
0.0001046642873	1.97	0.09
8.518610979e-05	2.02	0.09
6.924555276e-05	2.07	0.09
5.621705972e-05	2.12	0.09
4.558266053e-05	2.17	0.09
3.691393056e-05	2.22	0.09
2.985693106e-05	2.27	0.09
2.411963205e-05	2.32	0.09
1.946140787e-05	2.37	0.09
1.568426636e-05	2.42	0.09
1.262552984e-05	2.47	0.09
1.015173265e-05	2.52	0.09
8.153538429e-06	2.57	0.09
6.541511884e-06	2.62	0.09
5.242606081e-06	2.67	0.09
4.197248569e-06	2.72	0.09
3.356927933e-06	2.77	0.09
2.682198095e-06	2.82	0.09
0.00116231619	1.37	0.1
0.0009568903903	1.42	0.1
0.000787355641	1.47	0.1
0.0006474206603	1.52	0.1
0.0005319314687	1.57	0.1
0.0004366506348	1.62	0.1
0.0003580843761	1.67	0.1
0.0002933457643	1.72	0.1
0.0002400454939	1.77	0.1
0.0001962039364	1.82	0.1
0.0001601798142	1.87	0.1
0.0001306119861	1.92	0.1
0.0001063716792	1.97	0.1
8.65231145e-05	2.02	0.1
7.029093551e-05	2.07	0.1
5.703318454e-05	2.12	0.1
4.62188345e-05	2.17	0.1
3.740907857e-05	2.22	0.1
3.024173366e-05	2.27	0.1
2.441823264e-05	2.32	0.1
1.96927744e-05	2.37	0.1
1.586327606e-05	2.42	0.1
1.276383193e-05	2.47	0.1
1.025843357e-05	2.52	0.1
8.235745047e-06	2.57	0.1
6.604761375e-06	2.62	0.1
5.291205611e-06	2.67	0.1
4.234543122e-06	2.72	0.1
3.385511138e-06	2.77	0.1
2.704077863e-06	2.82	0.1
0.001192390947	1.37	0.11
0.0009807157662	1.42	0.11
0.0008062276141	1.47	0.11
0.0006623629027	1.52	0.11
0.0005437547061	1.57	0.11
0.0004459981786	1.62	0.11
0.0003654673576	1.67	0.11
0.0002991706063	1.72	0.11
0.0002446354644	1.77	0.11
0.0001998161475	1.82	0.11
0.0001630186839	1.87	0.11
0.0001328399339	1.92	0.11
0.0001081176436	1.97	0.11
8.788934806e-05	2.02	0.11
7.135843129e-05	2.07	0.11
5.786601192e-05	2.12	0.11
4.686760401e-05	2.17	0.11
3.791370975e-05	2.22	0.11
3.063366479e-05	2.27	0.11
2.472218339e-05	2.32	0.11
1.992815022e-05	2.37	0.11
1.604528569e-05	2.42	0.11
1.290437544e-05	2.47	0.11
1.036680679e-05	2.52	0.11
8.319197614e-06	2.57	0.11
6.668937927e-06	2.62	0.11
5.34049404e-06	2.67	0.11
4.272348961e-06	2.72	0.11
3.414473355e-06	2.77	0.11
2.726238269e-06	2.82	0.11
0.001223484263	1.37	0.12
0.001005320455	1.42	0.12
0.000825696184	1.47	0.12
0.0006777619128	1.52	0.12
0.0005559275615	1.57	0.12
0.0004556131735	1.62	0.12
0.0003730547673	1.67	0.12
0.000305151546	1.72	0.12
0.0002493444886	1.77	0.12
0.0002035190414	1.82	0.12
0.0001659265302	1.87	0.12
0.0001351202708	1.92	0.12
0.000109903338	1.97	0.12
8.92856645e-05	2.02	0.12
7.244866928e-05	2.07	0.12
5.871600475e-05	2.12	0.12
4.752930911e-05	2.17	0.12
3.842807354e-05	2.22	0.12
3.103290719e-05	2.27	0.12
2.5031618e-05	2.32	0.12
2.0167633e-05	2.37	0.12
1.623036656e-05	2.42	0.12
1.304721233e-05	2.47	0.12
1.047689015e-05	2.52	0.12
8.403923665e-06	2.57	0.12
6.734061555e-06	2.62	0.12
5.390485904e-06	2.67	0.12
4.310676634e-06	2.72	0.12
3.443822235e-06	2.77	0.12
2.748684858e-06	2.82	0.12
0.001255639318	1.37	0.13
0.001030736486	1.42	0.13
0.0008457851465	1.47	0.13
0.0006936353855	1.52	0.13
0.0005684631975	1.57	0.13
0.0004655054095	1.62	0.13
0.0003808538832	1.67	0.13
0.0003112939898	1.72	0.13
0.0002541765787	1.77	0.13
0.0002073155926	1.82	0.13
0.0001689055553	1.87	0.13
0.000137454625	1.92	0.13
0.0001117299645	1.97	0.13
9.07129501e-05	2.02	0.13
7.356230201e-05	2.07	0.13
5.958364272e-05	2.12	0.13
4.820430196e-05	2.17	0.13
3.895242812e-05	2.22	0.13
3.143964988e-05	2.27	0.13
2.534667466e-05	2.32	0.13
2.041132368e-05	2.37	0.13
1.641859227e-05	2.42	0.13
1.319239624e-05	2.47	0.13
1.058872268e-05	2.52	0.13
8.489951591e-06	2.57	0.13
6.800152883e-06	2.62	0.13
5.441196175e-06	2.67	0.13
4.349537003e-06	2.72	0.13
3.473565651e-06	2.77	0.13
2.771423337e-06	2.82	0.13
0.00128890151	1.37	0.14
0.001056997491	1.42	0.14
0.000866519458	1.47	0.14
0.0007100018578	1.52	0.14
0.0005813753881	1.57	0.14
0.0004756851209	1.62	0.14
0.000388872306	1.67	0.14
0.0003176035788	1.72	0.14
0.0002591359174	1.77	0.14
0.0002112088987	1.82	0.14
0.0001719580506	1.87	0.14
0.0001398446892	1.92	0.14
0.0001135987721	1.97	0.14
9.217212497e-05	2.02	0.14
7.470000637e-05	2.07	0.14
6.046942312e-05	2.12	0.14
4.889294735e-05	2.17	0.14
3.948704076e-05	2.22	0.14
3.18540884e-05	2.27	0.14
2.566749628e-05	2.32	0.14
2.065932653e-05	2.37	0.14
1.661003888e-05	2.42	0.14
1.333998255e-05	2.47	0.14
1.070234468e-05	2.52	0.14
8.577310669e-06	2.57	0.14
6.867233175e-06	2.62	0.14
5.492640285e-06	2.67	0.14
4.388941257e-06	2.72	0.14
3.503711714e-06	2.77	0.14
2.794459578e-06	2.82	0.14
0.00132331859	1.37	0.15
0.001084138797	1.42	0.15
0.0008879253027	1.47	0.15
0.0007268807566	1.52	0.15
0.0005946785532	1.57	0.15
0.0004861630106	1.62	0.15
0.0003971179768	1.67	0.15
0.0003240862007	1.72	0.15
0.0002642268661	1.77	0.15
0.0002152021872	1.82	0.15
0.0001750864016	1.87	0.15
0.0001422922244	1.92	0.15
0.0001155110587	1.97	0.15
9.366414463e-05	2.02	0.15
7.586248477e-05	2.07	0.15
6.13738616e-05	2.12	0.15
4.959562334e-05	2.17	0.15
4.003218823e-05	2.22	0.15
3.227642514e-05	2.27	0.15
2.599423064e-05	2.32	0.15
2.091174939e-05	2.37	0.15
1.680478491e-05	2.42	0.15
1.349002842e-05	2.47	0.15
1.081779771e-05	2.52	0.15
8.666031106e-06	2.57	0.15
6.935324357e-06	2.62	0.15
5.544834136e-06	2.67	0.15
4.428900925e-06	2.72	0.15
3.534268775e-06	2.77	0.15
2.817799629e-06	2.82	0.15
0.001358940813	1.37	0.16
0.001112197534	1.42	0.16
0.0009100301652	1.47	0.16
0.0007442924498	1.52	0.16
0.0006083877946	1.57	0.16
0.0004969502762	1.62	0.16
0.0004055991955	1.67	0.16
0.0003307480036	1.72	0.16
0.0002694539751	1.77	0.16
0.0002192988222	1.82	0.16
0.0001782930924	1.87	0.16
0.0001447990628	1.92	0.16
0.0001174681739	1.97	0.16
9.519000175e-05	2.02	0.16
7.705046644e-05	2.07	0.16
6.22974931e-05	2.12	0.16
5.031272182e-05	2.17	0.16
4.058815726e-05	2.22	0.16
3.270686961e-05	2.27	0.16
2.632703068e-05	2.32	0.16
2.116870372e-05	2.37	0.16
1.700291157e-05	2.42	0.16
1.364259293e-05	2.47	0.16
1.093512471e-05	2.52	0.16
8.756144072e-06	2.57	0.16
7.004449048e-06	2.62	0.16
5.597794129e-06	2.67	0.16
4.469427892e-06	2.72	0.16
3.565245441e-06	2.77	0.16
2.841449721e-06	2.82	0.16
0.001395821086	1.37	0.17
0.001141212741	1.42	0.17
0.0009328629075	1.47	0.17
0.0007622583015	1.52	0.17
0.0006225189353	1.57	0.17
0.0005080586377	1.62	0.17
0.0004143246404	1.67	0.17
0.0003375954096	1.72	0.17
0.0002748219928	1.77	0.17
0.0002235023113	1.82	0.17
0.000181580711	1.87	0.17
0.0001473671113	1.92	0.17
0.0001194715213	1.97	0.17
9.675072797e-05	2.02	0.17
7.826470859e-05	2.07	0.17
6.324087271e-05	2.12	0.17
5.104464917e-05	2.17	0.17
4.1155245e-05	2.22	0.17
3.314563882e-05	2.27	0.17
2.666605468e-05	2.32	0.17
2.143030485e-05	2.37	0.17
1.720450278e-05	2.42	0.17
1.379773709e-05	2.47	0.17
1.105437e-05	2.52	0.17
8.847681746e-06	2.57	0.17
7.074630585e-06	2.62	0.17
5.65153718e-06	2.67	0.17
4.510534408e-06	2.72	0.17
3.596650582e-06	2.77	0.17
2.865416272e-06	2.82	0.17
0.001434015137	1.37	0.18
0.001171225482	1.42	0.18
0.0009564538516	1.47	0.18
0.0007808007302	1.52	0.18
0.0006370885608	1.57	0.18
0.0005195003671	1.62	0.18
0.0004233033893	1.67	0.18
0.0003446351299	1.72	0.18
0.000280335877	1.77	0.18
0.000227816313	1.82	0.18
0.0001849519545	1.87	0.18
0.000149998356	1.92	0.18
0.0001215225612	1.97	0.18
9.834739581e-05	2.02	0.18
7.950599791e-05	2.07	0.18
6.420457668e-05	2.12	0.18
5.179182697e-05	2.17	0.18
4.173375947e-05	2.22	0.18
3.359295756e-05	2.27	0.18
2.701146649e-05	2.32	0.18
2.169667211e-05	2.37	0.18
1.740964535e-05	2.42	0.18
1.3955524e-05	2.47	0.18
1.11755794e-05	2.52	0.18
8.940677359e-06	2.57	0.18
7.145893059e-06	2.62	0.18
5.706080741e-06	2.67	0.18
4.552233112e-06	2.72	0.18
3.628493344e-06	2.77	0.18
2.889705899e-06	2.82	0.18
0.001473581697	1.37	0.19
0.001202278972	1.42	0.19
0.0009808348677	1.47	0.19
0.0007999432712	1.52	0.19
0.0006521140637	1.57	0.19
0.0005312883198	1.62	0.19
0.0004325449419	1.67	0.19
0.000351874181	1.72	0.19
0.0002860008058	1.77	0.19
0.0002322446455	1.82	0.19
0.0001884096351	1.87	0.19
0.0001526948654	1.92	0.19
0.0001236228136	1.97	0.19
9.998112073e-05	2.02	0.19
8.077515193e-05	2.07	0.19
6.518920343e-05	2.12	0.19
5.25546927e-05	2.17	0.19
4.232402013e-05	2.22	0.19
3.404905882e-05	2.27	0.19
2.736343586e-05	2.32	0.19
2.196792902e-05	2.37	0.19
1.761842907e-05	2.42	0.19
1.411601887e-05	2.47	0.19
1.129880023e-05	2.52	0.19
9.035165238e-06	2.57	0.19
7.218261346e-06	2.62	0.19
5.761442828e-06	2.67	0.19
4.594537043e-06	2.72	0.19
3.660783159e-06	2.77	0.19
2.914325422e-06	2.82	0.19
0.001514582683	1.37	0.2
0.001234418713	1.42	0.2
0.001006039469	1.47	0.2
0.000819710644	1.52	0.2
0.0006676136911	1.57	0.2
0.0005434359682	1.62	0.2
0.000442059244	1.67	0.2
0.0003593199013	1.72	0.2
0.00029182219	1.77	0.2
0.0002367912945	1.82	0.2
0.0001919566856	1.87	0.2
0.0001554587957	1.92	0.2
0.0001257738614	1.97	0.2
0.0001016530633	2.02	0.2
8.207302059e-05	2.07	0.2
6.619537464e-05	2.12	0.2
5.333370054e-05	2.17	0.2
4.292635838e-05	2.22	0.2
3.451418414e-05	2.27	0.2
2.772213865e-05	2.32	0.2
2.224420348e-05	2.37	0.2
1.78309469e-05	2.42	0.2
1.427928919e-05	2.47	0.2
1.142408144e-05	2.52	0.2
9.131180857e-06	2.57	0.2
7.29176114e-06	2.62	0.2
5.81764204e-06	2.67	0.2
4.637459658e-06	2.72	0.2
3.693529761e-06	2.77	0.2
2.939281878e-06	2.82	0.2
0.001557083414	1.37	0.21
0.001267692635	1.42	0.21
0.001032102913	1.47	0.21
0.0008401288236	1.52	0.21
0.0006836065952	1.57	0.21
0.0005559574381	1.62	0.21
0.0004518567124	1.67	0.21
0.0003669799693	1.72	0.21
0.0002978056857	1.77	0.21
0.0002414604228	1.82	0.21
0.0001955961667	1.87	0.21
0.0001582923943	1.92	0.21
0.0001279773532	1.97	0.21
0.0001033644316	2.02	0.21
8.340048786e-05	2.07	0.21
6.722373642e-05	2.12	0.21
5.412932217e-05	2.17	0.21
4.354111815e-05	2.22	0.21
3.498858405e-05	2.27	0.21
2.808775715e-05	2.32	0.21
2.2525628e-05	2.37	0.21
1.804729505e-05	2.42	0.21
1.444540476e-05	2.47	0.21
1.155147364e-05	2.52	0.21
9.228760887e-06	2.57	0.21
7.366418993e-06	2.62	0.21
5.87469759e-06	2.67	0.21
4.681014853e-06	2.72	0.21
3.726743194e-06	2.77	0.21
2.964582527e-06	2.82	0.21
0.001601152826	1.37	0.22
0.001302151253	1.42	0.22
0.001059062311	1.47	0.22
0.0008612251173	1.52	0.22
0.0007001128877	1.57	0.22
0.0005688675469	1.62	0.22
0.000461948263	1.67	0.22
0.0003748624233	1.72	0.22
0.0003039572082	1.77	0.22
0.0002462563796	1.82	0.22
0.0001993312731	1.87	0.22
0.0001611980055	1.92	0.22
0.0001302350073	1.97	0.22
0.0001051164833	2.02	0.22
8.475847352e-05	2.07	0.22
6.827496051e-05	2.12	0.22
5.494204762e-05	2.17	0.22
4.416865655e-05	2.22	0.22
3.547251847e-05	2.27	0.22
2.846048035e-05	2.32	0.22
2.281233988e-05	2.37	0.22
1.826757317e-05	2.42	0.22
1.461443786e-05	2.47	0.22
1.168102922e-05	2.52	0.22
9.327943253e-06	2.57	0.22
7.442262349e-06	2.62	0.22
5.93262933e-06	2.67	0.22
4.725216979e-06	2.72	0.22
3.760433832e-06	2.77	0.22
2.990234862e-06	2.82	0.22
0.001646863709	1.37	0.23
0.001337847834	1.42	0.23
0.001086956744	1.47	0.23
0.0008830282474	1.52	0.23
0.0007171536981	1.57	0.23
0.0005821818445	1.62	0.23
0.0004723453394	1.67	0.23
0.0003829756816	1.72	0.23
0.0003102829466	1.77	0.23
0.0002511837114	1.82	0.23
0.0002031653415	1.87	0.23
0.0001641780756	1.92	0.23
0.000132548615	1.97	0.23
0.0001069105289	2.02	0.23
8.614793493e-05	2.07	0.23
6.93497456e-05	2.12	0.23
5.577238623e-05	2.17	0.23
4.480934445e-05	2.22	0.23
3.596625721e-05	2.27	0.23
2.884050432e-05	2.32	0.23
2.310448146e-05	2.37	0.23
1.849188454e-05	2.42	0.23
1.478646334e-05	2.47	0.23
1.181280237e-05	2.52	0.23
9.428767188e-06	2.57	0.23
7.51931959e-06	2.62	0.23
5.991457779e-06	2.67	0.23
4.770080866e-06	2.72	0.23
3.794612387e-06	2.77	0.23
3.016246621e-06	2.82	0.23
0.001694292971	1.37	0.24
0.001374838573	1.42	0.24
0.001115827388	1.47	0.24
0.0009055684391	1.52	0.24
0.000734751236	1.57	0.24
0.0005959166582	1.62	0.24
0.0004830599444	1.67	0.24
0.0003913285652	1.72	0.24
0.0003167893796	1.77	0.24
0.0002562471729	1.82	0.24
0.0002071018581	1.87	0.24
0.000167235158	1.92	0.24
0.0001349200447	1.97	0.24
0.0001087479339	2.02	0.24
8.756986904e-05	2.07	0.24
7.044881871e-05	2.12	0.24
5.66208676e-05	2.17	0.24
4.546356725e-05	2.22	0.24
3.64700804e-05	2.27	0.24
2.922803253e-05	2.32	0.24
2.340220039e-05	2.37	0.24
1.872033616e-05	2.42	0.24
1.496155871e-05	2.47	0.24
1.194684922e-05	2.52	0.24
9.531273298e-06	2.57	0.24
7.597620077e-06	2.62	0.24
6.051204156e-06	2.67	0.24
4.815621844e-06	2.72	0.24
3.82928993e-06	2.77	0.24
3.042625797e-06	2.82	0.24
0.001743521905	1.37	0.25
0.001413182788	1.42	0.25
0.001145717649	1.47	0.25
0.0009288775156	1.52	0.25
0.0007529288581	1.57	0.25
0.0006100891393	1.62	0.25
0.0004941046732	1.67	0.25
0.0003999303208	1.72	0.25
0.0003234832918	1.77	0.25
0.0002614517387	1.82	0.25
0.0002111444669	1.87	0.25
0.0001703719196	1.92	0.25
0.0001373512461	1.97	0.25
0.0001106301221	2.02	0.25
8.902531449e-05	2.07	0.25
7.15729367e-05	2.12	0.25
5.748804266e-05	2.17	0.25
4.613172555e-05	2.22	0.25
3.698427908e-05	2.27	0.25
2.962327619e-05	2.32	0.25
2.370564982e-05	2.37	0.25
1.895303903e-05	2.42	0.25
1.513980434e-05	2.47	0.25
1.20832279e-05	2.52	0.25
9.635503626e-06	2.57	0.25
7.677194193e-06	2.62	0.25
6.111890412e-06	2.67	0.25
4.861855763e-06	2.72	0.25
3.864477904e-06	2.77	0.25
3.069380649e-06	2.82	0.25
0.001794636495	1.37	0.26
0.001452943126	1.42	0.26
0.001176673311	1.47	0.26
0.000952989	1.52	0.26
0.00077171114	1.57	0.26
0.0006247173141	1.62	0.26
0.0005054927496	1.67	0.26
0.0004087906467	1.72	0.26
0.0003303717923	1.77	0.26
0.0002668026159	1.82	0.26
0.000215296979	1.87	0.26
0.000173591147	1.92	0.26
0.0001398442545	1.97	0.26
0.0001125585786	2.02	0.26
9.051535378e-05	2.07	0.26
7.272288776e-05	2.12	0.26
5.837448472e-05	2.17	0.26
4.681423597e-05	2.22	0.26
3.750915571e-05	2.27	0.26
3.002645467e-05	2.32	0.26
2.401498873e-05	2.37	0.26
1.919010827e-05	2.42	0.26
1.532128354e-05	2.47	0.26
1.222199868e-05	2.52	0.26
9.741501717e-06	2.57	0.26
7.7580734e-06	2.62	0.26
6.173539264e-06	2.67	0.26
4.908799024e-06	2.72	0.26
3.900188145e-06	2.77	0.26
3.096519716e-06	2.82	0.26
0.001847727731	1.37	0.27
0.001494185786	1.42	0.27
0.001208742686	1.47	0.27
0.0009779382252	1.52	0.27
0.0007911239533	1.57	0.27
0.0006398201384	1.62	0.27
0.0005172380642	1.67	0.27
0.0004179197196	1.72	0.27
0.0003374623333	1.77	0.27
0.0002723052581	1.82	0.27
0.0002195633819	1.87	0.27
0.000176895753	1.92	0.27
0.0001424011959	1.97	0.27
0.0001145348534	2.02	0.27
9.204111568e-05	2.07	0.27
7.389949315e-05	2.12	0.27
5.928079071e-05	2.17	0.27
4.751153197e-05	2.22	0.27
3.804502473e-05	2.27	0.27
3.043779593e-05	2.32	0.27
2.433038223e-05	2.37	0.27
1.943166337e-05	2.42	0.27
1.550608273e-05	2.47	0.27
1.236322401e-05	2.52	0.27
9.849312697e-06	2.57	0.27
7.84029028e-06	2.62	0.27
6.236174233e-06	2.67	0.27
4.956468597e-06	2.72	0.27
3.936432896e-06	2.77	0.27
3.12405183e-06	2.82	0.27
0.001902891963	1.37	0.28
0.001536980764	1.42	0.28
0.001241976788	1.47	0.28
0.001003762452	1.52	0.28
0.0008111945491	1.57	0.28
0.000655417556	1.62	0.28
0.0005293552158	1.67	0.28
0.0004273282239	1.72	0.28
0.000344762731	1.77	0.28
0.0002779653794	1.82	0.28
0.0002239478498	1.87	0.28
0.0001802887842	1.92	0.28
0.0001450242915	1.97	0.28
0.0001165605645	2.02	0.28
9.360377777e-05	2.07	0.28
7.510360898e-05	2.12	0.28
6.020758243e-05	2.17	0.28
4.822406473e-05	2.22	0.28
3.859221327e-05	2.27	0.28
3.085753691e-05	2.32	0.28
2.465200181e-05	2.37	0.28
1.967782838e-05	2.42	0.28
1.569429157e-05	2.47	0.28
1.250696868e-05	2.52	0.28
9.958983347e-06	2.57	0.28
7.923878599e-06	2.62	0.28
6.299819681e-06	2.67	0.28
5.004882056e-06	2.72	0.28
3.973224829e-06	2.77	0.28
3.151986129e-06	2.82	0.28
0.001960231269	1.37	0.29
0.001581402105	1.42	0.29
0.001276429513	1.47	0.29
0.001030500995	1.52	0.29
0.0008319516467	1.57	0.29
0.0006715305614	1.62	0.29
0.0005418595556	1.67	0.29
0.000437027383	1.72	0.29
0.0003522811874	1.77	0.29
0.0002837889702	1.82	0.29
0.0002284547544	1.87	0.29
0.0001837734284	1.92	0.29
0.0001477158638	1.97	0.29
0.0001186374022	2.02	0.29
9.520456911e-05	2.07	0.29
7.633612806e-05	2.12	0.29
6.115550785e-05	2.17	0.29
4.89523041e-05	2.22	0.29
3.915106172e-05	2.27	0.29
3.128592403e-05	2.32	0.29
2.498002575e-05	2.37	0.29
1.992873217e-05	2.42	0.29
1.588600317e-05	2.47	0.29
1.265329992e-05	2.52	0.29
1.007056218e-05	2.57	0.29
8.008873362e-06	2.62	0.29
6.364500853e-06	2.67	0.29
5.054057604e-06	2.72	0.29
4.01057707e-06	2.77	0.29
3.180332073e-06	2.82	0.29
0.00201985387	1.37	0.3
0.001627528194	1.42	0.3
0.001312157833	1.47	0.3
0.001058195362	1.52	0.3
0.0008534255304	1.57	0.3
0.0006881812678	1.62	0.3
0.0005547672351	1.67	0.3
0.0004470289926	1.72	0.3
0.0003600263141	1.77	0.3
0.0002897823139	1.82	0.3
0.0002330886772	1.87	0.3
0.0001873530232	1.92	0.3
0.000150478342	1.97	0.3
0.0001207671332	2.02	0.3
9.684477313e-05	2.07	0.3
7.759798199e-05	2.12	0.3
6.212524256e-05	2.17	0.3
4.969673961e-05	2.22	0.3
3.97219245e-05	2.27	0.3
3.17232137e-05	2.32	0.3
2.531463941e-05	2.37	0.3
2.018450865e-05	2.42	0.3
1.608131424e-05	2.47	0.3
1.28022875e-05	2.52	0.3
1.018409956e-05	2.57	0.3
8.095310874e-06	2.62	0.3
6.430243923e-06	2.67	0.3
5.104014105e-06	2.72	0.3
4.048503211e-06	2.77	0.3
3.209099458e-06	2.82	0.3
0.002081874563	1.37	0.31
0.001675442053	1.42	0.31
0.00134922201	1.47	0.31
0.001086889401	1.52	0.31
0.0008756481534	1.57	0.31
0.0007053929802	1.62	0.31
0.000568095257	1.67	0.31
0.0004573454573	1.72	0.31
0.0003680071577	1.77	0.31
0.0002959520048	1.82	0.31
0.0002378544213	1.87	0.31
0.0001910310646	1.92	0.31
0.0001533142685	1.97	0.31
0.0001229516045	2.02	0.31
9.852573075e-05	2.07	0.31
7.889014331e-05	2.12	0.31
6.311749132e-05	2.17	0.31
5.045788156e-05	2.22	0.31
4.03051708e-05	2.27	0.31
3.216967283e-05	2.32	0.31
2.565603562e-05	2.37	0.31
2.044529708e-05	2.42	0.31
1.628032525e-05	2.47	0.31
1.295400392e-05	2.52	0.31
1.029964772e-05	2.57	0.31
8.183228807e-06	2.62	0.31
6.497076039e-06	2.67	0.31
5.154771121e-06	2.72	0.31
4.087017345e-06	2.77	0.31
3.238298435e-06	2.82	0.31
0.002146415201	1.37	0.32
0.001725231673	1.42	0.32
0.001387685823	1.47	0.32
0.001116629459	1.52	0.32
0.0008986532491	1.57	0.32
0.0007231902734	1.62	0.32
0.0005818615312	1.67	0.32
0.0004679898291	1.72	0.32
0.0003762332274	1.77	0.32
0.000302304967	1.82	0.32
0.0002427570255	1.87	0.32
0.0001948112164	1.92	0.32
0.0001562263054	1.97	0.32
0.0001251927488	2.02	0.32
0.0001002488437	2.07	0.32
8.021362782e-05	2.12	0.32
6.413298968e-05	2.17	0.32
5.123626212e-05	2.22	0.32
4.09011854e-05	2.27	0.32
3.262557942e-05	2.32	0.32
2.600441512e-05	2.37	0.32
2.07112423e-05	2.42	0.32
1.648314068e-05	2.47	0.32
1.31085245e-05	2.52	0.32
1.041726097e-05	2.57	0.32
8.272666272e-06	2.62	0.32
6.565025372e-06	2.67	0.32
5.20634894e-06	2.72	0.32
4.126134083e-06	2.77	0.32
3.267939527e-06	2.82	0.32
0.00221360521	1.37	0.33
0.001776990371	1.42	0.33
0.001427616817	1.47	0.33
0.001147464556	1.52	0.33
0.0009224764532	1.57	0.33
0.0007415990777	1.62	0.33
0.0005960849335	1.67	0.33
0.0004789758492	1.72	0.33
0.0003847145238	1.77	0.33
0.0003088484755	1.82	0.33
0.0002478017787	1.87	0.33
0.0001986973209	1.92	0.33
0.0001592172416	1.97	0.33
0.0001274925889	2.02	0.33
0.0001020155778	2.07	0.33
8.156949709e-05	2.12	0.33
6.517250572e-05	2.17	0.33
5.203243663e-05	2.22	0.33
4.15103695e-05	2.27	0.33
3.309122315e-05	2.32	0.33
2.635998693e-05	2.37	0.33
2.098249506e-05	2.42	0.33
1.668986921e-05	2.47	0.33
1.326592755e-05	2.52	0.33
1.053699572e-05	2.57	0.33
8.363663893e-06	2.62	0.33
6.634121174e-06	2.67	0.33
5.258768621e-06	2.72	0.33
4.165868585e-06	2.77	0.33
3.298033647e-06	2.82	0.33
0.002283582153	1.37	0.34
0.001830817175	1.42	0.34
0.001469086573	1.47	0.34
0.001179446572	1.52	0.34
0.0009471554334	1.57	0.34
0.0007606467698	1.62	0.34
0.0006107853708	1.67	0.34
0.0004903179936	1.72	0.34
0.0003934615714	1.77	0.34
0.0003155901786	1.82	0.34
0.0002529942356	1.87	0.34
0.0002026934096	1.92	0.34
0.000162290001	1.97	0.34
0.0001298532435	2.02	0.34
0.0001038274675	2.07	0.34
8.295886108e-05	2.12	0.34
6.623684194e-05	2.17	0.34
5.284698486e-05	2.22	0.34
4.21331417e-05	2.27	0.34
3.356690605e-05	2.32	0.34
2.672296885e-05	2.37	0.34
2.125921236e-05	2.42	0.34
1.690062394e-05	2.47	0.34
1.342629452e-05	2.52	0.34
1.06589106e-05	2.57	0.34
8.456263888e-06	2.62	0.34
6.70439383e-06	2.67	0.34
5.312052032e-06	2.72	0.34
4.206236588e-06	2.77	0.34
3.328592121e-06	2.82	0.34
0.002356492337	1.37	0.35
0.001886817246	1.42	0.35
0.001512170995	1.47	0.35
0.001212630451	1.52	0.35
0.0009727300322	1.57	0.35
0.0007803622725	1.62	0.35
0.0006259838501	1.67	0.35
0.0005020315216	1.72	0.35
0.000402485452	1.77	0.35
0.0003225381211	1.82	0.35
0.0002583402332	1.87	0.35
0.0002068037147	1.92	0.35
0.00016544765	1.97	0.35
0.0001322769329	2.02	0.35
0.0001056861188	2.07	0.35
8.438288109e-05	2.12	0.35
6.732683726e-05	2.17	0.35
5.368051245e-05	2.22	0.35
4.276993894e-05	2.27	0.35
3.405294318e-05	2.32	0.35
2.709358795e-05	2.37	0.35
2.154155774e-05	2.42	0.35
1.711552264e-05	2.47	0.35
1.358971019e-05	2.52	0.35
1.078306663e-05	2.57	0.35
8.550510154e-06	2.62	0.35
6.77587492e-06	2.67	0.35
5.36622189e-06	2.72	0.35
4.247254436e-06	2.77	0.35
3.359626706e-06	2.82	0.35
0.00243249148	1.37	0.36
0.001945102335	1.42	0.36
0.001556950628	1.47	0.36
0.001247074417	1.52	0.36
0.0009992424191	1.57	0.36
0.0008007761622	1.62	0.36
0.0006417025536	1.67	0.36
0.0005141325283	1.72	0.36
0.0004117978425	1.77	0.36
0.0003297007711	1.82	0.36
0.0002638459095	1.87	0.36
0.0002110326824	1.92	0.36
0.0001686934073	1.97	0.36
0.0001347659852	2.02	0.36
0.0001075932149	2.07	0.36
8.584277273e-05	2.12	0.36
6.844336919e-05	2.17	0.36
5.453365242e-05	2.22	0.36
4.342121761e-05	2.27	0.36
3.454966339e-05	2.32	0.36
2.747208108e-05	2.37	0.36
2.182970173e-05	2.42	0.36
1.733468803e-05	2.47	0.36
1.375626285e-05	2.52	0.36
1.090952732e-05	2.57	0.36
8.646448361e-06	2.62	0.36
6.848597285e-06	2.67	0.36
5.421301813e-06	2.72	0.36
4.288939111e-06	2.77	0.36
3.391149619e-06	2.82	0.36
0.002511745435	1.37	0.37
0.002005791277	1.42	0.37
0.001603511002	1.47	0.37
0.001282840216	1.52	0.37
0.001026737258	1.57	0.37
0.0008219207843	1.62	0.37
0.0006579649204	1.67	0.37
0.0005266380018	1.72	0.37
0.000421411054	1.77	0.37
0.0003370870476	1.82	0.37
0.0002695177225	1.87	0.37
0.0002153849864	1.92	0.37
0.0001720306528	1.97	0.37
0.0001373228433	2.02	0.37
0.0001095505198	2.07	0.37
8.733980934e-05	2.12	0.37
6.958735614e-05	2.17	0.37
5.54070668e-05	2.22	0.37
4.408745466e-05	2.27	0.37
3.505741013e-05	2.32	0.37
2.785869541e-05	2.37	0.37
2.212382217e-05	2.42	0.37
1.755824801e-05	2.47	0.37
1.392604448e-05	2.52	0.37
1.103835878e-05	2.57	0.37
8.744126047e-06	2.62	0.37
6.9225951e-06	2.67	0.37
5.477316365e-06	2.72	0.37
4.331308274e-06	2.77	0.37
3.423173556e-06	2.82	0.37
0.002594430979	1.37	0.38
0.002069010531	1.42	0.38
0.001651943004	1.47	0.38
0.001319993374	1.52	0.38
0.001055261888	1.57	0.38
0.0008438303802	1.62	0.38
0.0006747957345	1.67	0.38
0.0005395658851	1.72	0.38
0.0004313380754	1.77	0.38
0.0003447063504	1.82	0.38
0.0002753624718	1.87	0.38
0.0002198655425	1.92	0.38
0.0001754629383	1.97	0.38
0.0001399500718	2.02	0.38
0.0001115598842	2.07	0.38
8.887532545e-05	2.12	0.38
7.075975992e-05	2.17	0.38
5.630144837e-05	2.22	0.38
4.476914884e-05	2.27	0.38
3.557654228e-05	2.32	0.38
2.825368911e-05	2.37	0.38
2.242410468e-05	2.42	0.38
1.778633604e-05	2.47	0.38
1.409915097e-05	2.52	0.38
1.116962995e-05	2.57	0.38
8.843592729e-06	2.62	0.38
6.99790394e-06	2.67	0.38
5.53429111e-06	2.72	0.38
4.374380296e-06	2.77	0.38
3.455711721e-06	2.82	0.38
0.002680736673	1.37	0.39
0.002134894775	1.42	0.39
0.001702343288	1.47	0.39
0.001358603482	1.52	0.39
0.001084866517	1.57	0.39
0.0008665412241	1.62	0.39
0.0006922212206	1.67	0.39
0.0005529351424	1.72	0.39
0.0004415926202	1.77	0.39
0.0003525685933	1.82	0.39
0.0002813873215	1.87	0.39
0.0002244795247	1.92	0.39
0.0001789939987	1.97	0.39
0.000142650365	2.02	0.39
0.0001136232506	2.07	0.39
9.045072068e-05	2.12	0.39
7.196158843e-05	2.17	0.39
5.721752256e-05	2.22	0.39
4.546682201e-05	2.27	0.39
3.610743512e-05	2.32	0.39
2.865733193e-05	2.37	0.39
2.273074313e-05	2.42	0.39
1.801909137e-05	2.47	0.39
1.427568238e-05	2.52	0.39
1.130341266e-05	2.57	0.39
8.944900009e-06	2.62	0.39
7.074560869e-06	2.67	0.39
5.592252671e-06	2.72	0.39
4.4181743e-06	2.77	0.39
3.488777855e-06	2.82	0.39
0.002770863803	1.37	0.4
0.002203587541	1.42	0.4
0.001754814711	1.47	0.4
0.001398744496	1.52	0.4
0.001115604442	1.57	0.4
0.0008900917717	1.62	0.4
0.0007102691479	1.67	0.4
0.0005667658321	1.72	0.4
0.0004521891769	1.77	0.4
0.0003606842393	1.82	0.4
0.0002875998243	1.87	0.4
0.0002292323829	1.92	0.4
0.0001826277638	1.97	0.4
0.0001454265552	2.02	0.4
0.0001157426593	2.07	0.4
9.206746385e-05	2.12	0.4
7.319389853e-05	2.17	0.4
5.815604946e-05	2.22	0.4
4.618102058e-05	2.27	0.4
3.665048131e-05	2.32	0.4
2.906990594e-05	2.37	0.4
2.304394006e-05	2.42	0.4
1.825665946e-05	2.47	0.4
1.445574311e-05	2.52	0.4
1.143978188e-05	2.57	0.4
9.048101704e-06	2.62	0.4
7.152604522e-06	2.67	0.4
5.651228786e-06	2.72	0.4
4.462710209e-06	2.77	0.4
3.522386269e-06	2.82	0.4
0.002865027414	1.37	0.41
0.002275241925	1.42	0.41
0.001809466825	1.47	0.41
0.001440495079	1.52	0.41
0.001147532272	1.57	0.41
0.0009145228223	1.62	0.41
0.0007289689429	1.67	0.41
0.0005810791856	1.72	0.41
0.0004631430645	1.77	0.41
0.000369064339	1.82	0.41
0.0002940079493	1.87	0.41
0.0002341298609	1.92	0.41
0.0001863683721	1.97	0.41
0.0001482816224	2.02	0.41
0.0001179202546	2.07	0.41
9.372709747e-05	2.12	0.41
7.445779922e-05	2.17	0.41
5.911782603e-05	2.22	0.41
4.691231706e-05	2.27	0.41
3.720609193e-05	2.32	0.41
2.949170626e-05	2.37	0.41
2.336390732e-05	2.42	0.41
1.849919232e-05	2.47	0.41
1.463944226e-05	2.52	0.41
1.157881588e-05	2.57	0.41
9.15325397e-06	2.62	0.41
7.232075198e-06	2.67	0.41
5.71124838e-06	2.72	0.41
4.508008786e-06	2.77	0.41
3.556551872e-06	2.82	0.41
0.002963457431	1.37	0.42
0.002350021351	1.42	0.42
0.001866416401	1.47	0.42
0.001483938967	1.52	0.42
0.001180710192	1.57	0.42
0.0009398776959	1.62	0.42
0.0007483518133	1.67	0.42
0.0005958976932	1.72	0.42
0.0004744704918	1.77	0.42
0.0003777205725	1.82	0.42
0.0003006201103	1.87	0.42
0.0002391780175	1.92	0.42
0.0001902201839	1.97	0.42
0.0001512187033	2.02	0.42
0.0001201582922	2.07	0.42
9.543124255e-05	2.12	0.42
7.575445497e-05	2.17	0.42
6.010368843e-05	2.22	0.42
4.766131164e-05	2.27	0.42
3.777469771e-05	2.32	0.42
2.99230419e-05	2.37	0.42
2.369086654e-05	2.42	0.42
1.874684891e-05	2.47	0.42
1.482689381e-05	2.52	0.42
1.172059641e-05	2.57	0.42
9.260415448e-06	2.62	0.42
7.313014961e-06	2.67	0.42
5.772341631e-06	2.72	0.42
4.554091688e-06	2.77	0.42
3.591290211e-06	2.82	0.42
0.0030663999	1.37	0.43
0.002428100414	1.42	0.43
0.001925788008	1.47	0.43
0.001529165361	1.52	0.43
0.001215202234	1.57	0.43
0.0009662024254	1.62	0.43
0.0007684508812	1.67	0.43
0.0006112451972	1.72	0.43
0.0004861886229	1.77	0.43
0.0003866652946	1.82	0.43
0.0003074451979	1.87	0.43
0.0002443832478	1.92	0.43
0.0001941877978	1.97	0.43
0.0001542411028	2.02	0.43
0.0001224591462	2.07	0.43
9.718160383e-05	2.12	0.43
7.708508938e-05	2.17	0.43
6.111451462e-05	2.22	0.43
4.842863406e-05	2.27	0.43
3.835675023e-05	2.32	0.43
3.036423661e-05	2.37	0.43
2.402504982e-05	2.42	0.43
1.899979559e-05	2.47	0.43
1.501821701e-05	2.52	0.43
1.186520895e-05	2.57	0.43
9.369647414e-06	2.62	0.43
7.395467747e-06	2.67	0.43
5.83454005e-06	2.72	0.43
4.60098152e-06	2.77	0.43
3.626617507e-06	2.82	0.43
0.003174118341	1.37	0.44
0.002509665804	1.42	0.44
0.001987714649	1.47	0.44
0.001576269373	1.52	0.44
0.001251076583	1.57	0.44
0.0009935459678	1.62	0.44
0.0007893013301	1.67	0.44
0.0006271469942	1.72	0.44
0.0004983156481	1.77	0.44
0.0003959115844	1.82	0.44
0.0003144926138	1.87	0.44
0.0002497523079	1.92	0.44
0.0001982760665	1.97	0.44
0.0001573523054	2.02	0.44
0.0001248253173	2.07	0.44
9.897997548e-05	2.12	0.44
7.845098919e-05	2.17	0.44
6.21512271e-05	2.22	0.44
4.921494554e-05	2.27	0.44
3.895272328e-05	2.32	0.44
3.081562987e-05	2.37	0.44
2.436670034e-05	2.42	0.44
1.925820658e-05	2.47	0.44
1.521353668e-05	2.52	0.44
1.201274292e-05	2.57	0.44
9.481013943e-06	2.62	0.44
7.479479479e-06	2.67	0.44
5.897876558e-06	2.72	0.44
4.648701891e-06	2.77	0.44
3.662550697e-06	2.82	0.44
0.003286895245	1.37	0.45
0.00259491732	1.42	0.45
0.002052338452	1.47	0.45
0.001625352503	1.52	0.45
0.001288405905	1.57	0.45
0.001021960434	1.62	0.45
0.0008109405651	1.67	0.45
0.0006436299463	1.72	0.45
0.0005108708613	1.77	0.45
0.0004054732989	1.82	0.45
0.0003217723083	1.87	0.45
0.0002552923406	1.92	0.45
0.0002024901158	1.97	0.45
0.0001605559878	2.02	0.45
0.0001272594419	2.07	0.45
0.0001008282472	2.12	0.45
7.985350851e-05	2.17	0.45
6.321479591e-05	2.22	0.45
5.00209408e-05	2.27	0.45
3.956311438e-05	2.32	0.45
3.127757789e-05	2.37	0.45
2.471607314e-05	2.42	0.45
1.952226448e-05	2.47	0.45
1.541298355e-05	2.52	0.45
1.216329194e-05	2.57	0.45
9.59458209e-06	2.62	0.45
7.565098195e-06	2.67	0.45
5.962385581e-06	2.72	0.45
4.697277479e-06	2.77	0.45
3.69910748e-06	2.82	0.45
0.003405033709	1.37	0.46
0.00268406898	1.42	0.46
0.00211981144	1.47	0.46
0.001676523163	1.52	0.46
0.00132726772	1.57	0.46
0.001051501343	1.62	0.46
0.0008334083878	1.67	0.46
0.0006607226028	1.72	0.46
0.0005238747447	1.77	0.46
0.0004153651323	1.82	0.46
0.0003292948212	1.87	0.46
0.0002610109037	1.92	0.46
0.0002068353635	1.97	0.46
0.0001638560326	2.02	0.46
0.0001297643015	2.07	0.46
0.0001027284111	2.12	0.46
8.129407353e-05	2.17	0.46
6.430624191e-05	2.22	0.46
5.084735045e-05	2.27	0.46
4.018844629e-05	2.32	0.46
3.175045471e-05	2.37	0.46
2.507343586e-05	2.42	0.46
1.979216078e-05	2.47	0.46
1.561669466e-05	2.52	0.46
1.23169541e-05	2.57	0.46
9.710422077e-06	2.62	0.46
7.652374181e-06	2.67	0.46
6.028103141e-06	2.72	0.46
4.7467341e-06	2.77	0.46
3.736306365e-06	2.82	0.46
0.003528859253	1.37	0.47
0.002777350253	1.42	0.47
0.002190296363	1.47	0.47
0.001729897259	1.52	0.47
0.001367744791	1.57	0.47
0.001082227895	1.62	0.47
0.0008567471889	1.67	0.47
0.0006784553338	1.72	0.47
0.0005373490613	1.77	0.47
0.0004256026798	1.82	0.47
0.0003370713265	1.87	0.47
0.0002669160017	1.92	0.47
0.0002113175419	1.97	0.47
0.0001672565435	2.02	0.47
0.0001323428332	2.07	0.47
0.0001046825686	2.12	0.47
8.277418759e-05	2.17	0.47
6.542664032e-05	2.22	0.47
5.169494338e-05	2.27	0.47
4.082926884e-05	2.32	0.47
3.223465348e-05	2.37	0.47
2.543906961e-05	2.42	0.47
2.006809652e-05	2.47	0.47
1.582481379e-05	2.52	0.47
1.247383225e-05	2.57	0.47
9.828607506e-06	2.62	0.47
7.741360124e-06	2.67	0.47
6.095066965e-06	2.72	0.47
4.79709878e-06	2.77	0.47
3.77416672e-06	2.82	0.47
0.003658721811	1.37	0.48
0.00287500741	1.42	0.48
0.00226396763	1.47	0.48
0.001785598826	1.52	0.48
0.001409925572	1.57	0.48
0.001114203282	1.62	0.48
0.0008810021589	1.67	0.48
0.0006968604762	1.72	0.48
0.0005513169563	1.77	0.48
0.0004362025085	1.82	0.48
0.0003451136813	1.87	0.48
0.0002730161191	1.92	0.48
0.0002159427206	1.97	0.48
0.0001707618618	2.02	0.48
0.0001349981411	2.07	0.48
0.0001066929388	2.12	0.48
8.429543671e-05	2.17	0.48
6.657712454e-05	2.22	0.48
5.256452949e-05	2.27	0.48
4.148616071e-05	2.32	0.48
3.27305877e-05	2.37	0.48
2.581326988e-05	2.42	0.48
2.035028289e-05	2.47	0.48
1.603749193e-05	2.52	0.48
1.263403436e-05	2.57	0.48
9.949215584e-06	2.62	0.48
7.832111263e-06	2.67	0.48
6.163316595e-06	2.72	0.48
4.848399836e-06	2.77	0.48
3.812708837e-06	2.82	0.48
0.003794997941	1.37	0.49
0.002977305016	1.42	0.49
0.002341012327	1.47	0.49
0.00184376073	1.52	0.49
0.001453904691	1.57	0.49
0.001147495016	1.62	0.49
0.0009062215201	1.67	0.49
0.0007159724947	1.72	0.49
0.000565803069	1.77	0.49
0.0004471822343	1.82	0.49
0.0003534344793	1.87	0.49
0.0002793202577	1.92	0.49
0.0002207173331	1.97	0.49
0.0001743765839	2.02	0.49
0.0001377335087	2.07	0.49
0.0001087618668	2.12	0.49
8.585949561e-05	2.17	0.49
6.775889042e-05	2.22	0.49
5.345696263e-05	2.27	0.49
4.215973157e-05	2.32	0.49
3.323869271e-05	2.37	0.49
2.619634757e-05	2.42	0.49
2.063894195e-05	2.47	0.49
1.625488771e-05	2.52	0.49
1.279767379e-05	2.57	0.49
1.007232737e-05	2.62	0.49
7.924685575e-06	2.67	0.49
6.232893513e-06	2.72	0.49
4.900666965e-06	2.77	0.49
3.851953984e-06	2.82	0.49
0.003938093266	1.37	0.5
0.003084527584	1.42	0.5
0.002421631347	1.47	0.5
0.001904525445	1.52	0.5
0.00149978348	1.57	0.5
0.001182175305	1.62	0.5
0.0009324567826	1.67	0.5
0.0007358281586	1.72	0.5
0.0005808336548	1.77	0.5
0.0004585606071	1.82	0.5
0.0003620471099	1.87	0.5
0.0002858379779	1.92	0.5
0.0002256482042	1.97	0.5
0.0001781055815	2.02	0.5
0.0001405524127	2.07	0.5
0.0001108918334	2.12	0.5
8.746813436e-05	2.17	0.5
6.897320081e-05	2.22	0.5
5.437314377e-05	2.27	0.5
4.285062426e-05	2.32	0.5
3.375942722e-05	2.37	0.5
2.658863007e-05	2.42	0.5
2.093430741e-05	2.47	0.5
1.647716802e-05	2.52	0.5
1.296486975e-05	2.57	0.5
1.019802805e-05	2.62	0.5
8.019143952e-06	2.67	0.5
6.303841273e-06	2.72	0.5
4.953931335e-06	2.77	0.5
3.891924482e-06	2.82	0.5
0.004088445187	1.37	0.51
0.003196981402	1.42	0.51
0.002506040633	1.47	0.51
0.001968045906	1.52	0.51
0.001547670571	1.57	0.51
0.001218321455	1.62	0.51
0.0009597630255	1.67	0.51
0.000756466737	1.72	0.51
0.0005964367204	1.77	0.51
0.000470357604	1.82	0.51
0.0003709658227	1.87	0.51
0.0002925794428	1.92	0.51
0.000230742582	1.97	0.51
0.0001819540227	2.02	0.51
0.0001434585378	2.07	0.51
0.0001130854656	2.12	0.51
8.912322552e-05	2.17	0.51
7.022139061e-05	2.22	0.51
5.531402458e-05	2.27	0.51
4.355951729e-05	2.32	0.51
3.429327506e-05	2.37	0.51
2.699046245e-05	2.42	0.51
2.123662546e-05	2.47	0.51
1.670450855e-05	2.52	0.51
1.313574767e-05	2.57	0.51
1.03264072e-05	2.62	0.51
8.115550417e-06	2.67	0.51
6.376205649e-06	2.72	0.51
5.008225694e-06	2.77	0.51
3.932643771e-06	2.82	0.51
0.004246525885	1.37	0.52
0.003314996563	1.42	0.52
0.002594472572	1.47	0.52
0.002034486466	1.52	0.52
0.00159768255	1.57	0.52
0.001256016327	1.62	0.52
0.0009881992092	1.67	0.52
0.0007779302139	1.72	0.52
0.0006126421727	1.77	0.52
0.0004825945323	1.82	0.52
0.0003802057984	1.87	0.52
0.000299555468	1.92	0.52
0.0002360081712	1.97	0.52
0.0001859273957	2.02	0.52
0.0001464557931	2.07	0.52
0.0001153455475	2.12	0.52
9.082675214e-05	2.17	0.52
7.150487227e-05	2.22	0.52
5.628061118e-05	2.27	0.52
4.428712746e-05	2.32	0.52
3.484074703e-05	2.37	0.52
2.74022088e-05	2.42	0.52
2.154615569e-05	2.47	0.52
1.693709447e-05	2.52	0.52
1.331043969e-05	2.57	0.52
1.045755917e-05	2.62	0.52
8.213972348e-06	2.67	0.52
6.450034797e-06	2.72	0.52
5.063584478e-06	2.77	0.52
3.974136494e-06	2.82	0.52
0.004412845667	1.37	0.53
0.003438929222	1.42	0.53
0.002687177521	1.47	0.53
0.002104023944	1.52	0.53
0.001649944677	1.57	0.53
0.00129534883	1.62	0.53
0.00101782852	1.67	0.53
0.0008002635264	1.72	0.53
0.0006294819832	1.77	0.53
0.0004952941431	1.82	0.53
0.0003897832282	1.87	0.53
0.0003067775757	1.92	0.53
0.0002414531712	1.97	0.53
0.0001900315352	2.02	0.53
0.0001495483304	2.07	0.53
0.0001176750333	2.12	0.53
9.258081643e-05	2.17	0.53
7.282514185e-05	2.22	0.53
5.727396842e-05	2.27	0.53
4.503421286e-05	2.32	0.53
3.540238294e-05	2.37	0.53
2.782425363e-05	2.42	0.53
2.186317211e-05	2.47	0.53
1.71751211e-05	2.52	0.53
1.348908511e-05	2.57	0.53
1.059158335e-05	2.62	0.53
8.314480721e-06	2.67	0.53
6.525379425e-06	2.72	0.53
5.120043939e-06	2.77	0.53
4.016428586e-06	2.82	0.53
0.004587956693	1.37	0.54
0.003569164107	1.42	0.54
0.002784425527	1.47	0.54
0.002176848798	1.52	0.54
0.001704591699	1.57	0.54
0.001336414484	1.62	0.54
0.001048718753	1.67	0.54
0.000823514829	1.72	0.54
0.0006469903704	1.77	0.54
0.0005084807573	1.82	0.54
0.0003997153997	1.87	0.54
0.0003142580549	1.92	0.54
0.0002470863174	1.97	0.54
0.0001942726507	2.02	0.54
0.0001527405636	2.07	0.54
0.000120077061	2.12	0.54
9.438764932e-05	2.17	0.54
7.418378568e-05	2.22	0.54
5.829522451e-05	2.27	0.54
4.580157605e-05	2.32	0.54
3.59787539e-05	2.37	0.54
2.82570035e-05	2.42	0.54
2.218796422e-05	2.47	0.54
1.741879473e-05	2.52	0.54
1.367183097e-05	2.57	0.54
1.072858463e-05	2.62	0.54
8.41715039e-06	2.67	0.54
6.602292989e-06	2.72	0.54
5.17764228e-06	2.77	0.54
4.059547369e-06	2.82	0.54
0.004772457134	1.37	0.55
0.003706117314	1.42	0.55
0.002886508228	1.47	0.55
0.002253166434	1.52	0.55
0.00176176874	1.57	0.55
0.001379316031	1.62	0.55
0.001080942738	1.67	0.55
0.0008477357869	1.72	0.55
0.0006652040018	1.77	0.55
0.0005221804051	1.82	0.55
0.0004100207941	1.87	0.55
0.0003220100276	1.92	0.55
0.0002529169275	1.97	0.55
0.0001986573584	2.02	0.55
0.0001560371913	2.07	0.55
0.0001225549674	2.12	0.55
9.624962105e-05	2.17	0.55
7.558248771e-05	2.22	0.55
5.934557609e-05	2.27	0.55
4.659006767e-05	2.32	0.55
3.657046479e-05	2.37	0.55
2.870088869e-05	2.42	0.55
2.252083828e-05	2.47	0.55
1.766833341e-05	2.52	0.55
1.385883266e-05	2.57	0.55
1.086867378e-05	2.62	0.55
8.522060376e-06	2.67	0.55
6.680831902e-06	2.72	0.55
5.236419803e-06	2.77	0.55
4.103521656e-06	2.82	0.55
0.004966995818	1.37	0.56
0.003850239445	1.42	0.56
0.002993740985	1.47	0.56
0.002333198661	1.52	0.56
0.00182163231	1.57	0.56
0.001424164129	1.62	0.56
0.001114578813	1.67	0.56
0.0008729819019	1.72	0.56
0.0006841622188	1.77	0.56
0.0005364209805	1.82	0.56
0.0004207191922	1.87	0.56
0.0003300475227	1.92	0.56
0.0002589549517	1.97	0.56
0.0002031927165	2.02	0.56
0.0001594432205	2.07	0.56
0.0001251123053	2.12	0.56
9.816925283e-05	2.17	0.56
7.702303756e-05	2.22	0.56
6.042629389e-05	2.27	0.56
4.74005903e-05	2.32	0.56
3.717815697e-05	2.37	0.56
2.915636518e-05	2.42	0.56
2.286211862e-05	2.47	0.56
1.792396798e-05	2.52	0.56
1.405025454e-05	2.57	0.56
1.101196793e-05	2.62	0.56
8.629294202e-06	2.67	0.56
6.761055767e-06	2.72	0.56
5.296419073e-06	2.77	0.56
4.148381871e-06	2.82	0.56
0.005172277443	1.37	0.57
0.004002019103	1.42	0.57
0.003106465261	1.47	0.57
0.002417185323	1.52	0.57
0.001884351417	1.57	0.57
0.001471078115	1.62	0.57
0.001149711353	1.67	0.57
0.0008993128768	1.72	0.57
0.0007039072874	1.77	0.57
0.0005512324144	1.82	0.57
0.0004318317936	1.87	0.57
0.0003383855579	1.92	0.57
0.0002652110297	1.97	0.57
0.000207886264	2.02	0.57
0.0001629639942	2.07	0.57
0.0001277528618	2.12	0.57
0.0001001492298	2.17	0.57
7.850733957e-05	2.22	0.57
6.153872897e-05	2.27	0.57
4.823410287e-05	2.32	0.57
3.780251138e-05	2.37	0.57
2.962391672e-05	2.42	0.57
2.321214911e-05	2.47	0.57
1.818594303e-05	2.52	0.57
1.42462707e-05	2.57	0.57
1.115859107e-05	2.62	0.57
8.738940253e-06	2.67	0.57
6.843027633e-06	2.72	0.57
5.357685104e-06	2.77	0.57
4.194160176e-06	2.82	0.57
0.005389068417	1.37	0.58
0.004161986827	1.42	0.58
0.003225051301	1.47	0.58
0.002505386125	1.52	0.58
0.001950108824	1.57	0.58
0.001520186871	1.62	0.58
0.001186431361	1.67	0.58
0.0009267930222	1.72	0.58
0.0007244846777	1.77	0.58
0.0005666468663	1.82	0.58
0.0004433813492	1.87	0.58
0.0003470402308	1.92	0.58
0.0002716965533	1.97	0.58
0.000212746064	2.02	0.58
0.0001666052207	2.07	0.58
0.0001304806792	2.12	0.58
0.0001021924152	2.17	0.58
8.003742268e-05	2.22	0.58
6.268431961e-05	2.27	0.58
4.909162544e-05	2.32	0.58
3.84442518e-05	2.37	0.58
3.01040572e-05	2.42	0.58
2.357129483e-05	2.47	0.58
1.845451807e-05	2.52	0.58
1.444706577e-05	2.57	0.58
1.130867464e-05	2.62	0.58
8.851092178e-06	2.67	0.58
6.926814277e-06	2.72	0.58
5.420265552e-06	2.77	0.58
4.240890614e-06	2.82	0.58
0.005618203433	1.37	0.59
0.00433071951	1.42	0.59
0.00334990113	1.47	0.59
0.00259808269	1.52	0.59
0.002019102456	1.57	0.59
0.001571629789	1.62	0.59
0.001224837133	1.67	0.59
0.0009554917119	1.72	0.59
0.0007459433771	1.77	0.59
0.0005826989405	1.82	0.59
0.0004553923091	1.87	0.59
0.0003560288205	1.92	0.59
0.0002784237367	1.97	0.59
0.0002177807524	2.02	0.59
0.0001703730072	2.07	0.59
0.0001333000779	2.12	0.59
0.0001043018666	2.17	0.59
8.161545153e-05	2.22	0.59
6.386459903e-05	2.27	0.59
4.997424453e-05	2.32	0.59
3.910414866e-05	2.37	0.59
3.059733323e-05	2.42	0.59
2.393994385e-05	2.47	0.59
1.872996886e-05	2.52	0.59
1.46528358e-05	2.57	0.59
1.146235816e-05	2.62	0.59
8.965849333e-06	2.67	0.59
7.012486522e-06	2.72	0.59
5.484210945e-06	2.77	0.59
4.288609266e-06	2.82	0.59
0.005860592878	1.37	0.6
0.004508845381	1.42	0.6
0.00348145194	1.47	0.6
0.002695580868	1.52	0.6
0.002091546989	1.57	0.6
0.001625557857	1.62	0.6
0.001265035006	1.67	0.6
0.0009854838954	1.72	0.6
0.0007683362419	1.77	0.6
0.0005994259264	1.82	0.6
0.0004678909883	1.87	0.6
0.0003653699022	1.92	0.6
0.0002854056948	1.97	0.6
0.0002229995914	2.02	0.6
0.0001742738974	2.07	0.6
0.0001362156824	2.12	0.6
0.0001064808535	2.17	0.6
8.324373877e-05	2.22	0.6
6.508120389e-05	2.27	0.6
5.088311907e-05	2.32	0.6
3.978302314e-05	2.37	0.6
3.110432704e-05	2.42	0.6
2.431850931e-05	2.47	0.6
1.901258872e-05	2.52	0.6
1.486378927e-05	2.57	0.6
1.16197899e-05	2.62	0.6
9.083317276e-06	2.67	0.6
7.100119582e-06	2.72	0.6
5.549574926e-06	2.77	0.6
4.337354428e-06	2.82	0.6
0.006117231203	1.37	0.61
0.004697049627	1.42	0.61
0.003620179915	1.47	0.61
0.002798213353	1.52	0.61
0.002167675629	1.57	0.61
0.001682134887	1.62	0.61
0.001307140192	1.67	0.61
0.001016850674	1.72	0.61
0.0007917203925	1.77	0.61
0.0006168680703	1.82	0.61
0.0004809057528	1.87	0.61
0.0003750834744	1.92	0.61
0.0002926565311	1.97	0.61
0.0002284125305	2.02	0.61
0.0001783149126	2.07	0.61
0.0001392324499	2.12	0.61
0.0001087328774	2.17	0.61
8.492475884e-05	2.22	0.61
6.633588389e-05	2.27	0.61
5.181948709e-05	2.32	0.61
4.048175177e-05	2.37	0.61
3.162565974e-05	2.42	0.61
2.470743161e-05	2.47	0.61
1.930269023e-05	2.52	0.61
1.508014818e-05	2.57	0.61
1.178112769e-05	2.62	0.61
9.203608318e-06	2.67	0.61
7.18979345e-06	2.72	0.61
5.616414528e-06	2.77	0.61
4.3871668e-06	2.82	0.61
0.006389206396	1.37	0.62
0.004896080763	1.42	0.62
0.003766604557	1.47	0.62
0.002906342638	1.52	0.62
0.002247742149	1.57	0.62
0.001741538899	1.62	0.62
0.001351277735	1.67	0.62
0.001049679952	1.72	0.62
0.0008161576594	1.77	0.62
0.0006350688812	1.82	0.62
0.0004944672295	1.87	0.62
0.0003851911032	1.92	0.62
0.0003001914366	1.97	0.62
0.0002340302741	2.02	0.62
0.0001825035989	2.07	0.62
0.0001423557024	2.12	0.62
0.0001110616938	2.17	0.62
8.666116339e-05	2.22	0.62
6.763051246e-05	2.27	0.62
5.278467307e-05	2.32	0.62
4.120127168e-05	2.37	0.62
3.216199485e-05	2.42	0.62
2.510718099e-05	2.47	0.62
1.960060691e-05	2.52	0.62
1.530214931e-05	2.57	0.62
1.19465398e-05	2.62	0.62
9.326842137e-06	2.67	0.62
7.281593339e-06	2.72	0.62
5.684790483e-06	2.77	0.62
4.438089715e-06	2.82	0.62
0.006677710739	1.37	0.63
0.005106757866	1.42	0.63
0.003921293604	1.47	0.63
0.00302036437	1.52	0.63
0.002332023176	1.57	0.63
0.001803963697	1.62	0.63
0.001397583584	1.67	0.63
0.001084067174	1.72	0.63
0.0008417150881	1.77	0.63
0.0006540754759	1.82	0.63
0.0005086085428	1.87	0.63
0.0003957160843	1.92	0.63
0.0003080268012	1.97	0.63
0.0002398643581	2.02	0.63
0.0001868480798	2.07	0.63
0.0001455911634	2.12	0.63
0.0001134713374	2.17	0.63
8.845579864e-05	2.22	0.63
6.896709874e-05	2.27	0.63
5.378009635e-05	2.32	0.63
4.194258633e-05	2.37	0.63
3.271404243e-05	2.42	0.63
2.551826032e-05	2.47	0.63
1.990669524e-05	2.52	0.63
1.55300456e-05	2.57	0.63
1.211620587e-05	2.62	0.63
9.453146466e-06	2.67	0.63
7.375610159e-06	2.72	0.63
5.754767563e-06	2.77	0.63
4.49016937e-06	2.82	0.63
0.006984053039	1.37	0.64
0.005329978799	1.42	0.64
0.004084868624	1.47	0.64
0.003140711176	1.52	0.64
0.00242082081	1.57	0.64
0.001869620655	1.62	0.64
0.001446205818	1.67	0.64
0.00112011616	1.72	0.64
0.000868465511	1.77	0.64
0.000673938971	1.82	0.64
0.0005233655827	1.87	0.64
0.0004066836269	1.92	0.64
0.0003161803393	1.97	0.64
0.0002459272366	2.02	0.64
0.0001913571155	2.07	0.64
0.0001489449985	2.12	0.64
0.0001159661506	2.17	0.64
9.031172488e-05	2.22	0.64
7.034780117e-05	2.27	0.64
5.48072805e-05	2.32	0.64
4.270677208e-05	2.37	0.64
3.328256358e-05	2.42	0.64
2.594120829e-05	2.47	0.64
2.022133685e-05	2.52	0.64
1.576410772e-05	2.57	0.64
1.229031806e-05	2.62	0.64
9.582657868e-06	2.67	0.64
7.47194107e-06	2.72	0.64
5.826414971e-06	2.77	0.64
4.543455111e-06	2.82	0.64
0.007309672591	1.37	0.65
0.005566729608	1.42	0.65
0.004258011403	1.47	0.65
0.003267857025	1.52	0.65
0.002514465607	1.57	0.65
0.00193874076	1.62	0.65
0.00149730604	1.67	0.65
0.001157940062	1.72	0.65
0.0008964881998	1.77	0.65
0.0006947149281	1.82	0.65
0.0005387773092	1.87	0.65
0.0004181210621	1.92	0.65
0.0003246712334	1.97	0.65
0.0002522323798	2.02	0.65
0.0001960401704	2.07	0.65
0.000152423862	2.12	0.65
0.0001185508151	2.17	0.65
9.223223855e-05	2.22	0.65
7.177494269e-05	2.27	0.65
5.58678639e-05	2.32	0.65
4.349498553e-05	2.37	0.65
3.38683756e-05	2.42	0.65
2.637660302e-05	2.47	0.65
2.054494111e-05	2.52	0.65
1.600462582e-05	2.57	0.65
1.246908226e-05	2.62	0.65
9.715522607e-06	2.67	0.65
7.570690094e-06	2.72	0.65
5.899806772e-06	2.77	0.65
4.597999735e-06	2.82	0.65
0.007656155143	1.37	0.66
0.005818095279	1.42	0.66
0.004441471272	1.47	0.66
0.003402322228	1.52	0.66
0.00261332	1.57	0.66
0.002011576946	1.62	0.66
0.001551060976	1.67	0.66
0.001197662452	1.72	0.66
0.0009258696092	1.77	0.66
0.0007164638625	1.82	0.66
0.0005548861002	1.87	0.66
0.0004300580804	1.92	0.66
0.0003335202958	1.97	0.66
0.000258794385	2.02	0.66
0.0002009074897	2.07	0.66
0.0001560349492	2.12	0.66
0.0001212303884	2.17	0.66
9.422089731e-05	2.22	0.66
7.325102814e-05	2.27	0.66
5.696361177e-05	2.32	0.66
4.430847193e-05	2.37	0.66
3.44723578e-05	2.42	0.66
2.682506606e-05	2.47	0.66
2.087794786e-05	2.52	0.66
1.625191153e-05	2.57	0.66
1.265271949e-05	2.62	0.66
9.851897632e-06	2.67	0.66
7.671968814e-06	2.72	0.66
5.97502239e-06	2.77	0.66
4.65385984e-06	2.82	0.66
0.008025251218	1.37	0.67
0.006085272085	1.42	0.67
0.00463607351	1.47	0.67
0.003544679187	1.52	0.67
0.002717782226	1.57	0.67
0.002088406781	1.62	0.67
0.001607664305	1.67	0.67
0.001239418575	1.72	0.67
0.0009567042304	1.77	0.67
0.0007392518246	1.82	0.67
0.0005717381478	1.87	0.67
0.0004425270029	1.92	0.67
0.0003427501547	1.97	0.67
0.0002656291046	2.02	0.67
0.0002059701863	2.07	0.67
0.0001597860567	2.12	0.67
0.0001240103448	2.17	0.67
9.628154849e-05	2.22	0.67
7.477876392e-05	2.27	0.67
5.809642983e-05	2.32	0.67
4.514857457e-05	2.37	0.67
3.509545808e-05	2.42	0.67
2.728726707e-05	2.47	0.67
2.122083073e-05	2.52	0.67
1.650630019e-05	2.57	0.67
1.284146752e-05	2.62	0.67
9.991951701e-06	2.67	0.67
7.77589716e-06	2.72	0.67
6.052147159e-06	2.77	0.67
4.711096224e-06	2.82	0.67
0.008418897197	1.37	0.68
0.006369581821	1.42	0.68
0.004842729051	1.47	0.68
0.003695559026	1.52	0.68
0.002828290857	1.57	0.68
0.002169535564	1.62	0.68
0.001667328771	1.67	0.68
0.001283356783	1.72	0.68
0.0009890955716	1.77	0.68
0.0007631510689	1.82	0.68
0.0005893839152	1.87	0.68
0.0004555630929	1.92	0.68
0.000352385467	1.97	0.68
0.0002727537909	2.02	0.68
0.0002112403408	2.07	0.68
0.0001636856508	2.12	0.68
0.0001268966229	2.17	0.68
9.84183616e-05	2.22	0.68
7.636108048e-05	2.27	0.68
5.926837986e-05	2.32	0.68
4.601674568e-05	2.37	0.68
3.57387005e-05	2.42	0.68
2.776392903e-05	2.47	0.68
2.157410075e-05	2.52	0.68
1.67681535e-05	2.57	0.68
1.303558262e-05	2.62	0.68
1.013586665e-05	2.67	0.68
7.88260431e-06	2.72	0.68
6.131272967e-06	2.77	0.68
4.76977433e-06	2.82	0.68
0.008839239659	1.37	0.69
0.00667248826	1.42	0.69
0.005062445712	1.47	0.69
0.003855659269	1.52	0.69
0.002945330055	1.57	0.69
0.002255299901	1.62	0.69
0.001730288627	1.67	0.69
0.001329640205	1.72	0.69
0.001023157292	1.77	0.69
0.0007882408258	1.82	0.69
0.0006078786621	1.87	0.69
0.0004692049141	1.92	0.69
0.0003624531628	1.97	0.69
0.0002801872638	2.02	0.69
0.0002167311163	2.07	0.69
0.0001677429461	2.12	0.69
0.0001298956796	2.17	0.69
0.0001006358657	2.22	0.69
7.800115809e-05	2.27	0.69
6.048169755e-05	2.32	0.69
4.691455879e-05	2.37	0.69
3.640319387e-05	2.42	0.69
2.825583425e-05	2.47	0.69
2.193831058e-05	2.52	0.69
1.703786237e-05	2.57	0.69
1.323534167e-05	2.62	0.69
1.028383884e-05	2.67	0.69
7.992229715e-06	2.72	0.69
6.212498977e-06	2.77	0.69
4.829964765e-06	2.82	0.69
0.009288663578	1.37	0.7
0.006995616249	1.42	0.7
0.005296341241	1.47	0.7
0.004025752771	1.52	0.7
0.003069435666	1.57	0.7
0.002346071879	1.62	0.7
0.001796802473	1.67	0.7
0.001378448677	1.72	0.7
0.001059014514	1.77	0.7
0.0008146081952	1.82	0.7
0.000627283053	1.87	0.7
0.0004834947453	1.92	0.7
0.0003729827281	1.97	0.7
0.0002879501039	2.02	0.7
0.0002224568901	2.07	0.7
0.0001719679963	2.12	0.7
0.0001330145522	2.17	0.7
0.0001029389923	2.22	0.7
7.970245648e-05	2.27	0.7
6.173881304e-05	2.32	0.7
4.784372294e-05	2.37	0.7
3.709014166e-05	2.42	0.7
2.87638313e-05	2.47	0.7
2.231405934e-05	2.52	0.7
1.731585038e-05	2.57	0.7
1.344104455e-05	2.62	0.7
1.043608087e-05	2.67	0.7
8.104924282e-06	2.72	0.7
6.295932462e-06	2.77	0.7
4.891743891e-06	2.82	0.7
0.009769825105	1.37	0.71
0.007340773961	1.42	0.71
0.005545658542	1.47	0.71
0.00420669814	1.52	0.71
0.003201202355	1.57	0.71
0.002442263917	1.62	0.71
0.001867156563	1.67	0.71
0.001429980991	1.72	0.71
0.001096805356	1.77	0.71
0.0008423491868	1.82	0.71
0.0006476638647	1.87	0.71
0.0004984790619	1.92	0.71
0.0003840065334	1.97	0.71
0.0002960648768	2.02	0.71
0.0002284334076	2.07	0.71
0.0001763717991	2.12	0.71
0.0001362609309	2.17	0.71
0.0001053331249	2.22	0.71
8.146874911e-05	2.27	0.71
6.304237459e-05	2.32	0.71
4.880609915e-05	2.37	0.71
3.780085344e-05	2.42	0.71
2.928884296e-05	2.47	0.71
2.270199816e-05	2.52	0.71
1.760257762e-05	2.57	0.71
1.365301683e-05	2.62	0.71
1.059282343e-05	2.67	0.71
8.220851731e-06	2.72	0.71
6.381689767e-06	2.77	0.71
4.955194502e-06	2.82	0.71
0.01028568982	1.37	0.72
0.007709978924	1.42	0.72
0.00581178352	1.47	0.72
0.004399451969	1.52	0.72
0.003341291964	1.57	0.72
0.002544334481	1.62	0.72
0.001941668692	1.67	0.72
0.001484457535	1.72	0.72
0.001136682723	1.77	0.72
0.0008715699364	1.82	0.72
0.0006690948126	1.87	0.72
0.0005142090974	1.92	0.72
0.0003955602158	1.97	0.72
0.0003045563935	2.02	0.72
0.0002346779601	2.07	0.72
0.0001809664183	2.12	0.72
0.0001396432424	2.17	0.72
0.000107824157	2.22	0.72
8.330416297e-05	2.27	0.72
6.43952761e-05	2.32	0.72
4.98037195e-05	2.37	0.72
3.853675811e-05	2.42	0.72
2.983187544e-05	2.47	0.72
2.310283664e-05	2.52	0.72
1.789854525e-05	2.57	0.72
1.387161297e-05	2.62	0.72
1.07543176e-05	2.67	0.72
8.340190168e-06	2.72	0.72
6.469897419e-06	2.77	0.72
5.020406615e-06	2.82	0.72
0.01083957754	1.37	0.73
0.008105488616	1.42	0.73
0.00609626609	1.47	0.73
0.004605083253	1.52	0.73
0.003490443371	1.57	0.73
0.002652794796	1.62	0.73
0.002020692764	1.67	0.73
0.001542123397	1.72	0.73
0.001178816411	1.77	0.73
0.0009023881351	1.82	0.73
0.0006916575207	1.87	0.73
0.0005307415031	1.92	0.73
0.0004076831277	1.97	0.73
0.0003134520164	2.02	0.73
0.0002412095938	2.07	0.73
0.0001857651269	2.12	0.73
0.0001431707478	2.17	0.73
0.0001104185589	2.22	0.73
8.521322497e-05	2.27	0.73
6.580068923e-05	2.32	0.73
5.083880932e-05	2.37	0.73
3.929941937e-05	2.42	0.73
3.039402917e-05	2.47	0.73
2.351735037e-05	2.52	0.73
1.820430075e-05	2.57	0.73
1.409722001e-05	2.62	0.73
1.092083743e-05	2.67	0.73
8.463133918e-06	2.72	0.73
6.560693427e-06	2.77	0.73
5.087478387e-06	2.82	0.73
0.01143521509	1.37	0.74
0.008529836574	1.42	0.74
0.006400845043	1.47	0.74
0.004824790465	1.52	0.74
0.003649484184	1.57	0.74
0.002768216823	1.62	0.74
0.002104624211	1.67	0.74
0.001603252043	1.72	0.74
0.0012233956	1.77	0.74
0.0009349347176	1.82	0.74
0.0007154426663	1.87	0.74
0.0005481391243	1.92	0.74
0.0004204188644	1.97	0.74
0.0003227820187	2.02	0.74
0.0002480493545	2.07	0.74
0.0001907825743	2.12	0.74
0.0001468536576	2.17	0.74
0.0001131234574	2.22	0.74
8.72009164e-05	2.27	0.74
6.726210094e-05	2.32	0.74
5.191381328e-05	2.37	0.74
4.009055382e-05	2.42	0.74
3.09765114e-05	2.47	0.74
2.394638974e-05	2.52	0.74
1.852044405e-05	2.57	0.74
1.433026189e-05	2.62	0.74
1.109268296e-05	2.67	0.74
8.589895671e-06	2.72	0.74
6.65422879e-06	2.77	0.74
5.156517186e-06	2.82	0.74
0.01207679857	1.37	0.75
0.008985875263	1.42	0.75
0.006727477632	1.47	0.75
0.005059921915	1.52	0.75
0.003819344668	1.57	0.75
0.002891242749	1.62	0.75
0.002193906445	1.67	0.75
0.001668149687	1.72	0.75
0.00127063182	1.77	0.75
0.0009693558686	1.82	0.75
0.0007405513388	1.87	0.75
0.000566471922	1.92	0.75
0.0004338158903	1.97	0.75
0.0003325800099	2.02	0.75
0.0002552205787	2.07	0.75
0.0001960349851	2.12	0.75
0.0001507032679	2.17	0.75
0.0001159467283	2.22	0.75
8.927273719e-05	2.27	0.75
6.878335794e-05	2.32	0.75
5.303142612e-05	2.37	0.75
4.091205225e-05	2.42	0.75
3.158065104e-05	2.47	0.75
2.439089024e-05	2.52	0.75
1.884763485e-05	2.57	0.75
1.457120455e-05	2.62	0.75
1.127018381e-05	2.67	0.75
8.720709e-06	2.72	0.75
6.750669286e-06	2.77	0.75
5.227640858e-06	2.82	0.75
0.01276906744	1.37	0.76
0.009476827201	1.42	0.76
0.007078374978	1.47	0.76
0.005312000143	1.52	0.76
0.004001074459	1.57	0.76
0.003022596387	1.62	0.76
0.002289038596	1.67	0.76
0.001737160538	1.72	0.76
0.001320762491	1.77	0.76
0.001005815421	1.82	0.76
0.0007670966631	1.87	0.76
0.0005858180726	1.92	0.76
0.0004479282844	1.97	0.76
0.000342883443	2.02	0.76
0.0002627492382	2.07	0.76
0.0002015403945	2.12	0.76
0.0001547321211	2.17	0.76
0.000118897108	2.22	0.76
9.143478215e-05	2.27	0.76
7.036871927e-05	2.32	0.76
5.419462905e-05	2.37	0.76
4.176600498e-05	2.42	0.76
3.220791623e-05	2.47	0.76
2.485188484e-05	2.52	0.76
1.918660112e-05	2.57	0.76
1.482056193e-05	2.62	0.76
1.145370343e-05	2.67	0.76
8.855831354e-06	2.72	0.76
6.850197579e-06	2.77	0.76
5.300979216e-06	2.82	0.76
0.01351739285	1.37	0.77
0.01000634634	1.42	0.77
0.007456044709	1.47	0.77
0.005582751354	1.52	0.77
0.004195862747	1.57	0.77
0.003163096924	1.62	0.77
0.002390584849	1.67	0.77
0.001810673118	1.72	0.77
0.001374055202	1.77	0.77
0.001044497745	1.82	0.77
0.0007952057513	1.87	0.77
0.0006062652883	1.92	0.77
0.0004628166358	1.97	0.77
0.0003537342224	2.02	0.77
0.000270664354	2.07	0.77
0.000207318931	2.12	0.77
0.0001589541997	2.17	0.77
0.0001219843254	2.22	0.77
9.369383214e-05	2.27	0.77
7.20229192e-05	2.32	0.77
5.540673324e-05	2.37	0.77
4.2654732e-05	2.42	0.77
3.285993537e-05	2.47	0.77
2.533051856e-05	2.52	0.77
1.953814943e-05	2.57	0.77
1.507890317e-05	2.62	0.77
1.164364414e-05	2.67	0.77
8.995547613e-06	2.72	0.77
6.953015734e-06	2.77	0.77
5.376675825e-06	2.82	0.77
0.01432788372	1.37	0.78
0.01057859215	1.42	0.78
0.007863342654	1.47	0.78
0.005874141182	1.52	0.78
0.004405062811	1.57	0.78
0.003313675652	1.62	0.78
0.00249918579	1.67	0.78
0.001889127939	1.72	0.78
0.001430812894	1.77	0.78
0.001085611244	1.82	0.78
0.0008250220665	1.87	0.78
0.0006279124156	1.92	0.78
0.0004785491254	1.97	0.78
0.0003651794376	2.02	0.78
0.0002789984957	2.07	0.78
0.0002133931564	2.12	0.78
0.0001633851587	2.17	0.78
0.0001252192618	2.22	0.78
9.605746368e-05	2.27	0.78
7.375124281e-05	2.32	0.78
5.667143215e-05	2.37	0.78
4.358081923e-05	2.42	0.78
3.353852234e-05	2.47	0.78
2.582806606e-05	2.52	0.78
1.990317719e-05	2.57	0.78
1.534686124e-05	2.62	0.78
1.184045319e-05	2.67	0.78
9.140174364e-06	2.72	0.78
7.05934824e-06	2.77	0.78
5.454890138e-06	2.82	0.78
0.01520751483	1.37	0.79
0.01119831979	1.42	0.79
0.008303535975	1.47	0.79
0.006188418473	1.52	0.79
0.004630222095	1.57	0.79
0.003475396473	1.62	0.79
0.002615572318	1.67	0.79
0.001973026907	1.72	0.79
0.001491380201	1.77	0.79
0.001129392639	1.82	0.79
0.0008567083083	1.87	0.79
0.0006508713832	1.92	0.79
0.0004952028441	1.97	0.79
0.0003772722573	2.02	0.79
0.0002877883886	2.07	0.79
0.0002197884795	2.12	0.79
0.000168042608	2.17	0.79
0.000128614144	2.22	0.79
9.853418204e-05	2.27	0.79
7.55596177e-05	2.32	0.79
5.799286487e-05	2.37	0.79
4.454716249e-05	2.42	0.79
3.424570704e-05	2.47	0.79
2.6345953e-05	2.52	0.79
2.028268759e-05	2.57	0.79
1.562514338e-05	2.62	0.79
1.20446301e-05	2.67	0.79
9.290065069e-06	2.72	0.79
7.169445654e-06	2.77	0.79
5.535800079e-06	2.82	0.79
0.01616428243	1.37	0.8
0.01187099044	1.42	0.8
0.008780380903	1.47	0.8
0.006528169329	1.52	0.8
0.004873119369	1.57	0.8
0.003649481238	1.62	0.8
0.002740582825	1.67	0.8
0.002062944923	1.72	0.8
0.001556151277	1.77	0.8
0.001176112233	1.82	0.8
0.0008904499651	1.87	0.8
0.0006752695991	1.92	0.8
0.0005128654127	1.97	0.8
0.0003900730257	2.02	0.8
0.0002970756581	2.07	0.8
0.0002265336631	2.12	0.8
0.0001729464589	2.17	0.8
0.0001321827819	2.22	0.8
0.0001011335839	2.27	0.8
7.745472609e-05	2.32	0.8
5.937569358e-05	2.37	0.8
4.555702111e-05	2.42	0.8
3.498377266e-05	2.47	0.8
2.688578199e-05	2.52	0.8
2.067780774e-05	2.57	0.8
1.591454383e-05	2.62	0.8
1.225673563e-05	2.67	0.8
9.445616377e-06	2.72	0.8
7.283589062e-06	2.77	0.8
5.619605201e-06	2.82	0.8
0.0172073947	1.37	0.81
0.01260290765	1.42	0.81
0.009298219261	1.47	0.81
0.006896384436	1.52	0.81
0.005135811095	1.57	0.81
0.003837341378	1.62	0.81
0.002875184628	1.67	0.81
0.002159544358	1.72	0.81
0.001625579543	1.77	0.81
0.001226080473	1.82	0.81
0.0009264597279	1.87	0.81
0.0007012529252	1.92	0.81
0.0005316369893	1.97	0.81
0.0004036506215	2.02	0.81
0.0003069077515	2.07	0.81
0.0002336614509	2.12	0.81
0.0001781193511	2.17	0.81
0.0001359408605	2.22	0.81
0.0001038665582	2.27	0.81
7.944414307e-05	2.32	0.81
6.082519907e-05	2.37	0.81
4.661408419e-05	2.42	0.81
3.575530173e-05	2.47	0.81
2.744936462e-05	2.52	0.81
2.108981106e-05	2.57	0.81
1.621595952e-05	2.62	0.81
1.247740277e-05	2.67	0.81
9.607275882e-06	2.72	0.81
7.402095561e-06	2.77	0.81
5.706530563e-06	2.82	0.81
0.01834750651	1.37	0.82
0.01340138722	1.42	0.82
0.009862099504	1.47	0.82
0.007296543758	1.52	0.82
0.005420689835	1.57	0.82
0.004040617761	1.62	0.82
0.003020500982	1.67	0.82
0.002263593264	1.72	0.82
0.001700189936	1.77	0.82
0.001279656188	1.82	0.82
0.0009649830322	1.87	0.82
0.0007289894076	1.92	0.82
0.0005516327861	1.97	0.82
0.0004180841584	2.02	0.82
0.0003173390904	2.07	0.82
0.0002412093505	2.12	0.82
0.0001835871873	2.17	0.82
0.0001399063054	2.22	0.82
0.0001067455368	2.27	0.82
8.153650904e-05	2.32	0.82
6.234739971e-05	2.37	0.82
4.772255291e-05	2.42	0.82
3.656323329e-05	2.47	0.82
2.803876141e-05	2.52	0.82
2.152014517e-05	2.57	0.82
1.653040959e-05	2.62	0.82
1.270735048e-05	2.67	0.82
9.775551789e-06	2.72	0.82
7.525325076e-06	2.77	0.82
5.796831556e-06	2.82	0.82
0.01959701118	1.37	0.83
0.01427497086	1.42	0.83
0.01047793009	1.47	0.83
0.007732724276	1.52	0.83
0.00573055868	1.57	0.83
0.004261231508	1.62	0.83
0.003177845494	1.67	0.83
0.002375988577	1.72	0.83
0.001780594515	1.77	0.83
0.001337257063	1.82	0.83
0.001006305092	1.87	0.83
0.0007586740077	1.92	0.83
0.000572986256	1.97	0.83
0.0004334651373	2.02	0.83
0.0003284325281	2.07	0.83
0.0002492206234	2.12	0.83
0.0001893798071	2.17	0.83
0.0001440997434	2.22	0.83
0.0001097848101	2.27	0.83
8.374174696e-05	2.32	0.83
6.394920146e-05	2.37	0.83
4.888724441e-05	2.42	0.83
3.7410935e-05	2.47	0.83
2.865633193e-05	2.52	0.83
2.197046694e-05	2.57	0.83
1.685905999e-05	2.62	0.83
1.294740095e-05	2.67	0.83
9.951025058e-06	2.72	0.83
7.65368894e-06	2.77	0.83
5.890799979e-06	2.82	0.83
0.02097040627	1.37	0.84
0.01523369801	1.42	0.84
0.01115267614	1.47	0.84
0.008209738706	1.52	0.84
0.006068727263	1.57	0.84
0.00450144958	1.62	0.84
0.003348766544	1.67	0.84
0.002497786037	1.72	0.84
0.001867512546	1.77	0.84
0.001399373119	1.82	0.84
0.001050759945	1.87	0.84
0.0007905346766	1.92	0.84
0.0005958531811	1.97	0.84
0.0004499002045	2.02	0.84
0.0003402612156	2.07	0.84
0.000257745551	2.12	0.84
0.0001955318488	2.17	0.84
0.0001485450915	2.22	0.84
0.0001130009305	2.27	0.84
8.607133963e-05	2.32	0.84
6.563858906e-05	2.37	0.84
5.011372407e-05	2.42	0.84
3.830229502e-05	2.47	0.84
2.930479878e-05	2.52	0.84
2.244268715e-05	2.57	0.84
1.720325468e-05	2.62	0.84
1.319850152e-05	2.67	0.84
1.013436487e-05	2.72	0.84
7.787660812e-06	2.77	0.84
5.988771755e-06	2.82	0.84
0.02248475675	1.37	0.85
0.01628945571	1.42	0.85
0.01189461489	1.47	0.85
0.008733316529	1.52	0.85
0.006439137336	1.57	0.85
0.00476397062	1.62	0.85
0.003535105403	1.67	0.85
0.002630239303	1.72	0.85
0.001961796753	1.77	0.85
0.001466584297	1.82	0.85
0.001098742238	1.87	0.85
0.0008248402645	1.92	0.85
0.0006204169901	1.97	0.85
0.0004675147355	2.02	0.85
0.0003529110234	2.07	0.85
0.0002668430767	2.12	0.85
0.0002020838664	2.17	0.85
0.0001532703184	2.22	0.85
0.0001164132347	2.27	0.85
8.853868844e-05	2.32	0.85
6.742487335e-05	2.37	0.85
5.140847662e-05	2.42	0.85
3.924184067e-05	2.47	0.85
2.998733027e-05	2.52	0.85
2.293902817e-05	2.57	0.85
1.756455611e-05	2.62	0.85
1.34617531e-05	2.67	0.85
1.032634861e-05	2.72	0.85
7.927790765e-06	2.77	0.85
6.091136913e-06	2.82	0.85
0.02416028754	1.37	0.86
0.01745643508	1.42	0.86
0.0127136724	1.47	0.86
0.0093103439	1.52	0.86
0.006846529574	1.57	0.86
0.005052039066	1.62	0.86
0.003739073486	1.67	0.86
0.002774851922	1.72	0.86
0.002064468146	1.77	0.86
0.001539583775	1.82	0.86
0.001150722832	1.87	0.86
0.000861910979	1.92	0.86
0.0006468957814	1.97	0.86
0.0004864575631	2.02	0.86
0.0003664837349	2.07	0.86
0.000276582969	2.12	0.86
0.0002090838003	2.17	0.86
0.0001583084482	2.22	0.86
0.0001200445294	2.27	0.86
9.115958471e-05	2.32	0.86
6.931901615e-05	2.37	0.86
5.277913071e-05	2.42	0.86
4.023489427e-05	2.47	0.86
3.070764876e-05	2.52	0.86
2.346209969e-05	2.57	0.86
1.794479813e-05	2.62	0.86
1.373844732e-05	2.67	0.86
1.052788802e-05	2.72	0.86
8.074723768e-06	2.77	0.86
6.198352647e-06	2.82	0.86
0.02602115073	1.37	0.87
0.01875173601	1.42	0.87
0.01362187498	1.47	0.87
0.009949187056	1.52	0.87
0.00729666904	1.57	0.87
0.005369599533	1.62	0.87
0.003963356852	1.67	0.87
0.002933447562	1.72	0.87
0.002176763056	1.77	0.87
0.00161920941	1.82	0.87
0.001207269828	1.87	0.87
0.0009021324599	1.92	0.87
0.0006755517646	1.97	0.87
0.000506907328	2.02	0.87
0.0003811013297	2.07	0.87
0.0002870487209	2.12	0.87
0.0002165889456	2.17	0.87
0.0001636989019	2.22	0.87
0.00012392201	2.27	0.87
9.395283982e-05	2.32	0.87
7.133406425e-05	2.37	0.87
5.423475892e-05	2.42	0.87
4.128778115e-05	2.47	0.87
3.147017546e-05	2.52	0.87
2.401499962e-05	2.57	0.87
1.834615672e-05	2.62	0.87
1.403011617e-05	2.67	0.87
1.074006412e-05	2.72	0.87
8.229224318e-06	2.77	0.87
6.310960753e-06	2.82	0.87
0.02809643158	1.37	0.88
0.02019618225	1.42	0.88
0.01463396565	1.47	0.88
0.01066013695	1.52	0.88
0.007796656076	1.57	0.88
0.005721509899	1.62	0.88
0.004211260423	1.67	0.88
0.003108266896	1.72	0.88
0.002300197935	1.77	0.88
0.001706487013	1.82	0.88
0.001269077464	1.87	0.88
0.0009459751006	1.92	0.88
0.0007067042067	1.97	0.88
0.0005290811762	2.02	0.88
0.0003969118462	2.07	0.88
0.0002983415141	2.12	0.88
0.0002246686433	2.17	0.88
0.0001694893302	2.22	0.88
0.0001280785129	2.27	0.88
9.694114463e-05	2.32	0.88
7.348574113e-05	2.37	0.88
5.578628655e-05	2.42	0.88
4.240811304e-05	2.47	0.88
3.228022744e-05	2.52	0.88
2.460145166e-05	2.57	0.88
1.877124617e-05	2.62	0.88
1.433859946e-05	2.67	0.88
1.096417474e-05	2.72	0.88
8.392209958e-06	2.77	0.88
6.429611328e-06	2.82	0.88
0.03042148669	1.37	0.89
0.0218154421	1.42	0.89
0.01576826489	1.47	0.89
0.01145603446	1.52	0.89
0.008355364875	1.57	0.89
0.006113842247	1.62	0.89
0.004486911671	1.67	0.89
0.003302104314	1.72	0.89
0.002436660718	1.77	0.89
0.001802691282	1.82	0.89
0.001337006755	1.87	0.89
0.0009940211885	1.92	0.89
0.0007407475955	1.97	0.89
0.0005532469498	2.02	0.89
0.0004140975889	2.07	0.89
0.0003105857645	2.12	0.89
0.0002334080403	2.17	0.89
0.0001757381727	2.22	0.89
0.000132554264	2.27	0.89
0.0001001522684	2.32	0.89
7.579327202e-05	2.37	0.89
5.744706139e-05	2.42	0.89
4.360518289e-05	2.47	0.89
3.314429217e-05	2.52	0.89
2.522599671e-05	2.57	0.89
1.9223253e-05	2.62	0.89
1.466613886e-05	2.67	0.89
1.12018006e-05	2.72	0.89
8.56479792e-06	2.77	0.89
6.555095763e-06	2.82	0.89
0.03303975196	1.37	0.9
0.02364160532	1.42	0.9
0.01704790304	1.47	0.9
0.01235317288	1.52	0.9
0.008984078821	1.57	0.9
0.006554319391	1.62	0.9
0.004795556059	1.67	0.9
0.003518506103	1.72	0.9
0.002588543104	1.77	0.9
0.001909433924	1.82	0.9
0.001412144192	1.87	0.9
0.001047004052	1.92	0.9
0.0007781778085	1.97	0.9
0.0005797407293	2.02	0.9
0.0004328869281	2.07	0.9
0.0003239370871	2.12	0.9
0.0002429134861	2.17	0.9
0.0001825183284	2.22	0.9
0.0001373993847	2.27	0.9
0.000103620776	2.32	0.9
7.828056513e-05	2.37	0.9
5.923366916e-05	2.42	0.9
4.489052976e-05	2.47	0.9
3.407042011e-05	2.52	0.9
2.589426662e-05	2.57	0.9
1.970612747e-05	2.62	0.9
1.501551217e-05	2.67	0.9
1.145489981e-05	2.72	0.9
8.748371763e-06	2.77	0.9
6.688393861e-06	2.82	0.9
0.03600522686	1.37	0.91
0.02571546289	1.42	0.91
0.0185026386	1.47	0.91
0.01337264138	1.52	0.91
0.009697440069	1.57	0.91
0.007052968225	1.62	0.91
0.005143999254	1.67	0.91
0.003762066853	1.72	0.91
0.002758938197	1.77	0.91
0.002028795143	1.82	0.91
0.001495889206	1.87	0.91
0.001105866323	1.92	0.91
0.0008196310082	1.97	0.91
0.0006089928795	2.02	0.91
0.0004535718	2.07	0.91
0.0003385940982	2.12	0.91
0.0002533205227	2.17	0.91
0.0001899225862	2.22	0.91
0.0001426775968	2.27	0.91
0.0001073905659	2.32	0.91
8.097795625e-05	2.37	0.91
6.116713729e-05	2.42	0.91
4.62787723e-05	2.47	0.91
3.506880387e-05	2.52	0.91
2.661338793e-05	2.57	0.91
2.022486584e-05	2.62	0.91
1.53902313e-05	2.67	0.91
1.172594714e-05	2.72	0.91
8.944679579e-06	2.77	0.91
6.830743273e-06	2.82	0.91
0.03938594996	1.37	0.92
0.02808991132	1.42	0.92
0.02017163825	1.47	0.92
0.01454240005	1.52	0.92
0.01051492264	1.57	0.92
0.007623134867	1.62	0.92
0.005541294269	1.67	0.92
0.004038889716	1.72	0.92
0.002951947043	1.77	0.92
0.002163527306	1.82	0.92
0.001590089462	1.87	0.92
0.001171849926	1.92	0.92
0.0008659436474	1.97	0.92
0.0006415681817	2.02	0.92
0.0004765346431	2.07	0.92
0.0003548165635	2.12	0.92
0.0002648061603	2.17	0.92
0.0001980719611	2.22	0.92
0.0001484719069	2.27	0.92
0.0001115187604	2.32	0.92
8.392488231e-05	2.37	0.92
6.327477888e-05	2.42	0.92
4.778888523e-05	2.47	0.92
3.615266475e-05	2.52	0.92
2.739259966e-05	2.57	0.92
2.07859423e-05	2.62	0.92
1.579484513e-05	2.67	0.92
1.201814692e-05	2.72	0.92
9.155984154e-06	2.77	0.92
6.983745657e-06	2.82	0.92
0.04326894771	1.37	0.93
0.03083523932	1.42	0.93
0.02210791654	1.47	0.93
0.01590063169	1.52	0.93
0.01146322351	1.57	0.93
0.008283135316	1.62	0.93
0.005999858919	1.67	0.93
0.004357334319	1.72	0.93
0.003173176156	1.77	0.93
0.002317385041	1.82	0.93
0.001697259822	1.87	0.93
0.00124664153	1.92	0.93
0.0009182493178	1.97	0.93
0.0006782305289	2.02	0.93
0.0005022917722	2.07	0.93
0.0003729545919	2.12	0.93
0.0002776086064	2.17	0.93
0.0002071290825	2.22	0.93
0.0001548937281	2.27	0.93
0.0001160819467	2.32	0.93
8.717416722e-05	2.37	0.93
6.559314732e-05	2.42	0.93
4.944624357e-05	2.47	0.93
3.733967217e-05	2.52	0.93
2.824424218e-05	2.57	0.93
2.139800006e-05	2.62	0.93
1.623542403e-05	2.67	0.93
1.233577375e-05	2.72	0.93
9.385303122e-06	2.77	0.93
7.149536433e-06	2.82	0.93
0.04776738031	1.37	0.94
0.03404774622	1.42	0.94
0.02438582048	1.47	0.94
0.01750146633	1.52	0.94
0.01258036856	1.57	0.94
0.009059095394	1.62	0.94
0.006537398679	1.67	0.94
0.004729302742	1.72	0.94
0.003430591906	1.77	0.94
0.002495691287	1.82	0.94
0.001820957254	1.87	0.94
0.0013326212	1.92	0.94
0.0009781440958	1.97	0.94
0.0007200532354	2.02	0.94
0.0005315672487	2.07	0.94
0.000393498303	2.12	0.94
0.0002920608009	2.17	0.94
0.0002173209313	2.22	0.94
0.0001620983614	2.27	0.94
0.0001211867603	2.32	0.94
9.079928679e-05	2.37	0.94
6.817304222e-05	2.42	0.94
5.128608487e-05	2.47	0.94
3.865434677e-05	2.52	0.94
2.918543084e-05	2.57	0.94
2.207302075e-05	2.62	0.94
1.672037938e-05	2.67	0.94
1.268474855e-05	2.72	0.94
9.636815048e-06	2.77	0.94
7.331071776e-06	2.82	0.94
0.05303085599	1.37	0.95
0.03786468826	1.42	0.95
0.0271145549	1.47	0.95
0.01942548166	1.52	0.95
0.01392328985	1.57	0.95
0.009990202964	1.62	0.95
0.007180463532	1.67	0.95
0.005172616325	1.72	0.95
0.00373609753	1.77	0.95
0.002706380463	1.82	0.95
0.001966470634	1.87	0.95
0.001433319209	1.92	0.95
0.00104798985	1.97	0.95
0.0007686211132	2.02	0.95
0.0005654280369	2.07	0.95
0.0004171686036	2.12	0.95
0.0003086516458	2.17	0.95
0.0002289803206	2.22	0.95
0.0001703132172	2.27	0.95
0.0001269891671	2.32	0.95
9.490759576e-05	2.37	0.95
7.108861902e-05	2.42	0.95
5.335980685e-05	2.47	0.95
4.013242976e-05	2.52	0.95
3.024109803e-05	2.57	0.95
2.282844929e-05	2.62	0.95
1.726195251e-05	2.67	0.95
1.307368493e-05	2.72	0.95
9.916596845e-06	2.77	0.95
7.532649701e-06	2.82	0.95
0.05925953962	1.37	0.96
0.04249240359	1.42	0.96
0.03046499393	1.47	0.96
0.02180088492	1.52	0.96
0.01558321599	1.57	0.96
0.01113940144	1.62	0.96
0.007971691312	1.67	0.96
0.005715851617	1.72	0.96
0.004108737205	1.77	0.96
0.002962114392	1.82	0.96
0.002142217523	1.87	0.96
0.001554339461	1.92	0.96
0.001131526412	1.97	0.96
0.0008264377411	2.02	0.96
0.0006055560483	2.07	0.96
0.0004450996871	2.12	0.96
0.0003281489789	2.17	0.96
0.0002426291272	2.22	0.96
0.0001798943966	2.27	0.96
0.0001337330926	2.32	0.96
9.966681188e-05	2.37	0.96
7.445561885e-05	2.42	0.96
5.574756394e-05	2.47	0.96
4.182961907e-05	2.52	0.96
3.145007314e-05	2.57	0.96
2.36914395e-05	2.62	0.96
1.787918872e-05	2.67	0.96
1.351597873e-05	2.72	0.96
1.023409608e-05	2.77	0.96
7.760950246e-06	2.82	0.96
0.06671778479	1.37	0.97
0.04826559116	1.42	0.97
0.03473023112	1.47	0.97
0.02485236246	1.52	0.97
0.01772144733	1.57	0.97
0.01261831459	1.62	0.97
0.008986695097	1.67	0.97
0.006409604131	1.72	0.97
0.004582147119	1.77	0.97
0.003285193917	1.82	0.97
0.002362980356	1.87	0.97
0.001705495104	1.92	0.97
0.001235284929	1.97	0.97
0.0008978642773	2.02	0.97
0.000654874355	2.07	0.97
0.0004792585993	2.12	0.97
0.0003518819697	2.17	0.97
0.0002591692345	2.22	0.97
0.0001914563821	2.27	0.97
0.0001418388981	2.32	0.97
0.0001053656319	2.37	0.97
7.847306782e-05	2.42	0.97
5.858706592e-05	2.47	0.97
4.384153289e-05	2.52	0.97
3.287897092e-05	2.57	0.97
2.470854865e-05	2.62	0.97
1.860472616e-05	2.67	0.97
1.403457666e-05	2.72	0.97
1.060549014e-05	2.77	0.97
8.027408234e-06	2.82	0.97
0.07570386174	1.37	0.98
0.05579547106	1.42	0.98
0.04049269808	1.47	0.98
0.02903951325	1.52	0.98
0.02067170375	1.57	0.98
0.01465877988	1.62	0.98
0.0103825441	1.67	0.98
0.007358788748	1.72	0.98
0.005225884293	1.77	0.98
0.003721589443	1.82	0.98
0.002659131372	1.87	0.98
0.001906883693	1.92	0.98
0.001372600723	1.97	0.98
0.0009917802978	2.02	0.98
0.0007193192234	2.07	0.98
0.0005236308148	2.12	0.98
0.0003825380828	2.17	0.98
0.0002804207982	2.22	0.98
0.0002062372706	2.27	0.98
0.0001521523264	2.32	0.98
0.0001125841563	2.37	0.98
8.354043649e-05	2.42	0.98
6.215444254e-05	2.47	0.98
4.63597363e-05	2.52	0.98
3.466115005e-05	2.57	0.98
2.597292083e-05	2.62	0.98
1.950382491e-05	2.67	0.98
1.467533816e-05	2.72	0.98
1.10630961e-05	2.77	0.98
8.354858251e-06	2.82	0.98
0.08601652716	1.37	0.99
0.06646760791	1.42	0.99
0.0492895766	1.47	0.99
0.03562895585	1.52	0.99
0.02536842244	1.57	0.99
0.0179134183	1.62	0.99
0.01260155186	1.67	0.99
0.008858227894	1.72	0.99
0.006234762018	1.77	0.99
0.004399558603	1.82	0.99
0.003115072973	1.87	0.99
0.002214138909	1.92	0.99
0.001580253718	1.97	0.99
0.001132593946	2.02	0.99
0.0008151582322	2.07	0.99
0.0005891078545	2.12	0.99
0.0004274434804	2.17	0.99
0.0003113347347	2.22	0.99
0.0002275981762	2.27	0.99
0.0001669653875	2.32	0.99
0.0001228920943	2.37	0.99
9.073721128e-05	2.42	0.99
6.719499545e-05	2.47	0.99
4.990074517e-05	2.52	0.99
3.715585639e-05	2.57	0.99
2.773526945e-05	2.62	0.99
2.075202009e-05	2.67	0.99
1.556153878e-05	2.72	0.99
1.169373901e-05	2.77	0.99
8.804620002e-06	2.82	0.99
