0.1	0.05	0.3379433090288787	-0.3336007808461615
0.2	0.05	0.33320948677442536	-0.3301161562062886
0.30000000000000004	0.05	0.3305002898904854	-0.32797086578446144
0.4	0.05	0.3285577614446252	-0.3263530649902137
0.5	0.05	0.32701908530289736	-0.32502594167980303
0.6000000000000001	0.05	0.3257344168330155	-0.32389008048060114
0.7000000000000001	0.05	0.3246282259598601	-0.32289426042942854
0.8	0.05	0.3236570192601341	-0.3220081895978612
0.9	0.05	0.3227931994567908	-0.32121206821015424
1.	0.05	0.3220179134163368	-0.3204919471057936
1.1	0.05	0.3213175203144067	-0.3198374236446225
1.2000000000000002	0.05	0.32068169481818015	-0.3192403956189974
1.3	0.05	0.3201023369512757	-0.31869433871746355
1.4000000000000001	0.05	0.31957290929156135	-0.3181938623710063
1.5	0.05	0.31908801424054506	-0.3177344227312874
1.6	0.05	0.31864311302822335	-0.3173121289811031
1.7000000000000002	0.05	0.3182343320526044	-0.3169236075889304
1.8	0.05	0.31785832508963335	-0.3165659039719977
1.9000000000000001	0.05	0.31751217245185637	-0.31623640916318196
2.	0.05	0.31719330532421236	-0.3159328037233974
2.1	0.05	0.3168994477210714	-0.31565301388442346
2.2	0.05	0.31662857108159453	-0.3153951765946537
2.3000000000000003	0.05	0.31637885813013383	-0.31515761119241464
2.4000000000000004	0.05	0.3161486736682276	-0.3149387961148233
2.5	0.05	0.31593654064835436	-0.3147373495059013
2.6	0.05	0.31574112033650803	-0.3145520128923581
2.7	0.05	0.3155611956926288	-0.31438163731352364
2.8000000000000003	0.05	0.31539565731425717	-0.3142251714362301
2.9000000000000004	0.05	0.3152434914503935	-0.3140816512986405
3.	0.05	0.31510376970341925	-0.3139501914007369
3.1	0.05	0.31497564012430185	-0.3138299769229622
3.2	0.05	0.3148583194659806	-0.31372025689435307
3.3000000000000003	0.05	0.3147510864088981	-0.31362033816784446
3.4000000000000004	0.05	0.31465327560932993	-0.31352958008669374
3.5	0.05	0.31456427244676727	-0.31344738974431074
3.6	0.05	0.31448350837144756	-0.31337321775851196
3.7	0.05	0.31441045676819834	-0.31330655449238326
3.8000000000000003	0.05	0.3143446292677782	-0.3132469266656149
3.9000000000000004	0.05	0.31428557244783	-0.3131938943083938
4.	0.05	0.3142328648739388	-0.31314704801609244
4.1000000000000005	0.05	0.3141861144392455	-0.3131060064706054
4.2	0.05	0.31414495596652303	-0.3130704141968316
4.3	0.05	0.3141090490427917	-0.31303993952933545
4.4	0.05	0.314078076058973	-0.31301427276523774
4.5	0.05	0.31405174043186257	-0.31299312448382827
0.1	0.075	0.34630119942059323	-0.337701179111709
0.2	0.075	0.33903646394707754	-0.3326213275656346
0.30000000000000004	0.075	0.33502516690622863	-0.3296536118357646
0.4	0.075	0.3322760425439827	-0.3275268635283742
0.5	0.075	0.3301869665141767	-0.3258532166143074
0.6000000000000001	0.075	0.3285026963511878	-0.3244664698124813
0.7000000000000001	0.075	0.32709331233983285	-0.32328086935893163
0.8	0.075	0.3258842449740734	-0.32224637586691224
0.9	0.075	0.324828812099768	-0.321331061684942
1.	0.075	0.32389578641914335	-0.32051311866356846
1.1	0.075	0.32306315612769365	-0.31977683281939684
1.2000000000000002	0.075	0.32231473586250053	-0.3191103885160325
1.3	0.075	0.3216382058596973	-0.31850459141416104
1.4000000000000001	0.075	0.3210239170104062	-0.31795208532107355
1.5	0.075	0.3204641301461223	-0.31744684985572624
1.6	0.075	0.3199525132728258	-0.3169838655111803
1.7000000000000002	0.075	0.3194837982770537	-0.31655888265069765
1.8	0.075	0.31905353969553457	-0.3161682573623178
1.9000000000000001	0.075	0.31865794083526205	-0.31580883169901114
2.	0.075	0.31829372555970364	-0.3154778442176283
2.1	0.075	0.3179580418018492	-0.31517286173050524
2.2	0.075	0.3176483876093226	-0.3148917262728213
2.3000000000000003	0.075	0.31736255351659226	-0.3146325131906509
2.4000000000000004	0.075	0.31709857696224175	-0.31439349750967127
2.5	0.075	0.31685470574590574	-0.314173126587563
2.6	0.075	0.31662936837106487	-0.3139699976073762
2.7	0.075	0.31642114971027396	-0.3137828388577522
2.8000000000000003	0.075	0.3162287708335191	-0.31361049401025365
2.9000000000000004	0.075	0.3160510721368739	-0.3134519088026211
3.	0.075	0.31588699911275814	-0.31330611967125527
3.1	0.075	0.315735590258018	-0.3131722439803218
3.2	0.075	0.31559596672807416	-0.3130494715710017
3.3000000000000003	0.075	0.3154673234291688	-0.31293705741018146
3.4000000000000004	0.075	0.31534892130626074	-0.3128343151643938
3.5	0.075	0.31524008062984404	-0.31274061155430843
3.6	0.075	0.31514017512604675	-0.3126553613757723
3.7	0.075	0.31504862682080786	-0.31257802309057314
3.8000000000000003	0.075	0.31496490149407863	-0.31250809490847536
3.9000000000000004	0.075	0.3148885046561804	-0.3124451112937766
4.	0.075	0.3148189779751609	-0.31238863984182735
4.1000000000000005	0.075	0.31475589609407295	-0.3123382784778176
4.2	0.075	0.31469886378750167	-0.3122936529387283
4.3	0.075	0.31464751341321545	-0.3122544145035272
4.4	0.075	0.3146015026231524	-0.3122202379436596
4.5	0.075	0.31456051230080667	-0.31219081966750484
0.1	0.1	0.35624106608969625	-0.34234268680796365
0.2	0.1	0.34629053917009506	-0.33559431462477324
0.30000000000000004	0.1	0.34082816493629714	-0.3317182238149244
0.4	0.1	0.33714563417524784	-0.3290051387689002
0.5	0.1	0.3344002140865702	-0.32691847731197005
0.6000000000000001	0.1	0.33222749063937884	-0.32522409325217505
0.7000000000000001	0.1	0.33043966309485745	-0.32380004745939756
0.8	0.1	0.3289282944180169	-0.322575065096703
0.9	0.1	0.3276254652414844	-0.321503877019976
1.	0.1	0.3264859237619017	-0.3205558538283065
1.1	0.1	0.3254780148666376	-0.3197092112195538
1.2000000000000002	0.1	0.32457870286217483	-0.3189478192738917
1.3	0.1	0.3237706690050551	-0.3182593344328647
1.4000000000000001	0.1	0.32304053264985466	-0.31763404935385114
1.5	0.1	0.32237771471121546	-0.31706415410891964
1.6	0.1	0.32177368528110617	-0.31654324406955303
1.7000000000000002	0.1	0.3212214500061876	-0.3160659815947114
1.8	0.1	0.3207151898864312	-0.31562785691200496
1.9000000000000001	0.1	0.32025000257444086	-0.31522501489663723
2.	0.1	0.319821712581636	-0.3148541267751949
2.1	0.1	0.3194267293599206	-0.31451229324974883
2.2	0.1	0.3190619393362473	-0.31419697006414743
2.3000000000000003	0.1	0.31872462248724126	-0.3139059098551413
2.4000000000000004	0.1	0.3184123869593462	-0.31363711606236583
2.5	0.1	0.31812311716479735	-0.3133888059146842
2.6	0.1	0.3178549320892525	-0.313159380352524
2.7	0.1	0.31760615143841775	-0.3129473993214865
2.8000000000000003	0.1	0.3173752678773234	-0.3127515612792678
2.9000000000000004	0.1	0.3171609240587652	-0.3125706860457063
3.	0.1	0.3169618934547178	-0.3124037003331892
3.1	0.1	0.31677706423964147	-0.3122496254491884
3.2	0.1	0.31660542564277416	-0.31210756677291496
3.3000000000000003	0.1	0.3164460563175996	-0.3119767046961606
3.4000000000000004	0.1	0.3162981143699622	-0.31185628677895366
3.5	0.1	0.3161608287618949	-0.31174562092315644
3.6	0.1	0.3160334918634184	-0.31164406940279227
3.7	0.1	0.3159154529688129	-0.31155104362094566
3.8000000000000003	0.1	0.31580611262818	-0.31146599948669457
3.9000000000000004	0.1	0.31570491767202313	-0.3113884333229525
4.	0.1	0.31561135682713415	-0.3113178782317445
4.1000000000000005	0.1	0.3155249568409492	-0.31125390085596794
4.2	0.1	0.31544527904266345	-0.3111960984851117
4.3	0.1	0.31537191628259603	-0.31114409646166424
4.4	0.1	0.31530449019878226	-0.3110975458508487
4.5	0.1	0.31524264876796465	-0.3110561213416002
0.1	0.125	0.36745326923195754	-0.34729974422621923
0.2	0.125	0.35471026442106995	-0.3388469270150352
0.30000000000000004	0.125	0.3476953895733184	-0.33401157942060633
0.4	0.125	0.34298963591517784	-0.33066185829045214
0.5	0.125	0.33950989188312103	-0.3281162006009822
0.6000000000000001	0.125	0.3367811495651258	-0.32607311463928534
0.7000000000000001	0.125	0.33455608011128235	-0.32437416351205894
0.8	0.125	0.33269089915736455	-0.322926292485018
0.9	0.125	0.33109521607014286	-0.3216703349328874
1.	0.125	0.32970875128605676	-0.32056634055981914
1.1	0.125	0.3284893963655893	-0.31958602626230165
1.2000000000000002	0.125	0.32740661060730086	-0.3187085871306858
1.3	0.125	0.3264375447083936	-0.31791822865038344
1.4000000000000001	0.125	0.3255646521509099	-0.3172026400329293
1.5	0.125	0.32477415659232733	-0.31655201031571484
1.6	0.125	0.3240550341251861	-0.3159583717442486
1.7000000000000002	0.125	0.3233983171106213	-0.3154151481318855
1.8	0.125	0.32279660548891004	-0.3149168358751917
1.9000000000000001	0.125	0.32224371581006417	-0.31445877329839705
2.	0.125	0.3217344239990624	-0.31403697030801575
2.1	0.125	0.32126427335651314	-0.3136479803601634
2.2	0.125	0.3208294288693428	-0.3132888025410306
2.3000000000000003	0.125	0.32042656500779515	-0.3129568054781073
2.4000000000000004	0.125	0.32005277813389815	-0.3126496673898561
2.5	0.125	0.31970551727391194	-0.3123653282536137
2.6	0.125	0.3193825287823928	-0.3121019512023379
2.7	0.125	0.31908181164717697	-0.31185789103962486
2.8000000000000003	0.125	0.3188015810412846	-0.31163166831215755
2.9000000000000004	0.125	0.3185402383387658	-0.31142194777109844
3.	0.125	0.31829634624387754	-0.3112275203321085
3.1	0.125	0.31806860800774195	-0.311047287854006
3.2	0.125	0.3178558499386695	-0.3108802502072441
3.3000000000000003	0.125	0.31765700658889207	-0.310725494217577
3.4000000000000004	0.125	0.31747110813344737	-0.31058218415867817
3.5	0.125	0.3172972695566643	-0.3104495535316993
3.6	0.125	0.3171346813394645	-0.310326897922673
3.7	0.125	0.3169826014013536	-0.31021356876765843
3.8000000000000003	0.125	0.31684034809725264	-0.3101089678867029
3.9000000000000004	0.125	0.3167072941054771	-0.3100125426728291
4.	0.125	0.3165828610736341	-0.30992378184206915
4.1000000000000005	0.125	0.31646651490969724	-0.3098422116655932
4.2	0.125	0.316357761626059	-0.3097673926192323
4.3	0.125	0.3162561436564714	-0.3096989163943765
4.4	0.125	0.3161612365805623	-0.3096364032243504
4.5	0.125	0.3160726461998121	-0.3095794994860975
0.1	0.15	0.3797421874657028	-0.35242430651946516
0.2	0.15	0.3641152797460829	-0.3422461538816584
0.30000000000000004	0.15	0.35546887198210814	-0.33641884361043684
0.4	0.15	0.349670132265378	-0.3323979823672772
0.5	0.15	0.3453946281613668	-0.32936028894152913
0.6000000000000001	0.15	0.3420557110066135	-0.3269379375299055
0.7000000000000001	0.15	0.33934547912523516	-0.3249361801794944
0.8	0.15	0.3370838624765206	-0.3232400619074692
0.9	0.15	0.3351571973591366	-0.3217762936524963
1.	0.15	0.3334895060293361	-0.320495356766466
1.1	0.15	0.33202767072757616	-0.3193622323141425
1.2000000000000002	0.15	0.33073318532810386	-0.318351225740021
1.3	0.15	0.32957728792583363	-0.31744290218778254
1.4000000000000001	0.15	0.3285379478864219	-0.31662218240429585
1.5	0.15	0.32759792522090675	-0.3158771113882099
1.6	0.15	0.3267434778563808	-0.3151980345366713
1.7000000000000002	0.15	0.32596347520191693	-0.3145770300140709
1.8	0.15	0.32524877479052267	-0.31400750749040796
1.9000000000000001	0.15	0.3245917740871432	-0.31348391787824426
2.	0.15	0.32398608183094507	-0.3130015391959235
2.1	0.15	0.3234262727299287	-0.3125563159178222
2.2	0.15	0.32290770143012953	-0.3121447362874217
2.3000000000000003	0.15	0.32242635939573905	-0.31176373720618095
2.4000000000000004	0.15	0.3219787633549465	-0.3114106295129721
2.5	0.15	0.32156186730315395	-0.31108303856453834
2.6	0.15	0.32117299232630075	-0.3107788564566941
2.7	0.15	0.3208097700671524	-0.310496203210104
2.8000000000000003	0.15	0.3204700967589385	-0.3102333949429283
2.9000000000000004	0.15	0.3201520955281506	-0.30998891754467317
3.	0.15	0.31985408523372294	-0.3097614047274009
3.1	0.15	0.3195745545181378	-0.3095496195899165
3.2	0.15	0.3193121400510317	-0.30935243902752096
3.3000000000000003	0.15	0.31906560817195645	-0.3091688404646223
3.4000000000000004	0.15	0.31883383930853976	-0.3089978904971783
3.5	0.15	0.3186158146785652	-0.3088387351177323
3.6	0.15	0.31841060488301376	-0.30869059125947024
3.7	0.15	0.31821736007526	-0.30855273944673034
3.8000000000000003	0.15	0.31803530145159487	-0.3084245173796296
3.9000000000000004	0.15	0.31786371385452095	-0.3083053143101488
4.	0.15	0.3177019393173933	-0.3081945660940295
4.1000000000000005	0.15	0.31754937140676776	-0.3080917508211876
4.2	0.15	0.3174054502425531	-0.3079963849441312
4.3	0.15	0.3172696580958801	-0.307908019836499
4.4	0.15	0.31714151548276814	-0.30782623872545267
4.5	0.15	0.3170205776866433	-0.30775065394922785
0.1	0.175	0.39296471787952303	-0.3576058296367274
0.2	0.175	0.37436658726033356	-0.3456886655535081
0.30000000000000004	0.175	0.36402101137924586	-0.3388473232247703
0.4	0.175	0.3570711762816838	-0.3341309079169454
0.5	0.175	0.3519488549856508	-0.3305769238039939
0.6000000000000001	0.175	0.34795448932690776	-0.32775221123848575
0.7000000000000001	0.175	0.34471868904996217	-0.32542606718840755
0.8	0.175	0.3420243660341221	-0.323461708510205
0.9	0.175	0.33973398173164177	-0.3217716703579223
1.	0.175	0.3377553617124011	-0.3202967604508787
1.1	0.175	0.33602396426199926	-0.31899510166998474
1.2000000000000002	0.175	0.3344929716981854	-0.31783598686141046
1.3	0.175	0.33312741939431434	-0.31679622474631947
1.4000000000000001	0.175	0.33190054833114324	-0.3158578613926802
1.5	0.175	0.33079144822262885	-0.31500670219410626
1.6	0.175	0.3297834831407182	-0.314231320490495
1.7000000000000002	0.175	0.3288632094373108	-0.3135223731787152
1.8	0.175	0.32801961336752605	-0.3128721161748893
1.9000000000000001	0.175	0.32724356215499323	-0.3122740534919194
2.	0.175	0.3265274010395393	-0.31172267857470154
2.1	0.175	0.32586465231025225	-0.3112132802051952
2.2	0.175	0.32524978700068513	-0.3107417942978364
2.3000000000000003	0.175	0.32467804925930105	-0.3103046891056352
2.4000000000000004	0.175	0.32414531951300624	-0.30989887515271963
2.5	0.175	0.32364800660491544	-0.3095216337268318
2.6	0.175	0.32318296186102563	-0.3091705594914899
2.7	0.175	0.3227474099516542	-0.30884351396862747
2.8000000000000003	0.175	0.32233889276061767	-0.30853858748711566
2.9000000000000004	0.175	0.32195522343021354	-0.3082540677898895
3.	0.175	0.3215944484461189	-0.3079884139332716
3.1	0.175	0.32125481612799284	-0.30774023442729864
3.2	0.175	0.320934750266934	-0.3075082688037915
3.3000000000000003	0.175	0.3206328279325822	-0.30729137197853573
3.4000000000000004	0.175	0.32034776068043425	-0.30708850090530815
3.5	0.175	0.32007837855448507	-0.30689870312469814
3.6	0.175	0.319823616401005	-0.3067211068882425
3.7	0.175	0.31958250210614497	-0.30655491260097967
3.8000000000000003	0.175	0.3193541464422553	-0.30639938537410666
3.9000000000000004	0.175	0.3191377342629253	-0.30625384851560983
4.	0.175	0.3189325168328945	-0.30611767781965254
4.1000000000000005	0.175	0.31873780511387106	-0.30599029653786997
4.2	0.175	0.3185529638604422	-0.3058711709361974
4.3	0.175	0.3183774064077019	-0.3057598063560359
4.4	0.175	0.3182105900569807	-0.30565574371203985
4.5	0.175	0.31805201198371275	-0.30555855636944934
0.1	0.2	0.40700246809819174	-0.3627533408351497
0.2	0.2	0.3853462439603163	-0.3490879166174902
0.30000000000000004	0.2	0.37324023431067394	-0.34121753077316047
0.4	0.2	0.36508851820603894	-0.3357882072835589
0.5	0.2	0.3590752754435437	-0.3317000875940415
0.6000000000000001	0.2	0.3543864140037928	-0.32845555856389064
0.7000000000000001	0.2	0.35059009796950896	-0.32578836227017755
0.8	0.2	0.3474315501997663	-0.3235400483133472
0.9	0.2	0.344748844429703	-0.3216090155391818
1.	0.2	0.34243320012149875	-0.31992637657988543
1.1	0.2	0.34040831703477537	-0.318443345458303
1.2000000000000002	0.2	0.33861878860589056	-0.317124139375128
1.3	0.2	0.33702321530944745	-0.3159417441573757
1.4000000000000001	0.2	0.33558991383623055	-0.31487526597130594
1.5	0.2	0.3342941372003485	-0.31390820895243615
1.6	0.2	0.33311621343450726	-0.3130273173252875
1.7000000000000002	0.2	0.3320402636777284	-0.3122217745580461
1.8	0.2	0.3310532974306733	-0.31148263530054715
1.9000000000000001	0.2	0.3301445601775479	-0.310802413653799
2.	0.2	0.3293050539196437	-0.3101747797941738
2.1	0.2	0.32852717872975934	-0.30959433201573033
2.2	0.2	0.3278044606769355	-0.30905642261351285
2.3000000000000003	0.2	0.3271313424515762	-0.30855702303570287
2.4000000000000004	0.2	0.32650302021870325	-0.30809261812592104
2.5	0.2	0.32591531503358023	-0.3076601222184926
2.6	0.2	0.32536457043386274	-0.30725681186518833
2.7	0.2	0.3248475700912474	-0.30688027136981405
2.8000000000000003	0.2	0.3243614710024388	-0.3065283482945425
2.9000000000000004	0.2	0.32390374884089945	-0.306199116810762
3.	0.2	0.323472152913408	-0.30589084727799903
3.1	0.2	0.3230646687687884	-0.30560198081133394
3.2	0.2	0.3226794869557203	-0.30533110787878487
3.3000000000000003	0.2	0.32231497675815823	-0.30507695017751146
3.4000000000000004	0.2	0.32196966399271076	-0.30483834519863917
3.5	0.2	0.3216422121408331	-0.3046142330097596
3.6	0.2	0.32133140623819	-0.3044036448806032
3.7	0.2	0.3210361390509445	-0.3042056934475456
3.8000000000000003	0.2	0.3207553991557299	-0.3040195641715298
3.9000000000000004	0.2	0.32048826060731817	-0.30384450788836376
4.	0.2	0.3202338739360613	-0.30367983428627054
4.1000000000000005	0.2	0.31999145826870884	-0.30352490617408945
4.2	0.2	0.31976029440967824	-0.30337913442707176
4.3	0.2	0.31953971875316173	-0.3032419735154018
4.4	0.2	0.3193291179171445	-0.3031129175362231
4.5	0.2	0.3191279240054939	-0.3029914966819983
0.1	0.225	0.4217471101936648	-0.3677862024714632
0.2	0.225	0.3969457370368384	-0.3523669280166879
0.30000000000000004	0.225	0.3830221931518348	-0.3434578393821599
0.4	0.225	0.37362292588991847	-0.33730367758188107
0.5	0.225	0.36667971952616546	-0.3326686113884629
0.6000000000000001	0.225	0.3612619976445443	-0.3289913382751108
0.7000000000000001	0.225	0.3568744363778839	-0.32597045129247765
0.8	0.225	0.35322390421222205	-0.32342603885389576
0.9	0.225	0.3501236127624467	-0.32124245773349713
1.	0.225	0.34744781374679967	-0.31934115716127986
1.1	0.225	0.3451081612848909	-0.3176664392949524
1.2000000000000002	0.225	0.3430404260065262	-0.3161774239490004
1.3	0.225	0.3411965795229765	-0.31484324281578235
1.4000000000000001	0.225	0.33953985134397785	-0.3136400267810133
1.5	0.225	0.33804151963549384	-0.31254894229937824
1.6	0.225	0.33667875828385413	-0.31155486876576427
1.7000000000000002	0.225	0.33543315155304626	-0.31064548208854165
1.8	0.225	0.33428964417443785	-0.3098106033335686
1.9000000000000001	0.225	0.33323578328986336	-0.30904172680860154
2.	0.225	0.33226116065014494	-0.3083316720002096
2.1	0.225	0.33135699521648204	-0.3076743216379055
2.2	0.225	0.33051581610860076	-0.3070644215171503
2.3000000000000003	0.225	0.3297312184909165	-0.30649742542857095
2.4000000000000004	0.225	0.32899767329093454	-0.30596937353599946
2.5	0.225	0.3283103772036518	-0.3054767959051906
2.6	0.225	0.32766513322994517	-0.30501663518587957
2.7	0.225	0.32705825462638916	-0.3045861840495455
2.8000000000000003	0.225	0.32648648700161625	-0.3041830341202841
2.9000000000000004	0.225	0.3259469446166439	-0.30380503394573627
3.	0.225	0.3254370579087339	-0.30345025414592064
3.1	0.225	0.32495452996031576	-0.30311695830952873
3.2	0.225	0.3244973001583531	-0.30280357853129236
3.3000000000000003	0.225	0.3240635136773204	-0.30250869472404024
3.4000000000000004	0.225	0.32365149571119445	-0.3022310170223338
3.5	0.225	0.323259729601609	-0.3019693707367803
3.6	0.225	0.32288683817087516	-0.30172268342365294
3.7	0.225	0.3225315677015869	-0.3014899737211087
3.8000000000000003	0.225	0.3221927741089886	-0.3012703416673026
3.9000000000000004	0.225	0.3218694109475153	-0.3010629602694523
4.	0.225	0.32156051896936244	-0.30086706813280406
4.1000000000000005	0.225	0.3212652170133979	-0.3006819629933931
4.2	0.225	0.32098269403874186	-0.30050699602321607
4.3	0.225	0.3207122021432054	-0.300341566799314
4.4	0.225	0.32045305042688244	-0.3001851188460812
4.5	0.225	0.3202045995781313	-0.3000371356730554
0.1	0.25	0.4370916380877804	-0.37262882385175594
0.2	0.25	0.4090586482543255	-0.3554539094603171
0.30000000000000004	0.25	0.39326391204912925	-0.3455010750800194
0.4	0.25	0.38257553130848354	-0.33861471444890073
0.5	0.25	0.3746674123429792	-0.33342414167660067
0.6000000000000001	0.25	0.3684903051053493	-0.32930505747347416
0.7000000000000001	0.25	0.3634842816799619	-0.32592131664782586
0.8	0.25	0.35931718375433097	-0.3230717832756578
0.9	0.25	0.3557769062880809	-0.32062690436295943
1.	0.25	0.35272040115191483	-0.3184985352369119
1.1	0.25	0.35004702120653314	-0.31662409786446205
1.2000000000000002	0.25	0.34768351044293266	-0.31495762361044594
1.3	0.25	0.34557504500002684	-0.31346438545337885
1.4000000000000001	0.25	0.34367962855361434	-0.3121175265950341
1.5	0.25	0.3419644474546053	-0.3108958591183393
1.6	0.25	0.3404034217107309	-0.30978237880834353
1.7000000000000002	0.25	0.3389755129367186	-0.3087632342151608
1.8	0.25	0.33766352681083994	-0.30782699291516613
1.9000000000000001	0.25	0.33645324738025095	-0.3069641103917714
2.	0.25	0.3353327993729816	-0.30616653743130173
2.1	0.25	0.3342921706084939	-0.3054274243167389
2.2	0.25	0.3333228489663599	-0.30474089462053205
2.3000000000000003	0.25	0.3324175427111412	-0.30410186989110016
2.4000000000000004	0.25	0.3315699623961037	-0.3035059321207006
2.5	0.25	0.33077464888749614	-0.3029492146451553
2.6	0.25	0.33002683636960906	-0.3024283147114417
2.7	0.25	0.32932234218933204	-0.30194022274852633
2.8000000000000003	0.25	0.32865747751467567	-0.30148226465190753
2.9000000000000004	0.25	0.32802897429713856	-0.30105205430808524
3.	0.25	0.32743392512483743	-0.300647454250151
3.1	0.25	0.32686973335692554	-0.3002665428244395
3.2	0.25	0.32633407152383725	-0.2999075866138987
3.3000000000000003	0.25	0.3258248464152272	-0.29956901713589573
3.4000000000000004	0.25	0.32534016960478307	-0.29924941104077235
3.5	0.25	0.32487833241096004	-0.2989474731952992
3.6	0.25	0.3244377844984997	-0.2986620221600085
3.7	0.25	0.3240171154941767	-0.2983919776623339
3.8000000000000003	0.25	0.3236150391314252	-0.29813634974459835
3.9000000000000004	0.25	0.3232303795379868	-0.29789422932343723
4.	0.25	0.3228620593472062	-0.2976647799452566
4.1000000000000005	0.25	0.3225090893597342	-0.2974472305601497
4.2	0.25	0.32217055951823	-0.2972408691652774
4.3	0.25	0.3218456309981612	-0.29704503719621195
4.4	0.25	0.3215335292477996	-0.296859124561469
4.5	0.25	0.3212335378418673	-0.2966825652342427
0.1	0.275	0.4529246473621702	-0.3772074430705197
0.2	0.275	0.4215756744080645	-0.3582794777762665
0.30000000000000004	0.275	0.40385964987942646	-0.3472822659515946
0.4	0.275	0.3918444164874039	-0.3396605185717063
0.5	0.275	0.38294014253140524	-0.33390971154086935
0.6000000000000001	0.275	0.37597658328643024	-0.3293432286551754
0.7000000000000001	0.275	0.3703280531290087	-0.3255906176396355
0.8	0.275	0.365622696596634	-0.3224297859257403
0.9	0.275	0.3616226559904864	-0.3197174358196506
1.	0.275	0.3581672756705406	-0.3173559293842997
1.1	0.275	0.3551433770662815	-0.31527586825489506
1.2000000000000002	0.275	0.352468497940588	-0.3134262291913787
1.3	0.275	0.3500808680749553	-0.3117684390709616
1.4000000000000001	0.275	0.347933160333497	-0.31027266978768614
1.5	0.275	0.3459883619420591	-0.3089153732029284
1.6	0.275	0.3442170545538894	-0.3076776568339733
1.7000000000000002	0.275	0.34259550467214966	-0.3065441340161929
1.8	0.275	0.3411043162290988	-0.30550210963866986
1.9000000000000001	0.275	0.33972745550452527	-0.30454099067335383
2.	0.275	0.3384515322055701	-0.30365184937182754
2.1	0.275	0.3372652606297392	-0.302827093860878
2.2	0.275	0.3361590498049859	-0.30206021607247396
2.3000000000000003	0.275	0.3351246875631327	-0.30134559628847096
2.4000000000000004	0.275	0.3341550940605436	-0.30067834975220425
2.5	0.275	0.33324412735134806	-0.3000542049641554
2.6	0.275	0.33238642846890337	-0.2994694061398689
2.7	0.275	0.33157729684290704	-0.2989206343054444
2.8000000000000003	0.275	0.33081258926073054	-0.29840494291980574
2.9000000000000004	0.275	0.3300886372854196	-0.2979197049320845
3.	0.275	0.3294021792707904	-0.29746256892041884
3.1	0.275	0.3287503040086652	-0.2970314225045295
3.2	0.275	0.3281304037010198	-0.29662436163061817
3.3000000000000003	0.275	0.32754013444794855	-0.29623966463109314
3.4000000000000004	0.275	0.3269773828366471	-0.2958757701939624
3.5	0.275	0.3264402375374296	-0.2955312585547545
3.6	0.275	0.3259269650562067	-0.29520483535980485
3.7	0.275	0.3254359889670005	-0.29489531775775285
3.8000000000000003	0.275	0.32496587206262134	-0.2946016223584099
3.9000000000000004	0.275	0.3245153009532932	-0.29432275476663866
4.	0.275	0.3240830727171273	-0.2940578004482392
4.1000000000000005	0.275	0.3236680832796649	-0.2938059167306575
4.2	0.275	0.32326931725618724	-0.29356632577190006
4.3	0.275	0.32288583904015866	-0.2933383083609458
4.4	0.275	0.3225167849578773	-0.2931211984339121
4.5	0.275	0.32216135634032705	-0.2929143782090863
0.1	0.3	0.4691255651577246	-0.3814475791251912
0.2	0.3	0.4343805250659732	-0.3607744805452716
0.30000000000000004	0.3	0.41469744497713756	-0.3487368592941953
0.4	0.3	0.40132170734501155	-0.3403806502116344
0.5	0.3	0.39139380512135447	-0.33406857002557466
0.6000000000000001	0.3	0.38362016707068114	-0.32905241947423475
0.7000000000000001	0.3	0.37730821139441006	-0.3249279164312982
0.8	0.3	0.3720457408674724	-0.3214523195360149
0.9	0.3	0.3675687380624039	-0.3184687864843183
1.	0.3	0.3636986607010796	-0.31587031710561553
1.1	0.3	0.36030959511973826	-0.3135807788394543
1.2000000000000002	0.3	0.3573097171385718	-0.31154415035713623
1.3	0.3	0.3546301912100235	-0.30971805244028855
1.4000000000000001	0.3	0.3522182495074673	-0.30806970187255944
1.5	0.3	0.350032602025944	-0.30657320852725617
1.6	0.3	0.34804042160325044	-0.3052077993524303
1.7000000000000002	0.3	0.34621521939110694	-0.3039565553037049
1.8	0.3	0.3445353455169869	-0.3028055190565259
1.9000000000000001	0.3	0.34298290307478735	-0.3017430478187814
2.	0.3	0.34154294681950287	-0.30075933288789586
2.1	0.3	0.3402028821830602	-0.2998460370550302
2.2	0.3	0.33895200787917185	-0.29899601696155736
2.3000000000000003	0.3	0.33778116315808104	-0.29820310770388003
2.4000000000000004	0.3	0.33668245248864664	-0.2974619537307045
2.5	0.3	0.3356490283198354	-0.29676787463435944
2.6	0.3	0.33467491795710164	-0.29611675756784667
2.7	0.3	0.33375488433654693	-0.29550497021195105
2.8000000000000003	0.3	0.3328843131111698	-0.2949292897668469
2.9000000000000004	0.3	0.3320591203438701	-0.2943868445615918
3.	0.3	0.33127567646096584	-0.2938750656883153
3.1	0.3	0.33053074313532044	-0.29339164666638934
3.2	0.3	0.32982142054901	-0.292934509590526
3.3000000000000003	0.3	0.32914510308119216	-0.2925017765508968
3.4000000000000004	0.3	0.3284994419026	-0.29209174537075216
3.5	0.3	0.3278823132619693	-0.29170286890116126
3.6	0.3	0.32729179147382825	-0.2913337372654491
3.7	0.3	0.3267261257965313	-0.2909830625620295
3.8000000000000003	0.3	0.32618372054461997	-0.29064966562888556
3.9000000000000004	0.3	0.3256631179039377	-0.29033246454414585
4.	0.3	0.32516298302020946	-0.29003046459675336
4.1000000000000005	0.3	0.3246820910098978	-0.2897427495072573
4.2	0.3	0.3242193156033403	-0.2894684737157883
4.3	0.3	0.323773619182521	-0.2892068555861821
4.4	0.3	0.323344044013696	-0.28895717139760946
4.5	0.3	0.32292970451419073	-0.28871875001758074
0.1	0.325	0.4855617525441425	-0.38527287291134626
0.2	0.325	0.4473472774805871	-0.36286889016939017
0.30000000000000004	0.325	0.4256567799295829	-0.34979975992466256
0.4	0.325	0.410891529272541	-0.3407142157588074
0.5	0.325	0.3999166108171196	-0.3338435024451498
0.6000000000000001	0.325	0.391312904160967	-0.3283786875887713
0.7000000000000001	0.325	0.3843198651982626	-0.32388220911041327
0.8	0.325	0.3784843650832057	-0.32009103659859767
0.9	0.325	0.3735158638763172	-0.3168350231129422
1.	0.325	0.36921769040803976	-0.3139979692871598
1.1	0.325	0.36545102332675306	-0.31149712085802617
1.2000000000000002	0.325	0.3621145471308794	-0.30927153698909443
1.3	0.325	0.35913225942797783	-0.30727508744447823
1.4000000000000001	0.325	0.35644587177915565	-0.3054720738977216
1.5	0.325	0.35400974926341006	-0.30383429178799637
1.6	0.325	0.3517875996134581	-0.3023391065502125
1.7000000000000002	0.325	0.3497501306266562	-0.30096807993740343
1.8	0.325	0.34787339712408366	-0.29970600199950714
1.9000000000000001	0.325	0.3461376027327153	-0.2985401869020831
2.	0.325	0.3445262152531398	-0.29745994958198924
2.1	0.325	0.343025302819413	-0.2964562105026477
2.2	0.325	0.34162302843031217	-0.29552119283658573
2.3000000000000003	0.325	0.3403092599811595	-0.29464818742863624
2.4000000000000004	0.325	0.3390752658095931	-0.29383136820378286
2.5	0.325	0.3379134744141657	-0.29306564562248527
2.6	0.325	0.33681728291553176	-0.2923465491860884
2.7	0.325	0.33578090293655855	-0.29167013237324324
2.8000000000000003	0.325	0.33479923549406787	-0.2910328950757109
2.9000000000000004	0.325	0.33386776861611905	-0.2904317198183921
3.	0.325	0.33298249295525145	-0.28986381893228425
3.1	0.325	0.3321398318016364	-0.2893266905046982
3.2	0.325	0.3313365827051243	-0.2888180814163445
3.3000000000000003	0.325	0.3305698685030493	-0.28833595614216595
3.4000000000000004	0.325	0.3298370960035759	-0.28787847027183683
3.5	0.325	0.32913592093489924	-0.2874439479193104
3.6	0.325	0.32846421805602155	-0.28703086235628106
3.7	0.325	0.3278200555467046	-0.28663781933357835
3.8000000000000003	0.325	0.32720167296490693	-0.28626354265459525
3.9000000000000004	0.325	0.3266074621956755	-0.28590686164680823
4.	0.325	0.32603595091743337	-0.2855667002382485
4.1000000000000005	0.325	0.3254857882008535	-0.28524206740005426
4.2	0.325	0.3249557319221164	-0.2849320487541926
4.3	0.325	0.32444463773582294	-0.284635799180693
4.4	0.325	0.32395144940433573	-0.2843525362847205
4.5	0.325	0.32347519032214406	-0.2840815346069085
0.1	0.35	0.5020850306120752	-0.3886035657502329
0.2	0.35	0.46033745680152643	-0.36449053302263484
0.30000000000000004	0.35	0.4366060877150287	-0.3504042790668459
0.4	0.35	0.4204278592834008	-0.34059899999302284
0.5	0.35	0.40838722185123283	-0.3331761161565152
0.6000000000000001	0.35	0.3989375247625537	-0.32726699338329174
0.7000000000000001	0.35	0.3912493351929934	-0.32240144320376884
0.8	0.35	0.38482809462245393	-0.3182965735223297
0.9	0.35	0.37935644367887245	-0.3147692208824344
1.	0.35	0.3746193901017817	-0.311694186163746
1.1	0.35	0.3704650717081556	-0.30898223457753327
1.2000000000000002	0.35	0.36678258413107556	-0.3065676076203173
1.3	0.35	0.3634886825790833	-0.3044004982953007
1.4000000000000001	0.35	0.36051950009589023	-0.30244234948795384
1.5	0.35	0.3578250071686155	-0.3006626832422048
1.6	0.35	0.3553654055464329	-0.2990370337839308
1.7000000000000002	0.35	0.3531085647791288	-0.29754546728376857
1.8	0.35	0.351028214091685	-0.29617153974162724
1.9000000000000001	0.35	0.3491026310360249	-0.2949015368622175
2.	0.35	0.34731367289156945	-0.29372390871427045
2.1	0.35	0.3456460495271658	-0.2926288425187253
2.2	0.35	0.3440867695353749	-0.29160793517290107
2.3000000000000003	0.35	0.3426247127708569	-0.2906539389686367
2.4000000000000004	0.35	0.3412502964617857	-0.28976056181555526
2.5	0.35	0.3399552115264669	-0.28892230860024937
2.6	0.35	0.3387322122251388	-0.28813435396676024
2.7	0.35	0.3375749468340415	-0.28739243937094
2.8000000000000003	0.35	0.3364778202260174	-0.28669278907841783
2.9000000000000004	0.35	0.3354358815059142	-0.28603204108913466
3.	0.35	0.33444473147341836	-0.2854071899256762
3.1	0.35	0.33350044589340305	-0.2848155389304082
3.2	0.35	0.33259951146068345	-0.28425466024150553
3.3000000000000003	0.35	0.33173877203714003	-0.28372236101508147
3.4000000000000004	0.35	0.3309153832587325	-0.28321665476148744
3.5	0.35	0.33012677400921275	-0.28273573689692144
3.6	0.35	0.3293706135578239	-0.28227796378834985
3.7	0.35	0.328644783397255	-0.28184183471120655
3.8000000000000003	0.35	0.32794735300078165	-0.28142597624777405
3.9000000000000004	0.35	0.3272765588674472	-0.2810291287409133
4.	0.35	0.326630786348449	-0.2806501344879467
4.1000000000000005	0.35	0.3260085538511427	-0.2802879274124225
4.2	0.35	0.32540849910611735	-0.27994152399903127
4.3	0.35	0.3248293672309491	-0.27961001530964946
4.4	0.35	0.32427000032766146	-0.27929255993079716
4.5	0.35	0.3237293283137009	-0.27898837772493246
0.1	0.375	0.518528903620008	-0.3913555693858267
0.2	0.375	0.47319769084691854	-0.36556429372527244
0.30000000000000004	0.375	0.44740072096768374	-0.3504814632606969
0.4	0.375	0.42979275027255165	-0.33997090333155583
0.5	0.375	0.41667318744899895	-0.33200637314902787
0.6000000000000001	0.375	0.4063662535267336	-0.32566081427321986
0.7000000000000001	0.375	0.3979729147241751	-0.32043220149022295
0.8	0.375	0.39095681929944365	-0.31601829342809584
0.9	0.375	0.38497358324308695	-0.31222325626228226
1.	0.375	0.37978976746205184	-0.30891313280067134
1.1	0.375	0.3752403861157502	-0.30599238114918653
1.2000000000000002	0.375	0.371204887729279	-0.3033905524593718
1.3	0.375	0.36759274078157206	-0.3010542578202022
1.4000000000000001	0.375	0.36433446782063933	-0.29894215492074744
1.5	0.375	0.3613756159312611	-0.2970215472202343
1.6	0.375	0.3586728576634012	-0.295266180044353
1.7000000000000002	0.375	0.3561912043657234	-0.29365465838514476
1.8	0.375	0.35390204219842186	-0.29216933198723616
1.9000000000000001	0.375	0.35178170718089974	-0.2907954806960163
2.	0.375	0.34981043227680325	-0.2895207082187036
2.1	0.375	0.34797155662246987	-0.28833448377812554
2.2	0.375	0.34625092290469056	-0.2872277906228326
2.3000000000000003	0.375	0.3446364120472888	-0.28619285299898833
2.4000000000000004	0.375	0.34311757964410544	-0.2852229215836334
2.5	0.375	0.3416853688295018	-0.2843121030571885
2.6	0.375	0.34033188128080855	-0.2834552234086851
2.7	0.375	0.33905019291627686	-0.28264771730762445
2.8000000000000003	0.375	0.33783420430766486	-0.2818855378263745
2.9000000000000004	0.375	0.3366785183136247	-0.2811650822008137
3.	0.375	0.3355783392505677	-0.2804831303420224
3.1	0.375	0.3345293892481965	-0.279836793569783
3.2	0.375	0.33352783842078326	-0.279223471601099
3.3000000000000003	0.375	0.33257024622651155	-0.2786408162545073
3.4000000000000004	0.375	0.33165351194561715	-0.27808670065390506
3.5	0.375	0.33077483263742924	-0.2775591929644273
3.6	0.375	0.32993166727091466	-0.27705653388526297
3.7	0.375	0.3291217059911384	-0.2765771172739942
3.8000000000000003	0.375	0.32834284370521827	-0.2761194733950122
3.9000000000000004	0.375	0.3275931573502779	-0.2756822543784342
4.	0.375	0.32687088631881256	-0.27526422154856095
4.1000000000000005	0.375	0.3261744155430303	-0.2748642343419268
4.2	0.375	0.32550226070343663	-0.2744812405818916
4.3	0.375	0.32485305506406914	-0.2741142679157925
4.4	0.375	0.32422553764091866	-0.27376241625240333
4.5	0.375	0.32361854265408047	-0.2734248510626155
0.1	0.4	0.5347057852259911	-0.3934396319672179
0.2	0.4	0.48575744294782025	-0.3660114405966863
0.30000000000000004	0.4	0.4578810153673523	-0.3499595387542482
0.4	0.4	0.43883464846921594	-0.3387634853602755
0.5	0.4	0.42462946666950185	-0.3302722176583826
0.6000000000000001	0.4	0.413459502069642	-0.3235018437035631
0.7000000000000001	0.4	0.404355704217518	-0.3179194615791108
0.8	0.4	0.39673974787273264	-0.3132040971754768
0.9	0.4	0.3902401414609349	-0.3091476618192419
1.	0.4	0.3846049596910424	-0.3056077312580147
1.1	0.4	0.37965607403271157	-0.3024826667617278
1.2000000000000002	0.4	0.37526327644565916	-0.2996974850409884
1.3	0.4	0.3713287424710964	-0.2971953328386211
1.4000000000000001	0.4	0.367777383460876	-0.2949321750180941
1.5	0.4	0.36455031927938714	-0.29287316580483225
1.6	0.4	0.36160069104635967	-0.29099031730702374
1.7000000000000002	0.4	0.35889064949310356	-0.2892608191032321
1.8	0.4	0.35638923490655416	-0.2876658522009304
1.9000000000000001	0.4	0.35407083843011256	-0.28618972159796696
2.	0.4	0.35191406474055403	-0.284819210462111
2.1	0.4	0.34990087766995104	-0.2835430916633491
2.2	0.4	0.3480159490086686	-0.28235175305385596
2.3000000000000003	0.4	0.3462461556401828	-0.2812369063101043
2.4000000000000004	0.4	0.34458018658776424	-0.2801913580636398
2.5	0.4	0.34300823260752555	-0.27920882807756336
2.6	0.4	0.34152173854868273	-0.2782838033903564
2.7	0.4	0.3401132039808425	-0.27741142026060006
2.8000000000000003	0.4	0.3387760213273819	-0.2765873678216948
2.9000000000000004	0.4	0.33750434342312197	-0.27580780885063994
3.	0.4	0.336292974357851	-0.27506931414499125
3.1	0.4	0.33513727890006373	-0.2743688078100241
3.2	0.4	0.33403310685758003	-0.27370352135850845
3.3000000000000003	0.4	0.3329767295386152	-0.2730709549801016
3.4000000000000004	0.4	0.331964786099832	-0.2724688446820869
3.5	0.4	0.330994238062924	-0.27189513426874856
3.6	0.4	0.33006233066272916	-0.27134795133201994
3.7	0.4	0.329166559929731	-0.27082558658508443
3.8000000000000003	0.4	0.3283046444885858	-0.2703264759978836
3.9000000000000004	0.4	0.3274745010712777	-0.2698491852918609
4.	0.4	0.32667422293667503	-0.26939239643048946
4.1000000000000005	0.4	0.3259020608000529	-0.2689548958066107
4.2	0.4	0.32515640616767194	-0.2685355638769521
4.3	0.4	0.3244357769203922	-0.2681333660378584
4.4	0.4	0.3237388048115137	-0.26774734456767013
4.5	0.4	0.3230642245152051	-0.26737661149063996
0.1	0.425	0.5504042525054188	-0.3947606276102189
0.2	0.425	0.4978268311360018	-0.36574908454011246
0.30000000000000004	0.425	0.46787045300885244	-0.3487634803434199
0.4	0.425	0.4473868100427854	-0.336907622037573
0.5	0.425	0.43209704619535333	-0.32790930638596966
0.6000000000000001	0.425	0.42006465264069887	-0.3207297828155154
0.7000000000000001	0.425	0.41025053418682433	-0.3148064395557762
0.8	0.425	0.40203444936106686	-0.30980031112943596
0.9	0.425	0.3950178733154813	-0.30549155156278834
1.	0.425	0.388930465106854	-0.3017296180536933
1.1	0.425	0.3835810146205159	-0.29840702765951993
1.2000000000000002	0.425	0.3788297082166732	-0.2954444509732373
1.3	0.425	0.37457146881217984	-0.2927817134264217
1.4000000000000001	0.425	0.370725633333099	-0.29037220002916253
1.5	0.425	0.3672289198658136	-0.2881790013256655
1.6	0.425	0.3640309596401055	-0.28617246670427704
1.7000000000000002	0.425	0.36109105956677184	-0.28432842835811617
1.8	0.425	0.3583759269837859	-0.28262694653293613
1.9000000000000001	0.425	0.355858018036691	-0.28105139137794005
2.	0.425	0.35351431669119193	-0.27958775912342093
2.1	0.425	0.3513254173426263	-0.2782241547065927
2.2	0.425	0.3492748254507429	-0.27695039476902245
2.3000000000000003	0.425	0.3473484173628421	-0.2757576991166515
2.4000000000000004	0.425	0.345534018111178	-0.2746384481411535
2.5	0.425	0.3438210678346096	-0.27358599007914064
2.6	0.425	0.34220035559597345	-0.2725944863798521
2.7	0.425	0.3406638050352191	-0.27165878653857034
2.8000000000000003	0.425	0.3392043002990936	-0.27077432594277717
2.9000000000000004	0.425	0.3378155435696315	-0.2699370418625524
3.	0.425	0.3364919376162911	-0.2691433038708182
3.1	0.425	0.335228488367839	-0.26838985583323527
3.2	0.425	0.3340207236846257	-0.2676737672436996
3.3000000000000003	0.425	0.33286462537416894	-0.26699239216428156
3.4000000000000004	0.425	0.33175657200887876	-0.2663433343921712
3.5	0.425	0.33069329036936473	-0.2657244177586455
3.6	0.425	0.32967181365520426	-0.26513366068224203
3.7	0.425	0.328689445239938	-0.26456925426759226
3.8000000000000003	0.425	0.32774372737617957	-0.26402954337547196
3.9000000000000004	0.425	0.3268324143793648	-0.26351301019486956
4.	0.425	0.3259534496165051	-0.26301825993145006
4.1000000000000005	0.425	0.32510494558223535	-0.2625440082947547
4.2	0.425	0.3242851664977641	-0.2620890705202853
4.3	0.425	0.3234925130314806	-0.2616523517067404
4.4	0.425	0.3227255088396927	-0.2612328382844638
4.5	0.425	0.3219827886809137	-0.2608295904601428
0.1	0.45	0.5653863002173166	-0.39521695343471197
0.2	0.45	0.5091945129718451	-0.3646897571105959
0.30000000000000004	0.45	0.4771739136343825	-0.3468146954728214
0.4	0.45	0.45526581141663014	-0.3343312706952961
0.5	0.45	0.4389016503096155	-0.32485083895673555
0.6000000000000001	0.45	0.4260149309694973	-0.3172822251895625
0.7000000000000001	0.45	0.41549697545464187	-0.3110345202388734
0.8	0.45	0.40668598124169864	-0.30575165582977026
0.9	0.45	0.3991566602114734	-0.3012026221991264
1.	0.45	0.3926204621750973	-0.29722917318767994
1.1	0.45	0.3868732547483402	-0.2937182829368154
1.2000000000000002	0.45	0.3817657428745433	-0.2905865011657776
1.3	0.45	0.37718569281314385	-0.2877705037840287
1.4000000000000001	0.45	0.3730469481576787	-0.2852212316310375
1.5	0.45	0.36928188517293414	-0.2828998158003318
1.6	0.45	0.3658366750802328	-0.28077502974136104
1.7000000000000002	0.45	0.3626678213337844	-0.27882141972998103
1.8	0.45	0.35973973119086267	-0.2770179846097423
1.9000000000000001	0.45	0.3570229526983383	-0.27534720940946056
2.	0.45	0.35449287118719003	-0.2737943454019886
2.1	0.45	0.3521287297481799	-0.272346865276401
2.2	0.45	0.3499128823907992	-0.2709940449879063
2.3000000000000003	0.45	0.34783021710430045	-0.2697266387308929
2.4000000000000004	0.45	0.34586770483815743	-0.2685366233666516
2.5	0.45	0.3440140430760928	-0.26741699533864133
2.6	0.45	0.3422593713645075	-0.26636160773271117
2.7	0.45	0.34059504223491666	-0.26536503837987024
2.8000000000000003	0.45	0.3390134352934956	-0.2644224822085104
2.9000000000000004	0.45	0.33750780533482483	-0.2635296627172936
3.	0.45	0.3360721574298687	-0.26268275865565344
3.1	0.45	0.33470114328623995	-0.26187834289788303
3.2	0.45	0.3333899742796964	-0.2611133311686256
3.3000000000000003	0.45	0.3321343478659315	-0.2603849387822931
3.4000000000000004	0.45	0.3309303853023654	-0.25969064394708985
3.5	0.45	0.3297745790667365	-0.25902815647732735
3.6	0.45	0.32866374830800266	-0.2583953909897667
3.7	0.45	0.32759500078459236	-0.2577904438371633
3.8000000000000003	0.45	0.32656570009786584	-0.257211573172704
3.9000000000000004	0.45	0.3255734373403735	-0.256657181651079
4.	0.45	0.3246160064731606	-0.25612580135987595
4.1000000000000005	0.45	0.3236913828726255	-0.25561608064595986
4.2	0.45	0.3227977045802984	-0.25512677255901933
4.3	0.45	0.321933255864456	-0.25465672468072
4.4	0.45	0.3210964527628954	-0.2542048701449982
4.5	0.45	0.32028583032917596	-0.2537702196871794
0.1	0.475	0.57938460052493	-0.394700036078389
0.2	0.475	0.5196256443720447	-0.36274110906774054
0.30000000000000004	0.475	0.485576025488169	-0.34403082611154534
0.4	0.475	0.46227017172762475	-0.33095934767583934
0.5	0.475	0.4448525655240094	-0.32102749515203727
0.6000000000000001	0.475	0.43112838958756294	-0.31309464256798497
0.7000000000000001	0.475	0.4199204522116371	-0.3065432829885495
0.8	0.475	0.41052611156653207	-0.30100130525709784
0.9	0.475	0.40249382527884925	-0.2962272405215242
1.	0.475	0.395517205125695	-0.2920556313128531
1.1	0.475	0.3893794743272512	-0.2883682659234164
1.2000000000000002	0.475	0.3839220687966724	-0.28507784048384127
1.3	0.475	0.3790257612333884	-0.2821180856825421
1.4000000000000001	0.475	0.37459903655231896	-0.2794376591049401
1.5	0.475	0.37057003091187274	-0.2769958583107175
1.6	0.475	0.36688153944539365	-0.2747599854741648
1.7000000000000002	0.475	0.36348733031011765	-0.2727033872419215
1.8	0.475	0.36034956642574606	-0.27080407289686276
1.9000000000000001	0.475	0.35743693357975154	-0.2690437026855044
2.	0.475	0.35472325631002316	-0.2674068339977189
2.1	0.475	0.35218645769492624	-0.2658803508121927
2.2	0.475	0.349807766161239	-0.26445302574784246
2.3000000000000003	0.475	0.34757110273316394	-0.26311517961551495
2.4000000000000004	0.475	0.3454626021634175	-0.2618584137025346
2.5	0.475	0.3434702348047556	-0.26067539703032816
2.6	0.475	0.3415835050954763	-0.2595596956626065
2.7	0.475	0.33979320863385504	-0.2585056345343587
2.8000000000000003	0.475	0.3380912343413312	-0.257508184685545
2.9000000000000004	0.475	0.336470402021608	-0.25656287052811805
3.	0.475	0.33492432846163644	-0.25566569304714404
3.1	0.475	0.33344731668277533	-0.25481306577795126
3.2	0.475	0.3320342637277615	-0.25400176110505196
3.3000000000000003	0.475	0.33068058325764227	-0.2532288649580831
3.4000000000000004	0.475	0.3293821401399714	-0.2524917383850472
3.5	0.475	0.3281351948743544	-0.25178798479214615
3.6	0.475	0.3269363561580751	-0.2511154218807559
3.7	0.475	0.32578254022471453	-0.25047205749956825
3.8000000000000003	0.475	0.32467093584308043	-0.24985606877606306
3.9000000000000004	0.475	0.32359897406894095	-0.24926578400977983
4.	0.475	0.3225643020020516	-0.24869966690113282
4.1000000000000005	0.475	0.3215647599328637	-0.24815630276501002
4.2	0.475	0.32059836136599396	-0.24763438643770774
4.3	0.475	0.31966327549122764	-0.2471327116344583
4.4	0.475	0.3187578117403692	-0.24665016155417976
4.5	0.475	0.31788040612936197	-0.24618570056126982
0.1	0.5	0.5920998060434564	-0.39309396585054496
0.2	0.5	0.5288599520625683	-0.35980574446714736
0.30000000000000004	0.5	0.4928396506025795	-0.3403256830702913
0.4	0.5	0.46817912305214116	-0.326713733463012
0.5	0.5	0.44974162357309333	-0.31636749408006226
0.6000000000000001	0.5	0.43520705560269324	-0.30810048696522463
0.7000000000000001	0.5	0.4233315220755545	-0.3012706386112218
0.8	0.5	0.41337270872045634	-0.2954910522778711
0.9	0.5	0.4048536168775839	-0.29051063247261333
1.	0.5	0.3974505898088284	-0.2861572904794673
1.1	0.5	0.3909346262111941	-0.28230804943030263
1.2000000000000002	0.5	0.38513821046328967	-0.27887206690479877
1.3	0.5	0.3799353643069568	-0.27578036921432125
1.4000000000000001	0.5	0.37522941146156147	-0.27297952032022066
1.5	0.5	0.3709443981518106	-0.27042713474966873
1.6	0.5	0.36701986637677536	-0.26808916783912007
1.7000000000000002	0.5	0.3634069486591763	-0.2659378692729207
1.8	0.5	0.360065644992128	-0.2639503443369136
1.9000000000000001	0.5	0.35696284597682726	-0.262107500445009
2.	0.5	0.3540708713482872	-0.260393262088563
2.1	0.5	0.3513663719322697	-0.25879397659813247
2.2	0.5	0.3488294924357921	-0.25729795799027855
2.3000000000000003	0.5	0.3464432242971282	-0.25589513235673494
2.4000000000000004	0.5	0.34419289919906276	-0.25457675901067167
2.5	0.5	0.3420657885820511	-0.25333520889583516
2.6	0.5	0.3400507842589036	-0.2521637868005986
2.7	0.5	0.33813814150073407	-0.25105658745099146
2.8000000000000003	0.5	0.3363192704869776	-0.2500083780701075
2.9000000000000004	0.5	0.33458656558076205	-0.24901450180791668
3.	0.5	0.33293326453278	-0.2480707977704526
3.1	0.5	0.33135333159470653	-0.24717353435857625
3.2	0.5	0.3298413598840662	-0.2463193533582835
3.3000000000000003	0.5	0.3283924893595942	-0.24550522277828338
3.4000000000000004	0.5	0.32700233753515795	-0.24472839684984907
3.5	0.5	0.32566694065376084	-0.2439863819289839
3.6	0.5	0.32438270349848797	-0.243276907290152
3.7	0.5	0.3231463563716039	-0.24259789999631684
3.8000000000000003	0.5	0.32195491805068616	-0.24194746318432844
3.9000000000000004	0.5	0.3208056637448276	-0.24132385722498745
4.	0.5	0.31969609724789144	-0.24072548331496674
4.1000000000000005	0.5	0.31862392663210254	-0.2401508691345767
4.2	0.5	0.31758704297887924	-0.23959865626798063
4.3	0.5	0.3165835018277383	-0.2390675891330792
4.4	0.5	0.3156115071951702	-0.23855650520971394
4.5	0.5	0.31466939796102184	-0.23806432638802252
0.1	0.525	0.6031979694601338	-0.3902752934036686
0.2	0.525	0.5366100074616009	-0.35578122396407263
0.30000000000000004	0.525	0.49870457576459226	-0.3356093395511376
0.4	0.525	0.47275158172457454	-0.3215134306809211
0.5	0.525	0.45334238744254624	-0.3107967997008748
0.6000000000000001	0.525	0.438036287507674	-0.30223143280250064
0.7000000000000001	0.525	0.42552537101843446	-0.29515310031040726
0.8	0.525	0.4150293503672051	-0.28916160258051193
0.9	0.525	0.40604691333478266	-0.28399719558642306
1.	0.525	0.39823793977259075	-0.2794818395844999
1.1	0.525	0.39136179147285804	-0.27548828544333714
1.2000000000000002	0.525	0.38524244214988473	-0.2719225212502564
1.3	0.525	0.3797474979832784	-0.26871315064112705
1.4000000000000001	0.525	0.37477539196141973	-0.26580486666956865
1.5	0.525	0.37024628719228175	-0.26315377863411016
1.6	0.525	0.36609664213859766	-0.2607246414053088
1.7000000000000002	0.525	0.36227509278203	-0.2584887284577362
1.8	0.525	0.35873959187009924	-0.2564223417293427
1.9000000000000001	0.525	0.35545533179272565	-0.25450572046076336
2.	0.525	0.3523932086710012	-0.25272222803716404
2.1	0.525	0.34952866828577817	-0.2510577364661713
2.2	0.525	0.34684082631220675	-0.24950015389352004
2.3000000000000003	0.525	0.34431178872861223	-0.2480390573082268
2.4000000000000004	0.525	0.34192612049857674	-0.24666540372752582
2.5	0.525	0.33967042563471556	-0.24537130070636468
2.6	0.525	0.3375330119931951	-0.24414982222771545
2.7	0.525	0.3355036212650181	-0.24299485968971243
2.8000000000000003	0.525	0.33357320965682863	-0.24190100031053965
2.9000000000000004	0.525	0.33173376836054974	-0.24086342715198175
3.	0.525	0.32997817553233616	-0.23987783633687487
3.1	0.525	0.32830007342949113	-0.23894036805151472
3.2	0.525	0.32669376578551784	-0.23804754868262948
3.3000000000000003	0.525	0.3251541315793116	-0.23719624201258985
3.4000000000000004	0.525	0.32367655216299457	-0.236383607830684
3.5	0.525	0.3222568493328855	-0.23560706665523032
3.6	0.525	0.3208912324087674	-0.23486426951910994
3.7	0.525	0.3195762528000418	-0.23415307197549481
3.8000000000000003	0.525	0.31830876494513227	-0.233471511637574
3.9000000000000004	0.525	0.3170858929216999	-0.23281778869383832
4.	0.525	0.31590500215642775	-0.23219024893938148
4.1000000000000005	0.525	0.3147636751399235	-0.23158736894503337
4.2	0.525	0.31365968944236594	-0.23100774304943725
4.3	0.525	0.31259099715369926	-0.23045007191316424
4.4	0.525	0.31155570650316455	-0.2299131524155117
4.5	0.525	0.3105520663570509	-0.22939586871012752
0.1	0.55	0.6123081939479511	-0.3861130431208802
0.2	0.55	0.5425597452523739	-0.35056024884988524
0.30000000000000004	0.55	0.5028865447997395	-0.329788424395415
0.4	0.55	0.47572545190861054	-0.3152749123875618
0.5	0.55	0.4554096387610931	-0.3042395078601768
0.6000000000000001	0.55	0.439384407274175	-0.29541779238723664
0.7000000000000001	0.55	0.4262815656303737	-0.28812622044971564
0.8	0.55	0.4152851764308719	-0.2819530275144958
0.9	0.55	0.4058711609087795	-0.27663096402599596
1.	0.55	0.39768401723592256	-0.2719768326738298
1.1	0.55	0.39047225556661835	-0.2678596864430263
1.2000000000000002	0.55	0.38405192619172185	-0.26418277378956634
1.3	0.55	0.3782846663594931	-0.26087260295244064
1.4000000000000001	0.55	0.37306437663885966	-0.2578722567316971
1.5	0.55	0.36830761155108843	-0.2551365470657338
1.6	0.55	0.36394796872026025	-0.2526291989807718
1.7000000000000002	0.55	0.3599317670501001	-0.25032065040339807
1.8	0.55	0.356215057735452	-0.2481865171109462
1.9000000000000001	0.55	0.35276145466264214	-0.2462064687148608
2.	0.55	0.349540530431525	-0.24436339104845298
2.1	0.55	0.34652661106948734	-0.24264275217263556
2.2	0.55	0.3436978570338926	-0.2410321157462964
2.3000000000000003	0.55	0.34103555324199425	-0.23952076277079384
2.4000000000000004	0.55	0.3385235540172217	-0.23809939418699708
2.5	0.55	0.3361478444238867	-0.23675989458870583
2.6	0.55	0.33389619012790966	-0.2354951426843677
2.7	0.55	0.33175785535813396	-0.2342988579109215
2.8000000000000003	0.55	0.3297233737974874	-0.23316547528721843
2.9000000000000004	0.55	0.3277843609966	-0.23209004253165452
3.	0.55	0.32593335963348696	-0.23106813488487424
3.1	0.55	0.3241637109561389	-0.23009578412633305
3.2	0.55	0.3224694472874948	-0.229169419053482
3.3000000000000003	0.55	0.3208452017733763	-0.22828581528499353
3.4000000000000004	0.55	0.3192861326664651	-0.22744205269699005
3.5	0.55	0.31778785996437137	-0.2266354791474334
3.6	0.55	0.31634641163828076	-0.22586367941095803
3.7	0.55	0.31495817622208705	-0.2251244484547904
3.8000000000000003	0.55	0.3136198604134418	-0.22441576835067564
3.9000000000000004	0.55	0.31232845256352676	-0.22373578824668108
4.	0.55	0.3110811921035204	-0.2230828069270311
4.1000000000000005	0.55	0.30987554345359253	-0.22245525756962467
4.2	0.55	0.3087091731802774	-0.22185169437859542
4.3	0.55	0.30757992981990023	-0.22127078082213225
4.4	0.55	0.30648582603941976	-0.22071127925102493
4.5	0.55	0.30542502285576584	-0.22017204170790225