# format: p e Edot 1-<Ft/ut>/Edot Ldot  1-<Fphi/ut>/Ldot
6.800000 0.300000 0.00020315835850133 -2.68014e-08 -0.0029920133590811 -1.73195e-08
7.000000 0.300000 0.0001671477331716 -2.91659e-08 -0.0026255467975465 -2.27723e-08
7.200000 0.300000 0.00014274846418418 -2.78531e-08 -0.0023655593431879 -2.39876e-08
7.400000 0.300000 0.00012407076448724 -2.46259e-08 -0.0021579295619873 -2.25523e-08
7.600000 0.300000 0.00010901526947795 -2.12562e-08 -0.0019836947123861 -2.04608e-08
7.800000 0.300000 9.6530913566245e-05 -1.77843e-08 -0.0018335092043945 -1.77806e-08
6.900000 0.350000 0.00020308598379191 -3.17901e-08 -0.002914496418364 -3.33202e-08
7.100000 0.350000 0.00016544669330746 -3.0617e-08 -0.002535697816872 -3.35481e-08
7.300000 0.350000 0.00014047966025873 -2.70411e-08 -0.0022729770792253 -3.07947e-08
7.500000 0.350000 0.00012162468175722 -2.21788e-08 -0.0020662306760863 -2.63769e-08
7.700000 0.350000 0.00010656813164522 -1.8658e-08 -0.0018945317538831 -2.27786e-08
7.900000 0.350000 9.4167348235059e-05 -1.46829e-08 -0.0017476663992022 -1.85745e-08
7.000000 0.400000 0.00020231463679626 -2.85474e-08 -0.0028232514542954 -3.78088e-08
7.200000 0.400000 0.00016329426207732 -2.53506e-08 -0.0024353722400988 -3.47471e-08
7.400000 0.400000 0.00013788153141247 -2.02369e-08 -0.0021716881461392 -2.91545e-08
7.600000 0.400000 0.00011891902610691 -1.5818e-08 -0.0019669506054186 -2.46775e-08
7.800000 0.400000 0.00010390500549048 -1.14037e-08 -0.0017985720083441 -1.94614e-08
8.000000 0.400000 9.1617010850991e-05 -1.34179e-08 -0.0016556103435706 -2.11666e-08
7.100000 0.450000 0.00020037813042429 -2.808e-08 -0.0027150491368438 -4.49716e-08
7.300000 0.450000 0.00016031479253121 -1.72135e-08 -0.0023220408123121 -4.07108e-08
7.500000 0.450000 0.00013464175596073 -1.77579e-08 -0.0020596460068949 -3.27213e-08
7.700000 0.450000 0.00011569012798685 -1.25301e-08 -0.00185841201564 -2.56897e-08
7.900000 0.450000 0.00010080093599166 -1.05356e-08 -0.0016944302852965 -2.14994e-08
8.100000 0.450000 8.8686370066269e-05 -2.76485e-09 -0.0015561909617149 -1.3233e-08
7.200000 0.500000 0.00019679347543671 -1.44428e-08 -0.0025866451367138 -3.61042e-08
7.400000 0.500000 0.00015612957046251 -1.36779e-08 -0.0021932497633388 -3.12966e-08
7.600000 0.500000 0.00013044924156107 -1.20735e-08 -0.0019348994627822 -2.69142e-08
7.800000 0.500000 0.00011167691026064 -2.98158e-09 -0.0017390330184233 -1.68794e-08
8.000000 0.500000 9.7033835402546e-05 -1.5396e-09 -0.0015808106295625 -1.40939e-08
8.100000 0.500000 9.0816354214574e-05 2.6744e-08 -0.0015118569967301 2.01181e-08
8.200000 0.500000 8.5184621607969e-05 1.5742e-09 -0.0014483395313072 -8.55215e-09
7.300000 0.550000 0.00019105399706002 -1.31948e-08 -0.0024347564118392 -3.24464e-08
7.500000 0.550000 0.00015035273541803 -8.09264e-09 -0.0020466154824312 -2.54317e-08
7.700000 0.550000 0.00012499186265967 1.71812e-09 -0.0017956009870702 -1.58606e-08
7.900000 0.550000 0.00010661984924521 -6.4223e-09 -0.0016073447425362 -1.71706e-08
8.100000 0.550000 9.2384276432094e-05 2.5952e-10 -0.0014565297668848 -1.02774e-08
8.300000 0.550000 8.0924044108455e-05 -1.93074e-10 -0.0013310956519466 -6.09392e-09
6.700000 0.300000 0.00023280370613512 -2.24223e-08 -0.0032828259383067 -1.18425e-08
6.900000 0.300000 0.00018295108804384 -2.85748e-08 -0.0027885287415718 -2.06383e-08
7.100000 0.300000 0.00015402121769172 -2.88901e-08 -0.0024870799494912 -2.38334e-08
7.300000 0.300000 0.00013286323311166 -2.62555e-08 -0.0022567314192415 -2.33955e-08
7.500000 0.300000 0.00011616987277034 -2.30767e-08 -0.0020673486011112 -2.17624e-08
7.700000 0.300000 0.00010249741839397 -1.94624e-08 -0.0019059987939802 -1.91297e-08
6.800000 0.350000 0.00023482353549747 -2.93918e-08 -0.0032228084934221 -3.01703e-08
7.000000 0.350000 0.00018184343511663 -3.2445e-08 -0.0027028646668914 -3.45606e-08
7.200000 0.350000 0.00015196450477789 -2.87683e-08 -0.0023952046174297 -3.22117e-08
7.400000 0.350000 0.00013047482820079 -2.48084e-08 -0.0021643010886373 -2.88164e-08
7.600000 0.350000 0.00011370854337525 -2.0231e-08 -0.0019767797265914 -2.44739e-08
7.800000 0.350000 0.00010008496858904 -1.59828e-08 -0.0018184317389457 -2.00178e-08
6.900000 0.400000 0.00023589488282433 -3.62474e-08 -0.0031459758054668 -4.34234e-08
7.100000 0.400000 0.000180185252352 -2.73561e-08 -0.0026053853312278 -3.67392e-08
7.300000 0.400000 0.00014952667901843 -2.38064e-08 -0.0022938493518141 -3.27919e-08
7.500000 0.400000 0.00012779637071566 -1.74071e-08 -0.0020637826438729 -2.63136e-08
7.700000 0.400000 0.00011101177319508 -1.24397e-08 -0.0018790535337338 -2.12311e-08
7.900000 0.400000 9.7472473557298e-05 -9.98462e-09 -0.0017243791578113 -2.38216e-08
7.000000 0.450000 0.00023547950862862 -2.85772e-08 -0.0030485299495768 -4.50381e-08
7.200000 0.450000 0.00017756064244535 -1.42999e-08 -0.0024932524262896 -4.32684e-08
7.400000 0.450000 0.00014636604402904 -1.16655e-08 -0.0021807440357965 -2.47851e-08
7.600000 0.450000 0.00012454132951479 -1.43813e-08 -0.0019533254622374 -2.87157e-08
7.800000 0.450000 0.00010783629780581 -9.99406e-09 -0.0017726469251847 -2.24187e-08
8.000000 0.450000 9.4451478210044e-05 -5.79912e-09 -0.0016225796064304 -1.69921e-08
7.100000 0.500000 0.00023300300599691 -1.66343e-08 -0.002926513322274 -3.63491e-08
7.300000 0.500000 0.00017354583708286 -1.49976e-08 -0.0023636739809703 -2.46743e-08
7.500000 0.500000 0.00014214056251199 -1.02117e-08 -0.0020537080055589 -2.74489e-08
7.700000 0.500000 0.00012042529181915 -7.3577e-09 -0.0018311756096142 -2.20207e-08
7.900000 0.500000 0.00010394166237487 -1.53289e-09 -0.0016561295399877 -1.48644e-08
7.200000 0.550000 0.00022784530584221 1.39002e-09 -0.0027757684266255 -1.88842e-08
7.400000 0.550000 0.0001677038901673 1.02885e-09 -0.0022138903562161 -1.8042e-08
7.600000 0.550000 0.00013650477677508 3.0935e-09 -0.0019106521580481 -1.55284e-08
7.800000 0.550000 0.00011516437139265 8.58094e-09 -0.0016956892838988 -4.93669e-09
8.000000 0.550000 9.9089638893745e-05 -3.31473e-07 -0.0015281846136637 -4.11499e-07
8.200000 0.550000 8.6364402272215e-05 9.41981e-09 -0.0013911460442233 1.0275e-09
6.650000 0.275000 0.00023160043654213 -1.25352e-08 -0.003307700206761 4.5856e-09
6.850000 0.275000 0.00018342907604233 -2.14609e-08 -0.0028278487544182 -7.67763e-09
7.050000 0.275000 0.0001550152505669 -2.46106e-08 -0.0025302081944343 -1.47154e-08
7.250000 0.275000 0.00013404005140959 -2.39422e-08 -0.0023005245127179 -1.71229e-08
7.450000 0.275000 0.00011738984808829 -2.19177e-08 -0.0021104527789886 -1.73563e-08
7.650000 0.275000 0.00010369503904752 -1.87657e-08 -0.0019477676232705 -1.57781e-08
6.750000 0.325000 0.00023389954604801 -2.73336e-08 -0.0032546852768077 -2.27148e-08
6.950000 0.325000 0.00018244011483679 -3.17645e-08 -0.0027469926386203 -2.92181e-08
7.150000 0.325000 0.00015301897060304 -2.98383e-08 -0.0024421808616165 -2.92719e-08
7.350000 0.325000 0.00013168717376522 -2.62306e-08 -0.0022114073316321 -2.71095e-08
7.550000 0.325000 0.0001149532476092 -2.21179e-08 -0.0020228598923723 -2.3642e-08
7.750000 0.325000 0.00010130301527702 -1.81984e-08 -0.0018629439158269 -2.0311e-08
6.850000 0.375000 0.00023551072190712 -2.94445e-08 -0.0031867286870807 -3.45491e-08
7.050000 0.375000 0.00018110907466153 -2.95447e-08 -0.0026557810081274 -3.59808e-08
7.250000 0.375000 0.00015081464932176 -2.69445e-08 -0.0023458562944626 -3.35845e-08
7.450000 0.375000 0.00012918985917728 -2.16103e-08 -0.0021151709426756 -2.82307e-08
7.650000 0.375000 0.00011240488581378 -1.80491e-08 -0.0019289086511629 -2.39149e-08
7.850000 0.375000 9.8816836686844e-05 -1.3237e-08 -0.0017722968734394 -1.89995e-08
6.950000 0.425000 0.00023590794219314 -2.39479e-08 -0.0031000722764817 -3.53558e-08
7.150000 0.425000 0.00017901995855764 -2.18332e-08 -0.0025513256681262 -4.60921e-08
7.350000 0.425000 0.00014805802134743 -1.72219e-08 -0.0022389036009234 -2.89687e-08
7.550000 0.425000 0.0001262587102694 -1.40169e-08 -0.0020099082297821 -2.4472e-08
7.750000 0.425000 0.00010949894541517 -1.56591e-08 -0.0018270269264537 -2.66339e-08
7.950000 0.425000 9.6025944815983e-05 -1.29224e-08 -0.0016745234168278 -2.2084e-08
7.050000 0.475000 0.00023453652163826 -2.39872e-08 -0.002990848217683 -4.19623e-08
7.250000 0.475000 0.00017575399667879 -1.38039e-08 -0.002430817430606 -3.9204e-08
7.450000 0.475000 0.00014440791865077 -1.60882e-08 -0.0021191004723857 -3.28853e-08
7.650000 0.475000 0.00012260869975568 -1.07066e-08 -0.0018938178968186 -2.60462e-08
7.850000 0.475000 0.00010599383241167 -7.15102e-09 -0.001715737529909 -1.99044e-08
8.050000 0.475000 9.2723439489344e-05 -4.76974e-09 -0.0015684033632879 -1.5524e-08
7.150000 0.525000 0.00023079994643894 3.3038e-07 -0.0028549989600855 2.7763e-07
7.250000 0.525000 0.00019422572062613 1.74178e-08 -0.0025138421764967 1.94459e-08
7.350000 0.525000 0.00017088108649378 -7.0844e-09 -0.0022914779916009 -2.67502e-08
7.550000 0.525000 0.00013952065964375 -3.58027e-09 -0.0019843083463928 -2.08883e-08
7.750000 0.525000 0.00011795562307811 -3.03027e-09 -0.0017651966443418 -1.67651e-08
7.950000 0.525000 0.00010165007392548 -1.64121e-08 -0.0015936620462756 -2.5078e-08
8.150000 0.525000 8.8704977158834e-05 3.15722e-09 -0.0014528109826506 -7.39303e-09
6.750000 0.275000 0.00020307686582041 -1.80471e-08 -0.0030266520777576 -2.26703e-09
6.950000 0.275000 0.00016794784839077 -2.36741e-08 -0.0026673687378956 -1.19212e-08
7.150000 0.275000 0.00014385886504636 -2.44662e-08 -0.0024092597999771 -1.62541e-08
7.350000 0.275000 0.00012528059030826 -2.28024e-08 -0.0022014904569509 -1.71807e-08
7.550000 0.275000 0.00011022956588345 -2.03481e-08 -0.0020261856623382 -1.66567e-08
7.750000 0.275000 9.7704259537997e-05 -1.77143e-08 -0.0018744811673517 -1.53719e-08
6.850000 0.325000 0.00020318072826244 -3.08963e-08 -0.0029547674606156 -2.71865e-08
7.050000 0.325000 0.00016633005081408 -3.15325e-08 -0.0025817694750327 -3.00488e-08
7.250000 0.325000 0.00014163550762032 -2.82185e-08 -0.0023202241690153 -2.84604e-08
7.450000 0.325000 0.00012286349150115 -2.42776e-08 -0.002112918915376 -2.54425e-08
7.650000 0.325000 0.00010780446798745 -2.04354e-08 -0.0019398727905675 -2.22942e-08
7.850000 0.325000 9.5360242100179e-05 -1.65003e-08 -0.0017912896262026 -1.87184e-08
6.950000 0.375000 0.00020281655345158 -3.10237e-08 -0.0028707922041514 -3.6734e-08
7.150000 0.375000 0.00016445039400834 -2.786e-08 -0.0024870049215926 -3.46183e-08
7.350000 0.375000 0.00013924136711718 -2.44638e-08 -0.002223551316039 -3.12021e-08
7.550000 0.375000 0.00012032087629969 -1.97163e-08 -0.0020176454129055 -2.61494e-08
7.750000 0.375000 0.00010527771482217 -1.64255e-08 -0.0018474900817216 -2.22789e-08
7.950000 0.375000 9.2927696381896e-05 -1.15274e-08 -0.0017024886730121 -1.71727e-08
7.050000 0.425000 0.00020152170638821 9.85149e-08 -0.0027714717446814 8.08113e-08
7.250000 0.425000 0.00016193142947563 -1.95187e-08 -0.0023804870319598 -4.27925e-08
7.450000 0.425000 0.00013636127312236 -1.71827e-08 -0.0021171352751285 -2.80745e-08
7.650000 0.425000 0.00011738633075273 -1.79651e-08 -0.0019139397475521 -2.98496e-08
7.850000 0.425000 0.00010242201979066 -1.28082e-08 -0.0017476071028053 -2.30067e-08
8.050000 0.425000 9.0211209995812e-05 -9.86336e-09 -0.0016068899574901 -1.84385e-08
7.150000 0.475000 0.00019882290220026 -2.35051e-08 -0.0026535768640048 -4.22364e-08
7.350000 0.475000 0.00015839684060924 -1.72014e-08 -0.0022597287141296 -2.54556e-08
7.550000 0.475000 0.00013268407934616 -1.12375e-08 -0.0019989791177273 -2.75163e-08
7.750000 0.475000 0.00011379782870236 -6.4829e-09 -0.0018001724983527 -2.07293e-08
7.950000 0.475000 9.9014059261369e-05 -6.02889e-09 -0.0016388822927046 -1.76804e-08
8.150000 0.475000 8.7018710271166e-05 -4.42992e-09 -0.0015033823195013 -1.42356e-08
7.450000 0.525000 0.00015346448969062 -1.24033e-08 -0.0021223081297495 -2.95183e-08
7.650000 0.525000 0.00012789817541455 1.29224e-09 -0.0018671793778756 -1.62335e-08
7.850000 0.525000 0.00010929497211111 -5.66561e-09 -0.0016748136089124 -1.83804e-08
8.050000 0.525000 9.4832917360792e-05 4.87182e-10 -0.0015200710653045 -9.69122e-09
8.250000 0.525000 8.3160737680141e-05 1.11419e-08 -0.0013909461186647 1.02949e-09
6.600000 0.250000 0.00023035452935302 -5.32119e-11 -0.0033297881764548 -5.99774e-11
6.700000 0.250000 0.00020299548012953 -1.41152e-11 -0.0030591184154976 -1.35836e-11
6.800000 0.250000 0.00018392825234874 1.35048e-11 -0.0028653463256434 1.58741e-11
6.900000 0.250000 0.00016877993959113 2.15266e-11 -0.0027075912350387 1.98409e-11
7.000000 0.250000 0.00015604640247521 -4.41318e-11 -0.0025718873468847 -4.9925e-11
7.100000 0.250000 0.00014500823660794 -4.98601e-12 -0.0024516164619905 -6.30118e-12
7.200000 0.250000 0.00013525572276638 2.53825e-11 -0.0023430498306995 3.23959e-11
7.300000 0.250000 0.00012652797183964 6.04639e-11 -0.0022438399630175 6.62319e-11
7.400000 0.250000 0.00011864539195408 7.26819e-12 -0.0021523884982133 7.86149e-12
7.500000 0.250000 0.00011147706505542 -1.867e-11 -0.0020675417159302 -2.51721e-11
7.600000 0.250000 0.00010492331831309 -5.79294e-11 -0.0019884285250448 -6.01821e-11
7.700000 0.250000 9.8905670904242e-05 2.60947e-12 -0.0019143674971983 4.47375e-12
6.400000 0.150000 0.00022634398190123 -1.30753e-10 -0.003401072727682 -1.34151e-10
6.500000 0.150000 0.00020397900899609 -8.49671e-11 -0.0031772777734996 -8.82414e-11
6.600000 0.150000 0.00018733798034508 3.34144e-11 -0.0030062180273963 3.79605e-11
6.700000 0.150000 0.00017352391078659 3.6632e-11 -0.0028606937835565 3.94336e-11
6.800000 0.150000 0.00016153994399676 -4.31533e-11 -0.0027314858383954 -4.58831e-11
6.900000 0.150000 0.00015090390659079 6.12288e-13 -0.0026142227619916 -7.08766e-13
7.000000 0.150000 0.00014133506002717 -1.12993e-10 -0.0025064149408811 -1.16423e-10
7.100000 0.150000 0.0001326491791222 -5.30691e-11 -0.0024064636693623 -5.38329e-11
7.200000 0.150000 0.00012471496362827 -2.62408e-11 -0.002313251241496 -2.74727e-11
7.300000 0.150000 0.00011743315581741 -7.84905e-11 -0.0022259458321699 -8.47544e-11
7.400000 0.150000 0.00011072543618437 -5.52409e-11 -0.0021438986755102 -5.57967e-11
7.500000 0.150000 0.00010452801906666 -1.29998e-11 -0.0020665854524116 -1.43663e-11
6.450000 0.175000 0.00022704644207686 2.67469e-11 -0.0033845840493369 2.8044e-11
6.550000 0.175000 0.00020339106970984 2.31125e-11 -0.0031483419063919 2.45316e-11
6.650000 0.175000 0.00018614006907539 -1.39229e-11 -0.0029713235559921 -1.87592e-11
6.750000 0.175000 0.00017200445793251 -4.05742e-12 -0.0028226512245878 -4.58655e-12
6.850000 0.175000 0.00015985170418349 6.66498e-11 -0.0026918205559878 7.05592e-11
6.950000 0.175000 0.00014913625245504 6.42463e-11 -0.0025738522855406 6.99144e-11
7.050000 0.175000 0.0001395430983154 4.33041e-11 -0.0024659231924791 4.7686e-11
7.150000 0.175000 0.0001308678234314 -1.20071e-11 -0.0023662344427961 -1.34033e-11
7.250000 0.175000 0.00012296654275076 -2.47995e-11 -0.0022735409899799 -2.6511e-11
7.350000 0.175000 0.00011573185004374 -8.92202e-11 -0.0021869265567397 -9.1197e-11
7.450000 0.175000 0.000109080007752 4.47004e-11 -0.0021056846558188 4.76297e-11
7.550000 0.175000 0.00010294356175429 5.2941e-12 -0.0020292506297365 4.27414e-12
6.500000 0.200000 0.00022800460381538 -6.65432e-11 -0.0033676583769493 -6.69573e-11
6.600000 0.200000 0.00020308384999945 -6.05487e-11 -0.0031194280820278 -6.39273e-11
6.700000 0.200000 0.00018522058118289 8.63584e-11 -0.0029365968534813 9.16408e-11
6.800000 0.200000 0.00017075071230497 1.63126e-11 -0.0027847945356219 1.92383e-11
6.900000 0.200000 0.00015841238745915 -5.25333e-11 -0.0026523013073808 -5.60141e-11
7.000000 0.200000 0.00014759950604073 -2.17719e-11 -0.0025335618795827 -2.68106e-11
7.100000 0.200000 0.00013796415041158 2.14739e-12 -0.0024254353036495 1.33893e-12
7.200000 0.200000 0.00012928235910759 -7.84603e-11 -0.0023259308817908 -8.27889e-11
7.300000 0.200000 0.00012139795715858 -4.41025e-12 -0.0022336805592143 -8.29781e-13
7.400000 0.200000 0.00011419549871966 1.29356e-10 -0.0021476858113132 1.37693e-10
7.500000 0.200000 0.00010758583847025 4.68425e-12 -0.0020671834500139 8.43769e-12
7.600000 0.200000 0.00010149781255452 -7.28406e-11 -0.001991568831832 -7.70017e-11
6.550000 0.225000 0.00022913261708816 1.54237e-11 -0.0033495940978557 1.37866e-11
6.650000 0.225000 0.00020297593985376 -1.63454e-11 -0.003089875828454 -2.35905e-11
6.750000 0.225000 0.00018450530058251 -8.16824e-11 -0.0029014427218667 -8.52767e-11
6.850000 0.225000 0.00016969585375682 -4.42204e-11 -0.0027465951418422 -4.94362e-11
6.950000 0.225000 0.00015716204532145 -3.48832e-13 -0.0026124609884837 -6.79456e-14
7.050000 0.225000 0.00014623987632891 1.51184e-11 -0.002492939112673 2.01619e-11
7.150000 0.225000 0.0001365498641767 4.93843e-11 -0.0023845867652607 5.25491e-11
7.250000 0.225000 0.00012784921336545 -6.99314e-11 -0.0022852302557998 -7.33951e-11
7.350000 0.225000 0.00011996983036349 -4.12976e-11 -0.0021933836014475 -4.83802e-11
7.450000 0.225000 0.00011278841466011 -8.45546e-13 -0.002107968965936 -1.45373e-12
7.550000 0.225000 0.00010621049265333 -4.30322e-12 -0.0020281681390173 -6.34515e-12
7.650000 0.225000 0.00010016120999769 -3.43676e-11 -0.0019533374152158 -3.87823e-11
7.600000 0.150000 9.8787707350334e-05 -8.71752e-11 -0.0019935706916831 -9.10689e-11
7.700000 0.150000 9.3459324866495e-05 5.28179e-11 -0.0019244849765455 5.69343e-11
7.800000 0.150000 8.850396585133e-05 -6.04927e-11 -0.0018590096797642 -6.26508e-11
7.900000 0.150000 8.3887753110547e-05 -3.7331e-11 -0.0017968663366958 -3.86284e-11
8.000000 0.150000 7.9580926562968e-05 -4.56961e-11 -0.0017378089931912 -4.42999e-11
8.100000 0.150000 7.5557154467241e-05 -1.86928e-11 -0.0016816185304782 -2.16918e-11
8.200000 0.150000 7.1792999763414e-05 -6.24745e-11 -0.0016280983453503 -6.59159e-11
8.300000 0.150000 6.8267497670418e-05 -1.25272e-10 -0.0015770709872558 -1.28085e-10
8.400000 0.150000 6.4961815182526e-05 -7.72071e-12 -0.0015283754887317 -5.2911e-12
8.500000 0.150000 6.1858972269035e-05 2.3588e-11 -0.0014818652078332 2.18366e-11
8.600000 0.150000 5.8943610529638e-05 -4.09921e-11 -0.0014374060575093 -3.87235e-11
8.700000 0.150000 5.6201799018667e-05 -7.70244e-11 -0.0013948750331109 -7.91212e-11
8.800000 0.150000 5.3620869653411e-05 -6.74203e-11 -0.0013541589734947 -6.64635e-11
7.650000 0.175000 9.726680262841e-05 -1.00284e-10 -0.0019571603534094 -1.01876e-10
7.750000 0.175000 9.2002824378409e-05 3.37186e-11 -0.001889023819953 3.76983e-11
7.850000 0.175000 8.7111530970275e-05 5.20409e-11 -0.001824507496933 5.436e-11
7.950000 0.175000 8.2558232410493e-05 4.63148e-11 -0.0017633220926098 4.62704e-11
8.050000 0.175000 7.83126228038e-05 -5.21272e-11 -0.0017052137931505 -5.30351e-11
8.150000 0.175000 7.4348014919678e-05 -5.35261e-11 -0.0016499578042403 -5.57498e-11
8.250000 0.175000 7.0640752555759e-05 -2.20668e-12 -0.001597353469169 -4.2033e-13
8.350000 0.175000 6.7169749657798e-05 -6.04086e-11 -0.0015472204989136 -6.54006e-11
8.450000 0.175000 6.3916122106722e-05 6.98233e-11 -0.001499396002703 7.40684e-11
8.550000 0.175000 6.0862888802595e-05 -2.98628e-11 -0.0014537321069169 -2.94822e-11
8.650000 0.175000 5.7994725623592e-05 -1.75338e-11 -0.0014100940164547 -1.58782e-11
8.750000 0.175000 5.529776046336e-05 -2.13389e-11 -0.001368358414999 -2.41032e-11
8.850000 0.175000 5.2759400698285e-05 5.09006e-11 -0.0013284121291014 5.74853e-11
7.700000 0.200000 9.5873132372658e-05 -6.44116e-11 -0.0019203491539265 -6.62084e-11
7.800000 0.200000 9.0663084188291e-05 -6.56923e-11 -0.0018531135883397 -6.79425e-11
7.900000 0.200000 8.5826300900465e-05 -1.0973e-11 -0.0017895133588261 -1.27611e-11
8.000000 0.200000 8.1327200545534e-05 -2.1634e-11 -0.001729247959198 -2.04354e-11
8.100000 0.200000 7.7134856259488e-05 1.55497e-11 -0.0016720553145744 1.63339e-11
8.200000 0.200000 7.3222155339454e-05 -5.86218e-11 -0.0016177045590426 -6.03875e-11
8.300000 0.200000 6.9565158063124e-05 2.46645e-11 -0.0015659906037576 2.37277e-11
8.400000 0.200000 6.6142598345011e-05 1.08835e-10 -0.001516729966784 1.19209e-10
8.500000 0.200000 6.2935487598043e-05 -1.42018e-10 -0.001469757506127 -1.50765e-10
8.600000 0.200000 5.992679536571e-05 -5.77105e-11 -0.001424923815572 -5.66009e-11
8.700000 0.200000 5.7101188195143e-05 -4.81148e-12 -0.0013820931173629 -3.608e-12
8.800000 0.200000 5.4444813483083e-05 3.66823e-11 -0.0013411415338742 4.41899e-11
8.900000 0.200000 5.1945118605754e-05 -5.95679e-12 -0.0013019556530048 3.28504e-12
7.750000 0.225000 9.4579684011389e-05 4.73298e-11 -0.0018829557782982 5.09692e-11
7.850000 0.225000 8.9415359541239e-05 7.05223e-11 -0.0018165917620623 7.45654e-11
7.950000 0.225000 8.4625555157215e-05 -1.6116e-11 -0.0017538813575873 -1.82949e-11
8.050000 0.225000 8.0173749592264e-05 -6.83158e-11 -0.001694512752491 -7.24574e-11
8.150000 0.225000 7.6028346903385e-05 1.36562e-11 -0.0016382154593715 1.4051e-11
8.250000 0.225000 7.2161761962775e-05 5.88779e-11 -0.0015847523561 6.80257e-11
8.350000 0.225000 6.8549726820292e-05 -1.5439e-11 -0.0015339137239684 -1.8056e-11
8.450000 0.225000 6.5170753455077e-05 -1.34945e-11 -0.0014855126882729 -1.32212e-11
8.550000 0.225000 6.2005709949259e-05 3.24791e-11 -0.0014393816604219 3.77889e-11
8.650000 0.225000 5.9037480708058e-05 -6.99463e-12 -0.0013953695147032 -7.8606e-12
8.750000 0.225000 5.6250690168213e-05 1.40822e-11 -0.001353339314491 1.05986e-11
8.850000 0.225000 5.3631475305667e-05 3.02767e-11 -0.0013131664563954 3.39974e-11
8.950000 0.225000 5.1167296245129e-05 -3.06677e-11 -0.0012747371372932 -3.59819e-11
7.800000 0.250000 9.3360670587673e-05 -8.46831e-11 -0.001844810230973 -9.62384e-11
7.900000 0.250000 8.8235921397343e-05 -9.68958e-12 -0.0017793051198932 -6.92513e-12
8.000000 0.250000 8.3487413929347e-05 -6.70828e-11 -0.0017174732048859 -7.39071e-11
8.100000 0.250000 7.9077665801939e-05 -3.19729e-11 -0.0016589915087799 -3.39591e-11
8.200000 0.250000 7.4974385868249e-05 -2.63389e-11 -0.0016035811793253 -2.82148e-11
8.300000 0.250000 7.1149488581958e-05 -2.68394e-11 -0.0015509988253343 -2.91334e-11
8.400000 0.250000 6.7578349431518e-05 -2.4893e-11 -0.0015010300491463 -2.39413e-11
8.500000 0.250000 6.4239230732004e-05 -8.65716e-11 -0.0014534845117633 -9.57212e-11
8.600000 0.250000 6.1112830676693e-05 -7.61493e-11 -0.00140819209372 -8.56946e-11
8.700000 0.250000 5.8181923462093e-05 -3.90954e-11 -0.0013649998593139 -4.55957e-11
8.800000 0.250000 5.5431067986109e-05 -1.5612e-12 -0.0013237696207089 -2.56062e-12
8.900000 0.250000 5.2846369066751e-05 -7.75515e-11 -0.0012843759574548 -8.34124e-11
9.000000 0.250000 5.0415279513412e-05 -2.4468e-11 -0.0012467045870171 -3.44649e-11
7.850000 0.275000 9.2191259916997e-05 -1.1907e-10 -0.0018057515933155 -1.26176e-10
7.950000 0.275000 8.7101835545455e-05 -3.51554e-11 -0.0017411079599438 -3.6928e-11
8.050000 0.275000 8.2390657591749e-05 3.63927e-11 -0.0016801568256872 3.82938e-11
8.150000 0.275000 7.8019281971734e-05 1.33735e-11 -0.001622564379626 1.77549e-11
8.250000 0.275000 7.3954714686788e-05 -2.90561e-11 -0.0015680436156917 -3.58491e-11
8.350000 0.275000 7.0168357863261e-05 -4.93472e-12 -0.0015163450046546 -9.76064e-12
8.450000 0.275000 6.663521610917e-05 -3.69025e-11 -0.0014672495459505 -3.11025e-11
8.550000 0.275000 6.3333286578454e-05 3.56886e-11 -0.0014205634737805 4.89302e-11
8.650000 0.275000 6.0243081714988e-05 -2.3177e-12 -0.0013761141486593 -2.24065e-12
8.750000 0.275000 5.7347249812629e-05 -2.27733e-11 -0.0013337468175562 -1.62113e-11
8.850000 0.275000 5.4630269039829e-05 -8.92775e-12 -0.0012933220219243 -2.21942e-11
8.950000 0.275000 5.2078197574026e-05 -6.13087e-12 -0.0012547134968907 -1.30504e-11
9.050000 0.275000 4.9678467249664e-05 -6.91016e-11 -0.0012178064483617 -8.28679e-11
7.900000 0.300000 9.1047356540805e-05 -9.57043e-11 -0.0017656263089172 -1.19334e-10
8.000000 0.300000 8.5990783571159e-05 -1.26825e-11 -0.0017018607443141 -7.17426e-13
8.100000 0.300000 8.1314579576443e-05 2.0309e-11 -0.0016418052948092 1.20491e-11
8.200000 0.300000 7.6979356535118e-05 3.99604e-11 -0.0015851158058663 3.30154e-11
8.300000 0.300000 7.2951426029401e-05 1.23375e-10 -0.0015314974679905 1.26789e-10
8.400000 0.300000 6.9201680031763e-05 -2.28133e-11 -0.001480694868762 -3.81644e-11
8.500000 0.300000 6.57047502927e-05 -3.71674e-11 -0.0014324845889968 -2.85363e-11
8.600000 0.300000 6.2438364140583e-05 -1.91107e-11 -0.0013866695684996 -4.3161e-11
8.700000 0.300000 5.9382841932795e-05 -7.31846e-11 -0.0013430747419233 -7.80267e-11
8.800000 0.300000 5.6520698755977e-05 -1.26161e-10 -0.0013015436048072 -9.91629e-11
8.900000 0.300000 5.3836324264873e-05 4.06055e-11 -0.0012619354728818 2.80087e-11
9.000000 0.300000 5.1315722068076e-05 -3.48335e-11 -0.0012241232663815 -1.67011e-11
9.100000 0.300000 4.8946295181974e-05 -5.54001e-12 -0.0011879916977919 -2.0064e-11
7.950000 0.325000 8.9905426001305e-05 1.17854e-11 -0.0017242869022531 9.14235e-12
8.050000 0.325000 8.4880917979163e-05 4.60582e-11 -0.0016614290985089 2.71267e-11
8.150000 0.325000 8.023886696817e-05 6.26671e-11 -0.0016022960660745 7.87409e-11
8.250000 0.325000 7.5938975278324e-05 -4.21803e-11 -0.0015465339348981 -8.00271e-12
8.350000 0.325000 7.1946882994147e-05 -8.28622e-11 -0.001493840566644 9.84235e-12
8.450000 0.325000 6.8232986826364e-05 -3.75369e-11 -0.0014439550300934 -5.14635e-11
8.550000 0.325000 6.4771554871068e-05 3.10485e-11 -0.0013966497679696 1.01079e-11
8.650000 0.325000 6.1540049810337e-05 4.45427e-11 -0.0013517246428 -2.15903e-11
8.750000 0.325000 5.851860226357e-05 1.38722e-10 -0.0013090023321966 4.26306e-11
8.850000 0.325000 5.5689594488121e-05 1.61912e-10 -0.0012683247120526 1.97351e-11
8.950000 0.325000 5.3037326656341e-05 -1.32433e-10 -0.0012295499755994 -1.63021e-11
9.050000 0.325000 5.0547745947022e-05 -1.28587e-10 -0.0011925503092758 -3.52487e-11
9.150000 0.325000 4.820822413389e-05 -1.45627e-10 -0.001157209996026 8.82927e-12
8.000000 0.350000 8.8742354145284e-05 -5.85221e-12 -0.0016815910667279 -4.68798e-11
8.100000 0.350000 8.375074610117e-05 5.18192e-11 -0.0016196831195695 -9.54414e-12
8.200000 0.350000 7.914350487546e-05 -2.43237e-10 -0.0015615104609141 -4.20399e-11
8.300000 0.350000 7.4879472779164e-05 -1.1941e-10 -0.0015067102587009 -7.46343e-11
8.400000 0.350000 7.0923654812988e-05 -6.50837e-11 -0.0014549736345731 -1.37351e-10
8.500000 0.350000 6.7245979160534e-05 8.84655e-11 -0.0014060346027728 2.17748e-11
8.600000 0.350000 6.3820369889185e-05 5.43686e-11 -0.001359661836406 4.66471e-12
8.700000 0.350000 6.0624039414577e-05 9.32102e-11 -0.0013156524153785 -1.81244e-11
8.800000 0.350000 5.7636939116415e-05 3.30282e-10 -0.0012738269975394 -7.87548e-12
8.900000 0.350000 5.4841326043068e-05 -1.2429e-10 -0.0012340260314588 5.97278e-12
9.000000 0.350000 5.2221416365014e-05 -1.84427e-10 -0.0011961067447269 3.06832e-11
9.100000 0.350000 4.9763104708406e-05 -1.48569e-10 -0.0011599407186796 9.48662e-11
9.200000 0.350000 4.7453734264288e-05 -3.75633e-10 -0.001125411912922 -8.64868e-11
8.050000 0.375000 8.7535336359143e-05 2.67821e-10 -0.0016374010815141 5.01519e-11
8.150000 0.375000 8.2579039012926e-05 3.8985e-10 -0.0015764969648244 9.41681e-11
8.250000 0.375000 7.8008701826178e-05 4.17982e-10 -0.0015193333982276 2.46039e-11
8.350000 0.375000 7.3782371652725e-05 3.96541e-10 -0.0014655394611947 3.90665e-11
8.450000 0.375000 6.9864467809489e-05 -2.57723e-10 -0.0014148002317494 -9.14211e-11
8.550000 0.375000 6.6224488077185e-05 -2.21638e-10 -0.0013668452276465 2.39725e-11
8.650000 0.375000 6.2836042146667e-05 -3.49965e-10 -0.0013214398033216 -1.8439e-11
8.750000 0.375000 5.9676115393827e-05 -3.87008e-10 -0.001278378623389 -7.66176e-11
8.850000 0.375000 5.6724498259808e-05 -2.40612e-10 -0.0012374806273706 -6.45117e-11
8.950000 0.375000 5.3963337066327e-05 3.03246e-11 -0.0011985850856025 1.0921e-10
9.050000 0.375000 5.1376775473921e-05 4.71564e-11 -0.0011615484672139 1.14589e-10
9.150000 0.375000 4.8950664700299e-05 4.12795e-10 -0.001126241921844 3.38179e-11
9.250000 0.375000 4.6672326667961e-05 5.1299e-10 -0.0010925492317606 3.70355e-11
8.100000 0.400000 8.6261795055446e-05 -3.33573e-10 -0.0015915835352705 7.75462e-11
8.200000 0.400000 8.1344765060827e-05 -2.98153e-10 -0.0015317487078365 -8.82301e-11
8.300000 0.400000 7.6814837018652e-05 -4.01718e-10 -0.0014756533591595 -1.85668e-10
8.400000 0.400000 7.2629341652904e-05 -2.21727e-10 -0.0014229194733254 -1.25263e-10
8.500000 0.400000 6.8752174805015e-05 -5.22196e-10 -0.0013732268847991 -1.11992e-10
8.600000 0.400000 6.5152453101715e-05 -1.65235e-10 -0.0013263012632503 -1.2794e-11
8.700000 0.400000 6.1803511177174e-05 2.30324e-10 -0.0012819051745738 6.89685e-11
8.800000 0.400000 5.8682139001468e-05 6.80824e-10 -0.0012398313050132 7.49537e-11
8.900000 0.400000 5.5767991721869e-05 1.32674e-09 -0.0011998972385488 6.61921e-11
9.000000 0.400000 5.3043125896764e-05 1.43356e-09 -0.001161941370592 3.82562e-11
9.100000 0.400000 5.049162997558e-05 2.19267e-10 -0.0011258196670402 4.67115e-12
9.200000 0.400000 4.8099326183742e-05 -1.60099e-11 -0.0010914030619176 -5.07048e-11
9.300000 0.400000 4.5853527297858e-05 -1.04363e-10 -0.0010585753441567 4.30915e-11
8.150000 0.425000 8.4899329237764e-05 -1.05628e-06 -0.00154400935089 -0.0682521
8.250000 0.425000 8.0027052504571e-05 5.68541e-10 -0.0014853204609227 -1.05903e-10
8.350000 0.425000 7.5542433915074e-05 -7.46216e-11 -0.0014303625910255 -3.49136e-11
8.450000 0.425000 7.1402182169889e-05 8.39332e-10 -0.0013787517434254 1.9899e-11
8.550000 0.425000 6.7569744499102e-05 8.48939e-10 -0.0013301634115469 8.65674e-11
8.650000 0.425000 6.401391656424e-05 1.12052e-09 -0.001284320154309 1.99961e-10
8.750000 0.425000 6.0707806825418e-05 1.01246e-09 -0.0012409823567435 8.60332e-11
8.850000 0.425000 5.762804993778e-05 1.01312e-09 -0.0011999412315574 2.56708e-10
8.950000 0.425000 5.4754198940422e-05 7.0281e-10 -0.0011610134296635 2.73066e-10
9.050000 0.425000 5.2068248329528e-05 -6.77289e-10 -0.0011240368275003 -1.04993e-10
9.150000 0.425000 4.9554254638145e-05 -8.52894e-10 -0.0010888671895374 -9.49778e-11
9.250000 0.425000 4.7198030818303e-05 -1.13558e-09 -0.0010553754915885 -4.68716e-11
9.350000 0.425000 4.4986897296541e-05 -9.76143e-10 -0.0010234457500174 -6.52349e-11
8.200000 0.450000 8.3425688870437e-05 -1.99438e-10 -0.0014945541201044 -4.79237e-11
8.300000 0.450000 7.8605171927106e-05 4.67644e-10 -0.0014370987775658 2.51372e-11
8.400000 0.450000 7.4172148639547e-05 7.92453e-10 -0.0013833575653919 1.73777e-10
8.500000 0.450000 7.0082815115764e-05 9.5271e-10 -0.001332941739626 1.02787e-10
8.600000 0.450000 6.6300257995015e-05 4.14754e-10 -0.0012855234584841 4.53477e-11
8.700000 0.450000 6.2793023554569e-05 1.24099e-10 -0.0012408229965019 1.5813e-10
8.800000 0.450000 5.9534052872835e-05 -4.46375e-10 -0.0011985992427266 -5.78739e-11
8.900000 0.450000 5.6499874014253e-05 -6.30625e-10 -0.0011586425084487 2.05641e-11
9.000000 0.450000 5.3669978623408e-05 -9.42375e-10 -0.001120768992907 -1.28141e-10
9.100000 0.450000 5.102633341502e-05 -1.65039e-09 -0.001084816461328 -3.45819e-10
9.200000 0.450000 4.8552992076346e-05 -1.07573e-09 -0.0010506408242783 -1.50677e-11
9.300000 0.450000 4.6235783102589e-05 -1.24314e-09 -0.00101811339726 -4.29405e-10
9.400000 0.450000 4.4062055884915e-05 -1.09305e-09 -0.00098711868080012 -4.07147e-10
8.250000 0.475000 8.1818767755818e-05 1.31583e-09 -0.0014430987712272 1.49269e-12
8.350000 0.475000 7.7058536059045e-05 1.75536e-09 -0.0013869753599977 3.58747e-10
8.450000 0.475000 7.2684776261969e-05 1.73729e-09 -0.0013345397164367 4.82933e-10
8.550000 0.475000 6.8653297346949e-05 1.42068e-09 -0.0012853997109799 5.25024e-10
8.650000 0.475000 6.4926926957577e-05 5.40378e-10 -0.0012392252779843 2.95688e-10
8.750000 0.475000 6.1474045151181e-05 8.75751e-11 -0.0011957353242467 2.81523e-10
8.850000 0.475000 5.8267494371195e-05 -1.33183e-09 -0.0011546880054956 -1.89028e-10
8.950000 0.475000 5.528375342639e-05 -2.58202e-09 -0.0011158733711764 -4.60834e-10
9.050000 0.475000 5.2502300771008e-05 -2.76646e-09 -0.0010791077090569 -4.49148e-10
9.150000 0.475000 4.9905116166535e-05 -3.03457e-09 -0.0010442291324345 -6.59048e-10
9.250000 0.475000 4.7476285281622e-05 -2.03363e-09 -0.0010110940908332 -6.27574e-10
9.350000 0.475000 4.5201682087723e-05 -1.098e-09 -0.00097957457738473 -4.15487e-10
9.450000 0.475000 4.3068710896391e-05 2.02869e-09 -0.00094955586901369 9.67053e-11
8.300000 0.500000 8.0056638393709e-05 1.38241e-09 -0.0013895306082516 4.06281e-10
8.400000 0.500000 7.53667396055e-05 9.80066e-10 -0.0013348481106773 6.21937e-10
8.500000 0.500000 7.1061294410136e-05 1.61104e-09 -0.0012838164980958 9.09646e-10
8.600000 0.500000 6.709586679233e-05 1.04463e-09 -0.00123604174513 3.4941e-10
8.700000 0.500000 6.3433140986428e-05 -7.0476e-10 -0.0011911927823005 9.00846e-12
8.800000 0.500000 6.0041425865314e-05 -1.62749e-09 -0.0011489881575999 -3.62331e-10
8.900000 0.500000 5.6893544171753e-05 -1.76756e-09 -0.0011091861351371 -5.10917e-10
9.000000 0.500000 5.3965991670216e-05 -1.55851e-09 -0.001071577210241 -7.17737e-10
9.100000 0.500000 5.1238289720977e-05 -5.61743e-10 -0.0010359783585603 -5.63147e-10
9.200000 0.500000 4.8692479115902e-05 2.2578e-09 -0.0010022285523594 -1.05939e-10
9.300000 0.500000 4.6312718857226e-05 4.19586e-09 -0.00097018521823853 3.19939e-10
9.400000 0.500000 4.4084964160447e-05 5.87575e-09 -0.00093972140476246 5.96762e-10
9.500000 0.500000 4.1996705191894e-05 4.32503e-09 -0.00091072349273221 3.22696e-10
8.350000 0.525000 7.8117622874851e-05 -1.95582e-09 -0.0013337447788547 -2.13177e-10
8.450000 0.525000 7.3509629060332e-05 -1.46019e-09 -0.0012806225824315 2.93099e-10
8.550000 0.525000 6.928293117348e-05 -2.2094e-10 -0.0012311028129362 4.98189e-10
8.650000 0.525000 6.5393008122917e-05 8.76042e-10 -0.0011847911736286 9.51694e-11
8.750000 0.525000 6.1802531446697e-05 2.92077e-09 -0.0011413569235875 2.57249e-10
8.850000 0.525000 5.8479846894031e-05 5.6609e-09 -0.0011005193557051 8.80838e-10
8.950000 0.525000 5.5397847666774e-05 7.67242e-09 -0.0010620377648114 9.56971e-10
9.050000 0.525000 5.2533122234166e-05 1.6155e-10 -0.0010257038690218 3.74139e-10
9.150000 0.525000 4.986529883472e-05 -2.35323e-12 -0.00099133599095596 3.32362e-11
9.250000 0.525000 4.7376533572049e-05 -2.96141e-11 -0.00095877452464866 8.6247e-11
9.350000 0.525000 4.5051105143369e-05 -3.08118e-10 -0.000927878357247 -3.7326e-10
9.450000 0.525000 4.2875090006122e-05 4.73451e-09 -0.00089852201036392 -4.01083e-10
9.550000 0.525000 4.0836099102404e-05 -2.64606e-10 -0.0008705933312585 -1.01957e-10
8.400000 0.550000 7.5980403122504e-05 6.47703e-09 -0.0012756462491034 -8.90408e-10
8.500000 0.550000 7.1467415694517e-05 1.9867e-08 -0.0012242139010932 2.64044e-09
8.600000 0.550000 6.7331282873566e-05 3.06708e-08 -0.0011763228832536 4.81819e-09
8.700000 0.550000 6.3527576720081e-05 3.74477e-08 -0.0011315803922435 5.5642e-09
8.800000 0.550000 6.0019101540172e-05 4.35443e-10 -0.0010896574643187 7.35208e-09
8.900000 0.550000 5.6774359993844e-05 -1.6158e-10 -0.0010502753383251 -1.39737e-10
9.000000 0.550000 5.3766415891273e-05 2.68341e-10 -0.0010131953445056 3.82522e-10
9.100000 0.550000 5.0972034884792e-05 -7.83593e-11 -0.00097821127090495 -1.97495e-10
9.200000 0.550000 4.8371024063314e-05 -4.29171e-10 -0.00094514350657874 -5.30951e-10
9.300000 0.550000 4.5945716666665e-05 -1.8679e-10 -0.00091383448236842 -2.38406e-10
9.400000 0.550000 4.3680564523838e-05 3.21187e-10 -0.00088414507489001 -2.49991e-11
9.500000 0.550000 4.1561811713197e-05 1.39912e-10 -0.00085595173618589 -4.22933e-10
9.600000 0.550000 3.9577230338566e-05 8.19146e-11 -0.00082914417751002 -8.1348e-11
8.700000 0.050000 5.5113010566846e-05 -1.502e-11 -0.0014089459633556 -1.44229e-11
8.800000 0.050000 5.2620249670204e-05 2.39107e-11 -0.0013685179276714 2.35405e-11
8.900000 0.050000 5.0268471812197e-05 -8.96048e-11 -0.0013297376186351 -9.02118e-11
9.000000 0.050000 4.8048085878737e-05 -5.04028e-11 -0.0012925170835335 -5.07785e-11
9.100000 0.050000 4.5950265972943e-05 -8.17499e-11 -0.00125677424271 -8.07674e-11
9.200000 0.050000 4.3966880987259e-05 5.00283e-11 -0.0012224324122711 4.94826e-11
9.300000 0.050000 4.2090431581887e-05 1.76718e-11 -0.0011894198732807 1.65532e-11
9.400000 0.050000 4.0313993682284e-05 0.0479471 -0.0011576694820473 0.0537759
9.500000 0.050000 3.8631167730061e-05 3.5142e-11 -0.0011271183168575 3.50489e-11
9.600000 0.050000 3.7036033023642e-05 2.33117e-11 -0.0010977073571252 2.32747e-11
9.700000 0.050000 3.5523106572101e-05 7.27587e-11 -0.0010693811914598 7.1676e-11
9.800000 0.050000 3.4087305959065e-05 2.30501e-11 -0.0010420877515934 2.38806e-11
9.900000 0.050000 3.2723915776808e-05 6.05165e-11 -0.0010157780694889 6.01291e-11
10.000000 0.050000 3.1428557244783e-05 4.97203e-11 -0.00099040605527257 5.06154e-11
10.100000 0.050000 3.0197160673438e-05 -4.31022e-11 -0.00096592829390971 -4.38616e-11
10.200000 0.050000 2.9025940474574e-05 1.10393e-10 -0.00094230385878776 1.10162e-10
10.300000 0.050000 2.791137245443e-05 1.77867e-11 -0.00091949414057212 1.76016e-11
10.400000 0.050000 2.6850173156214e-05 1.38871e-11 -0.00089746268988866 1.34928e-11
10.500000 0.050000 2.5839281045159e-05 -1.70499e-10 -0.0008761750725374 -1.69744e-10
10.600000 0.050000 2.4875839352495e-05 4.84928e-11 -0.00085559873608498 4.97331e-11
8.750000 0.075000 5.401557238017e-05 3.56399e-11 -0.0013863344553011 3.57355e-11
8.850000 0.075000 5.1581316387823e-05 9.24016e-12 -0.0013467004681501 9.17066e-12
8.950000 0.075000 4.9284373330773e-05 -1.24794e-11 -0.0013086785926739 -1.34219e-11
9.050000 0.075000 4.711540743768e-05 1.19018e-10 -0.0012721826572526 1.19441e-10
9.150000 0.075000 4.5065830182152e-05 -6.81837e-11 -0.001237132290718 -6.83387e-11
9.250000 0.075000 4.3127730811842e-05 -1.29563e-11 -0.0012034524414904 -1.33393e-11
9.350000 0.075000 4.129381434307e-05 4.38418e-11 -0.0011710729454087 4.46972e-11
9.450000 0.075000 3.955734609071e-05 -1.29772e-11 -0.001139928136222 -1.40146e-11
9.550000 0.075000 3.7912101938917e-05 -1.18683e-12 -0.001109956493636 -2.25442e-12
9.650000 0.075000 3.6352323670131e-05 -3.05704e-11 -0.0010811003245372 -3.25702e-11
9.750000 0.075000 3.4872678763914e-05 -2.78926e-11 -0.0010533054736487 -2.52951e-11
9.850000 0.075000 3.3468224155498e-05 -6.63958e-12 -0.0010265210603685 -4.89409e-12
9.950000 0.075000 3.2134373510698e-05 -1.60396e-10 -0.0010006992389755 -1.60718e-10
10.050000 0.075000 3.0866867630145e-05 -6.67717e-11 -0.00097579497974346 -6.73488e-11
10.150000 0.075000 2.9661747644318e-05 -4.79394e-12 -0.00095176586881394 -3.58713e-12
10.250000 0.075000 2.8515330702095e-05 2.93271e-11 -0.00092857192493405 2.82865e-11
10.350000 0.075000 2.7424187891319e-05 -3.8519e-11 -0.00090617543139333 -3.6229e-11
10.450000 0.075000 2.6385124160605e-05 9.45252e-11 -0.00088454078168162 9.43927e-11
10.550000 0.075000 2.5395160038544e-05 -7.34992e-11 -0.00086363433756292 -7.48104e-11
10.650000 0.075000 2.4451514969512e-05 1.36848e-11 -0.00084342429839787 1.43945e-11
8.800000 0.100000 5.3002733269314e-05 -4.00671e-11 -0.0013631973861231 -4.03704e-11
8.900000 0.100000 5.0620785355502e-05 -6.45151e-12 -0.001324330344478 -7.9281e-12
9.000000 0.100000 4.8373002267539e-05 -4.79885e-11 -0.0012870434620546 -4.94844e-11
9.100000 0.100000 4.6250252196099e-05 -3.0056e-11 -0.001251251943806 -3.17315e-11
9.200000 0.100000 4.4244138503918e-05 3.10467e-11 -0.0012168767711265 3.11373e-11
9.300000 0.100000 4.2346930427958e-05 3.83228e-11 -0.0011838442107957 3.81988e-11
9.400000 0.100000 4.0551501425346e-05 3.8044e-12 -0.0011520853758396 5.10492e-12
9.500000 0.100000 3.8851274169793e-05 4.77732e-11 -0.0011215358314793 4.78805e-11
9.600000 0.100000 3.7240171358316e-05 4.53522e-11 -0.0010921352404378 4.6212e-11
9.700000 0.100000 3.5712571613667e-05 8.5747e-12 -0.0010638270427822 4.10394e-12
9.800000 0.100000 3.4263269870831e-05 6.62751e-11 -0.0010365581661946 6.86562e-11
9.900000 0.100000 3.2887441721605e-05 7.63095e-11 -0.0010102787631636 7.609e-11
10.000000 0.100000 3.1580611262818e-05 5.26079e-11 -0.00098494197207879 5.20278e-11
10.100000 0.100000 3.0338622053938e-05 -5.60818e-11 -0.00096050369961463 -5.60496e-11
10.200000 0.100000 2.9157610840677e-05 8.37121e-11 -0.00093692242213479 8.5996e-11
10.300000 0.100000 2.8033983744734e-05 -3.94427e-11 -0.0009141590041381 -4.04181e-11
10.400000 0.100000 2.6964394656621e-05 -7.39786e-11 -0.00089217653200809 -7.63676e-11
10.500000 0.100000 2.5945725600555e-05 -1.70516e-10 -0.00087094016154128 -1.736e-10
10.600000 0.100000 2.4975068867695e-05 -3.92453e-11 -0.00085041697790674 -3.6255e-11
10.700000 0.100000 2.4049710737826e-05 1.62814e-12 -0.00083057586684376 3.11706e-12
8.850000 0.125000 5.2064064873514e-05 6.91713e-11 -0.0013394863955109 6.87337e-11
8.950000 0.125000 4.9729020818785e-05 4.01739e-11 -0.0013013650810634 4.28867e-11
9.050000 0.125000 4.7525440369434e-05 -1.69198e-13 -0.0012647949900572 -1.13975e-12
9.150000 0.125000 4.5444352972668e-05 -1.97853e-11 -0.001229692378911 -2.1436e-11
9.250000 0.125000 4.3477515879603e-05 2.4086e-11 -0.0011959792938298 2.44078e-11
9.350000 0.125000 4.1617344428065e-05 -4.35698e-11 -0.0011635830647488 -4.39204e-11
9.450000 0.125000 3.9856850231919e-05 -1.94242e-11 -0.0011324358551198 -1.84559e-11
9.550000 0.125000 3.8189586206681e-05 8.09044e-11 -0.0011024742597813 8.3309e-11
9.650000 0.125000 3.6609597535072e-05 -3.23543e-11 -0.0010736389444935 -3.39166e-11
9.750000 0.125000 3.5111377816208e-05 -7.7881e-11 -0.0010458743217703 -7.88312e-11
9.850000 0.125000 3.3689829756308e-05 -2.62801e-11 -0.0010191282584961 -2.53704e-11
9.950000 0.125000 3.2340229852612e-05 -3.35485e-11 -0.00099335181149975 -3.56077e-11
10.050000 0.125000 3.1058196599731e-05 1.23409e-11 -0.00096849898781981 1.0942e-11
10.150000 0.125000 2.9839661812296e-05 -1.13262e-10 -0.00094452652685969 -1.15662e-10
10.250000 0.125000 2.8680844712221e-05 -6.48752e-11 -0.00092139370201584 -6.33724e-11
10.350000 0.125000 2.7578228474491e-05 -7.90679e-12 -0.00089906213968114 -6.17595e-12
10.450000 0.125000 2.6528538964529e-05 -2.15106e-11 -0.00087749565380059 -2.18805e-11
10.550000 0.125000 2.5528725433169e-05 -4.80398e-11 -0.00085666009438016 -5.07834e-11
10.650000 0.125000 2.4575942963993e-05 -1.41187e-11 -0.00083652320854943 -1.41565e-11
10.750000 0.125000 2.3667536492224e-05 1.91939e-10 -0.00081705451294171 1.95009e-10
8.900000 0.150000 5.118927650772e-05 4.62463e-11 -0.0013151535079701 4.65453e-11
9.000000 0.150000 4.8896474633006e-05 7.37065e-11 -0.001277762153128 7.87633e-11
9.100000 0.150000 4.6732815022518e-05 3.16491e-11 -0.0012418955320689 3.13041e-11
9.200000 0.150000 4.4689453052156e-05 1.0051e-10 -0.0012074706946955 1.05962e-10
9.300000 0.150000 4.2758268269839e-05 6.23479e-11 -0.0011744105223087 6.39423e-11
9.400000 0.150000 4.0931793814767e-05 -2.66032e-11 -0.0011426432031548 -3.04363e-11
9.500000 0.150000 3.9203154064322e-05 -9.83369e-12 -0.0011121017681842 -1.27569e-11
9.600000 0.150000 3.756600935335e-05 8.01739e-11 -0.0010827236782821 8.26289e-11
9.700000 0.150000 3.6014506805781e-05 -4.45333e-12 -0.0010544504557919 -5.61085e-12
9.800000 0.150000 3.4543236474963e-05 2.06779e-12 -0.0010272273543885 7.14651e-12
9.900000 0.150000 3.3147192114926e-05 4.03253e-11 -0.0010010030623338 3.875e-11
10.000000 0.150000 3.1821736007526e-05 8.07847e-11 -0.00097572943493615 8.16222e-11
10.100000 0.150000 3.0562567354665e-05 -6.31251e-12 -0.00095136125267616 -7.64766e-12
10.200000 0.150000 2.936569381443e-05 8.40575e-11 -0.00092785600197836 8.74947e-11
10.300000 0.150000 2.822740581812e-05 -1.31351e-10 -0.00090517367604548 -1.36395e-10
10.400000 0.150000 2.7144253353736e-05 -2.6239e-11 -0.00088327659352419 -2.24205e-11
10.500000 0.150000 2.6113024942698e-05 5.91834e-11 -0.00086212923307199 6.21526e-11
10.600000 0.150000 2.5130728571544e-05 1.91802e-11 -0.00084169808214477 1.74041e-11
10.700000 0.150000 2.419457437033e-05 1.76689e-11 -0.00082195149853961 1.68184e-11
10.800000 0.150000 2.3301958855046e-05 -1.0947e-10 -0.00080285958340458 -1.17272e-10
8.950000 0.175000 5.0368186628057e-05 4.54536e-11 -0.0012901510007452 4.77276e-11
9.050000 0.175000 4.8113665986055e-05 -1.41969e-11 -0.0012534789268846 -1.6747e-11
9.150000 0.175000 4.5986285738425e-05 -6.11864e-11 -0.0012183070343897 -6.0864e-11
9.250000 0.175000 4.3977298214046e-05 -3.44791e-11 -0.001184552966017 -3.6176e-11
9.350000 0.175000 4.2078679222597e-05 -2.42812e-11 -0.0011521402583642 -2.15092e-11
9.450000 0.175000 4.0283056282169e-05 7.35203e-11 -0.0011209977967276 7.72563e-11
9.550000 0.175000 3.8583645434589e-05 3.62712e-11 -0.0010910593347989 3.79148e-11
9.650000 0.175000 3.6974195403664e-05 -3.96319e-11 -0.0010622630694568 -3.60882e-11
9.750000 0.175000 3.5448938068527e-05 -2.72611e-11 -0.0010345512626901 -2.65961e-11
9.850000 0.175000 3.4002544397322e-05 -8.05243e-11 -0.0010078699041039 -8.02989e-11
9.950000 0.175000 3.263008512447e-05 -3.77738e-11 -0.00098216840856772 -3.79403e-11
10.050000 0.175000 3.1326995566865e-05 -6.63398e-11 -0.00095739934445788 -6.51157e-11
10.150000 0.175000 3.0089044065457e-05 5.46851e-11 -0.00093351818866493 5.70539e-11
10.250000 0.175000 2.8912303613543e-05 1.30448e-11 -0.0009104831051145 1.00671e-11
10.350000 0.175000 2.7793126295437e-05 5.60019e-12 -0.00088825474403661 2.64122e-13
10.450000 0.175000 2.6728120211024e-05 -6.47218e-11 -0.00086679605960716 -6.45315e-11
10.550000 0.175000 2.5714128605669e-05 4.3836e-12 -0.00084607214391639 2.92577e-12
10.650000 0.175000 2.4748210961991e-05 1.21427e-10 -0.00082605007549154 1.23466e-10
10.750000 0.175000 2.3827625841512e-05 1.12079e-11 -0.00080669878083349 7.93465e-12
10.850000 0.175000 2.2949815290713e-05 3.14321e-11 -0.0007879889076225 3.31161e-11
9.000000 0.200000 4.9590698130447e-05 -2.68219e-11 -0.0012644313245481 -2.23093e-11
9.100000 0.200000 4.7371163665882e-05 5.53776e-11 -0.0012284726406207 5.17196e-11
9.200000 0.200000 4.5277032175531e-05 -3.78946e-11 -0.0011939910645539 -4.58487e-11
9.300000 0.200000 4.3299629505828e-05 -4.36493e-11 -0.0011609046808806 -4.06126e-11
9.400000 0.200000 4.1431006570077e-05 -5.37093e-11 -0.001129137545097 -5.83191e-11
9.500000 0.200000 3.9663866148208e-05 -7.99139e-12 -0.0010986191164009 -7.14384e-12
9.600000 0.200000 3.799149865936e-05 -6.46467e-11 -0.0010692837600311 -6.33911e-11
9.700000 0.200000 3.6407725570273e-05 4.36708e-11 -0.001041070308437 4.79928e-11
9.800000 0.200000 3.4906849342318e-05 -4.55467e-11 -0.0010139216725363 -4.14824e-11
9.900000 0.200000 3.3483609008623e-05 1.78743e-11 -0.00098778449589003 1.53954e-11
10.000000 0.200000 3.2133140623819e-05 6.18847e-11 -0.00096260884587976 6.33285e-11
10.100000 0.200000 3.0850941949661e-05 9.16318e-11 -0.00093834793695487 9.89112e-11
10.200000 0.200000 2.9632840838333e-05 -3.41236e-11 -0.00091495788182109 -3.27192e-11
10.300000 0.200000 2.8474966855863e-05 -1.16733e-11 -0.00089239746708457 -1.09113e-11
10.400000 0.200000 2.7373725755023e-05 1.38067e-12 -0.00087062795039276 2.80542e-12
10.500000 0.200000 2.6325776462993e-05 8.76607e-11 -0.00084961287654588 9.71828e-11
10.600000 0.200000 2.5328010295703e-05 8.06567e-11 -0.00082931791041234 9.3739e-11
10.700000 0.200000 2.437753214958e-05 8.00762e-11 -0.00080971068477823 8.59209e-11
10.800000 0.200000 2.3471643453626e-05 4.49633e-11 -0.00079076066151212 5.09867e-11
10.900000 0.200000 2.2607826692039e-05 -2.04641e-11 -0.00077243900463574 -1.39628e-11
9.050000 0.225000 4.8846777044201e-05 -1.13405e-11 -0.0012379470743672 -1.24767e-12
9.150000 0.225000 4.6659570682118e-05 3.35477e-11 -0.0012027004259912 2.83744e-11
9.250000 0.225000 4.4596243691131e-05 -8.20566e-12 -0.0011689088739774 -4.35274e-12
9.350000 0.225000 4.2648176896024e-05 -1.67055e-11 -0.0011364908368872 -1.59215e-11
9.450000 0.225000 4.0807479489484e-05 -6.75964e-11 -0.0011053707908784 -7.3447e-11
9.550000 0.225000 3.9066914243235e-05 8.53745e-11 -0.0010754786796009 8.05521e-11
9.650000 0.225000 3.741983209074e-05 -5.33098e-11 -0.0010467493984687 -4.99623e-11
9.750000 0.225000 3.5860114652327e-05 -1.1442e-12 -0.0010191223415363 4.08895e-13
9.850000 0.225000 3.438212353449e-05 6.34504e-12 -0.0009925410014514 6.44462e-12
9.950000 0.225000 3.2980655440367e-05 1.37107e-11 -0.00096695261471133 2.41299e-11
10.050000 0.225000 3.1650902290697e-05 5.43997e-11 -0.00094230784581775 5.02789e-11
10.150000 0.225000 3.0388415685809e-05 6.08349e-11 -0.00091856050502558 6.68647e-11
10.250000 0.225000 2.9189075145386e-05 1.13741e-11 -0.00089566729525089 1.24466e-11
10.350000 0.225000 2.8049059650413e-05 -8.87401e-12 -0.0008735875844145 -1.15072e-11
10.450000 0.225000 2.6964822083348e-05 -1.12728e-10 -0.00085228320006807 -1.22835e-10
10.550000 0.225000 2.5933066221383e-05 1.54669e-11 -0.00083171824362576 1.4613e-11
10.650000 0.225000 2.4950725985394e-05 8.98415e-12 -0.00081185892190703 1.22675e-11
10.750000 0.225000 2.4014946687058e-05 1.36757e-10 -0.00079267339402228 1.44918e-10
10.850000 0.225000 2.3123068050326e-05 3.53645e-11 -0.0007741316319025 3.80869e-11
10.950000 0.225000 2.2272608812177e-05 7.78779e-11 -0.00075620529299602 8.37196e-11
9.100000 0.250000 4.8126434424018e-05 -7.48044e-11 -0.0012106510096386 -7.77882e-11
9.200000 0.250000 4.5969511228772e-05 2.87821e-11 -0.0011761193703518 3.65166e-11
9.300000 0.250000 4.3935110543273e-05 -1.69429e-11 -0.0011430214949091 -2.20197e-11
9.400000 0.250000 4.2014654018513e-05 1.90706e-11 -0.0011112760665209 2.31144e-11
9.500000 0.250000 4.0200296207038e-05 -2.25671e-11 -0.0010808079177353 -2.06448e-11
9.600000 0.250000 3.8484848088032e-05 -5.60609e-11 -0.0010515474173379 -5.89899e-11
9.700000 0.250000 3.6861710367199e-05 2.54918e-12 -0.0010234299363392 -9.45932e-12
9.800000 0.250000 3.5324815029958e-05 -1.10129e-10 -0.00099639538030086 -1.19748e-10
9.900000 0.250000 3.3868573908066e-05 -1.06498e-10 -0.00097038777771368 -1.14325e-10
10.000000 0.250000 3.2487833241096e-05 -5.7883e-11 -0.00094535491604928 -5.68572e-11
10.100000 0.250000 3.1177833391061e-05 -6.03178e-11 -0.00092124801861717 -4.55691e-11
10.200000 0.250000 2.993417301036e-05 0.0446932 -0.00089802145654119 0.0377437
10.300000 0.250000 2.87527770779e-05 -1.38303e-10 -0.00087563249112823 -1.32075e-10
10.400000 0.250000 2.762986830972e-05 -4.3884e-11 -0.0008540410426634 -5.13245e-11
10.500000 0.250000 2.6561941524135e-05 9.63387e-11 -0.00083320948229083 1.30137e-10
10.600000 0.250000 2.5545740601851e-05 -4.93781e-11 -0.00081310244414775 -4.87197e-11
10.700000 0.250000 2.4578237731913e-05 -3.47171e-11 -0.00079368665533259 -3.00282e-11
10.800000 0.250000 2.3656614677576e-05 4.45047e-11 -0.00077493078164212 6.395e-11
10.900000 0.250000 2.2778245832191e-05 6.05016e-11 -0.00075680528729149 6.90226e-11
11.000000 0.250000 2.1940682866052e-05 -9.59766e-12 -0.00073928230707898 3.26028e-12
9.150000 0.275000 4.7419711423086e-05 -6.82718e-11 -0.001182496124897 -6.94504e-11
9.250000 0.275000 4.5291620085886e-05 -5.38563e-11 -0.0011486866223986 -4.26577e-11
9.350000 0.275000 4.328481692877e-05 -7.71956e-11 -0.0011162898748109 -7.69571e-11
9.450000 0.275000 4.1390754274561e-05 -3.74119e-11 -0.0010852247950357 -3.82119e-11
9.550000 0.275000 3.9601622696807e-05 -1.58222e-11 -0.0010554165383467 -1.72318e-11
9.650000 0.275000 3.7910272812072e-05 -2.57623e-11 -0.0010267958666175 -2.00744e-11
9.750000 0.275000 3.631014724277e-05 5.14753e-11 -0.00099929859621877 5.92084e-11
9.850000 0.275000 3.4795221138548e-05 -2.76819e-11 -0.00097286511589525 -5.66684e-11
9.950000 0.275000 3.3359949949283e-05 8.03236e-11 -0.00094743996359871 6.40091e-11
10.050000 0.275000 3.1999223382965e-05 -1.46771e-11 -0.00092297145332464 -3.86748e-11
10.150000 0.275000 3.0708324670117e-05 -4.70091e-12 -0.00089941134462048 -3.32223e-11
10.250000 0.275000 2.948289440457e-05 -6.71549e-11 -0.00087671454872222 -1.09404e-10
10.350000 0.275000 2.8318898347626e-05 -9.19915e-11 -0.00085483886629673 -1.3485e-10
10.450000 0.275000 2.7212598678395e-05 -1.44649e-10 -0.0008337447525983 -1.63211e-10
10.550000 0.275000 2.6160528251809e-05 1.62069e-11 -0.0008133951065054 1.11451e-11
10.650000 0.275000 2.5159467491895e-05 3.37843e-11 -0.00079375508045886 4.93992e-11
10.750000 0.275000 2.4206423602188e-05 -5.5361e-11 -0.00077479190875951 -5.6027e-11
10.850000 0.275000 2.3298611820566e-05 2.70268e-11 -0.00075647475205929 8.4557e-11
10.950000 0.275000 2.2433438483369e-05 -6.20837e-13 -0.00073877455618227 2.44906e-11
11.050000 0.275000 2.1608485695306e-05 6.46074e-11 -0.00072166392366959 1.00671e-10
9.200000 0.300000 4.6716667617323e-05 -1.15878e-10 -0.0011534357737802 -1.4739e-10
9.300000 0.300000 4.4616534662683e-05 -2.14289e-11 -0.0011203595448466 -1.81559e-11
9.400000 0.300000 4.2636536219167e-05 -9.77454e-11 -0.001088675052516 -6.72316e-11
9.500000 0.300000 4.0768148844023e-05 2.67877e-11 -0.0010583014357226 2.57786e-11
9.600000 0.300000 3.9003593122337e-05 4.58062e-11 -0.0010291641667358 6.54821e-12
9.700000 0.300000 3.7335753707897e-05 5.09499e-11 -0.0010011943934476 1.71296e-12
9.800000 0.300000 3.5758109923158e-05 2.8528e-11 -0.00097432836972687 -4.26523e-11
9.900000 0.300000 3.4264675228163e-05 -6.72162e-11 -0.00094850695925298 -3.67371e-11
10.000000 0.300000 3.284994419026e-05 4.25042e-11 -0.00092367520110552 9.17849e-11
10.100000 0.300000 3.1508845834831e-05 -1.04907e-10 -0.00089978192760031 -7.00309e-11
10.200000 0.300000 3.0236702452912e-05 -8.39153e-11 -0.00087677942660632 -3.29079e-11
10.300000 0.300000 2.9029193098589e-05 -1.55993e-10 -0.00085462314194691 -1.22632e-10
10.400000 0.300000 2.7882321136721e-05 1.43261e-10 -0.00083327140659026 7.45549e-11
10.500000 0.300000 2.6792385304801e-05 5.29927e-11 -0.00081268520420702 -3.30285e-11
10.600000 0.300000 2.5755953836988e-05 7.22848e-11 -0.00079282795538834 -2.65714e-11
10.700000 0.300000 2.4769841266903e-05 1.14084e-10 -0.00077366532539445 3.68502e-11
10.800000 0.300000 2.3831087582169e-05 1.17573e-10 -0.00075516505077698 -8.5898e-12
10.900000 0.300000 2.2936939450672e-05 9.22549e-11 -0.00073729678261329 -6.7103e-11
11.000000 0.300000 2.2084833277351e-05 6.8978e-11 -0.00072003194440893 -7.24734e-11
11.100000 0.300000 2.1272379883499e-05 1.20458e-10 -0.00070334360300079 -3.43956e-11
9.250000 0.325000 4.6007373126629e-05 -2.02962e-11 -0.0011234238510658 1.72581e-11
9.350000 0.325000 4.3934890580391e-05 1.78203e-10 -0.0010910959194148 1.10919e-11
9.450000 0.325000 4.1981429599055e-05 4.24769e-11 -0.0010601383818475 -7.82259e-11
9.550000 0.325000 4.0138487949988e-05 -5.73748e-11 -0.0010304706285207 -6.85092e-11
9.650000 0.325000 3.839831323546e-05 -1.25873e-10 -0.0010020184687938 -6.69769e-11
9.750000 0.325000 3.6753821230461e-05 -2.94132e-10 -0.00097471345266647 -1.05426e-10
9.850000 0.325000 3.5198525169891e-05 5.97278e-11 -0.00094849228444699 6.56728e-11
9.950000 0.325000 3.3726474205441e-05 5.51544e-11 -0.00092329631322108 2.55812e-11
10.050000 0.325000 3.2332199592266e-05 1.02356e-10 -0.00089907108773214 8.63236e-11
10.150000 0.325000 3.1010667432576e-05 -7.76623e-12 -0.0008757659656422 -3.90981e-11
10.250000 0.325000 2.975723701415e-05 -1.54935e-10 -0.00085333376899105 5.9604e-11
10.350000 0.325000 2.8567623948989e-05 -2.53367e-10 -0.00083173047913084 -9.71778e-12
10.450000 0.325000 2.743786745074e-05 -4.00986e-10 -0.0008109149655714 -8.65243e-11
10.550000 0.325000 2.6364301197179e-05 -5.07629e-10 -0.00079084874410861 -9.71347e-11
10.650000 0.325000 2.5343527310997e-05 1.0142e-10 -0.00077149576035182 -8.24858e-11
10.750000 0.325000 2.4372393063948e-05 9.65442e-11 -0.00075282219538734 -1.27063e-10
10.850000 0.325000 2.3447969968047e-05 3.27422e-10 -0.00073479629080649 1.11025e-10
10.950000 0.325000 2.2567534966765e-05 2.51862e-10 -0.00071738819074429 -4.38665e-11
11.050000 0.325000 2.1728553479991e-05 3.18055e-10 -0.00070056979891288 -2.93632e-11
11.150000 0.325000 2.0928664090551e-05 4.9429e-10 -0.00068431464890008 8.1255e-11
9.300000 0.350000 4.5281906564911e-05 -3.42902e-10 -0.001092415039359 -4.77816e-11
9.400000 0.350000 4.323732263877e-05 -3.03393e-10 -0.0010608542110965 3.61329e-11
9.500000 0.350000 4.1310649270772e-05 -8.00815e-10 -0.0010306418099112 -6.97771e-11
9.600000 0.350000 3.9493405554726e-05 -6.25412e-10 -0.0010016975293149 3.68627e-12
9.700000 0.350000 3.777786600045e-05 -3.99893e-10 -0.00097394756002764 -5.12863e-11
9.800000 0.350000 3.6156977263114e-05 -4.52387e-10 -0.00094732389197452 -9.90921e-11
9.900000 0.350000 3.4624286172153e-05 -1.93917e-10 -0.00092176371240687 4.9025e-11
10.000000 0.350000 3.3173877203714e-05 3.23256e-11 -0.00089720888392822 -2.59175e-11
10.100000 0.350000 3.1800317899864e-05 1.55953e-10 -0.00087360548941378 2.09335e-10
10.200000 0.350000 3.049861101773e-05 2.82816e-10 -0.00085090343330792 -3.01086e-11
10.300000 0.350000 2.9264152411017e-05 3.87712e-10 -0.00082905609072607 1.56356e-10
10.400000 0.350000 2.8092693820803e-05 1.05296e-10 -0.00080801999733127 -6.5612e-12
10.500000 0.350000 2.6980309891519e-05 3.32465e-11 -0.00078775457417476 -1.43767e-11
10.600000 0.350000 2.5923368840525e-05 9.15057e-12 -0.00076822188267018 -1.3474e-10
10.700000 0.350000 2.4918506301255e-05 1.29319e-10 -0.00074938640566457 2.25946e-11
10.800000 0.350000 2.3962601934759e-05 -9.45741e-11 -0.00073121485120482 -1.45062e-10
10.900000 0.350000 2.3052758466166e-05 -1.31849e-10 -0.00071367597613135 -1.00359e-10
11.000000 0.350000 2.2186282851646e-05 3.66419e-11 -0.00069674042705307 1.07605e-10
11.100000 0.350000 2.1360669320184e-05 -8.14204e-11 -0.00068038059662242 6.89971e-11
11.200000 0.350000 2.0573584065321e-05 -3.94513e-10 -0.00066457049332077 -2.17427e-10
9.350000 0.375000 4.4530358440057e-05 2.32809e-10 -0.001060365129201 2.29305e-12
9.450000 0.375000 4.2514469256346e-05 3.59174e-10 -0.0010295939006532 2.11039e-11
9.550000 0.375000 4.0615343598167e-05 -1.13229e-10 -0.0010001482190598 3.5876e-11
9.650000 0.375000 3.8824525250925e-05 1.11723e-10 -0.00097194815890754 1.78045e-11
9.750000 0.375000 3.7134318466797e-05 7.20219e-10 -0.00094492035945067 3.29763e-11
9.850000 0.375000 3.5537703175988e-05 7.26687e-10 -0.00091899730897632 1.20398e-10
9.950000 0.375000 3.4028261832313e-05 9.5975e-11 -0.00089411672877514 -5.63616e-12
10.050000 0.375000 3.2600115965513e-05 -1.06072e-10 -0.00087022103987128 -4.32627e-11
10.150000 0.375000 3.1247870887437e-05 -3.53833e-10 -0.00084725689893038 -4.76292e-11
10.250000 0.375000 2.9966567291141e-05 -6.39538e-10 -0.00082517479237635 -5.65432e-11
10.350000 0.375000 2.8751638711487e-05 -9.30126e-10 -0.00080392867978997 2.86592e-11
10.450000 0.375000 2.7598873998162e-05 -1.37077e-09 -0.00078347567927186 -1.03e-10
10.550000 0.375000 2.6504384098231e-05 -1.35506e-09 -0.00076377578873268 7.77602e-11
10.650000 0.375000 2.5464572562751e-05 -1.00015e-09 -0.00074479163809978 1.2601e-10
10.750000 0.375000 2.44761092844e-05 -1.10874e-09 -0.00072648826825091 -6.1972e-11
10.850000 0.375000 2.3535907044198e-05 -9.90152e-10 -0.00070883293316032 4.77868e-11
10.950000 0.375000 2.2641100501612e-05 -1.03896e-09 -0.00069179492228695 -8.69598e-11
11.050000 0.375000 2.1789027315905e-05 -8.75293e-10 -0.00067534540068471 6.1817e-11
11.150000 0.375000 2.0977211142862e-05 -8.5353e-10 -0.00065945726468645 -4.09006e-13
11.250000 0.375000 2.0203346299514e-05 1.29267e-09 -0.00064410501131985 4.45177e-11
9.400000 0.400000 4.374283617985e-05 -4.03861e-10 -0.0010272314238774 -1.17983e-10
9.500000 0.400000 4.1756979026354e-05 -4.35386e-10 -0.00099727589656682 -8.07852e-11
9.600000 0.400000 3.9886665500521e-05 -6.20747e-10 -0.00096862184366389 -9.0312e-11
9.700000 0.400000 3.8123470518542e-05 -1.27326e-09 -0.00094118982264113 -1.13055e-10
9.800000 0.400000 3.6459733644519e-05 -1.10951e-09 -0.00091490701040109 8.74856e-12
9.900000 0.400000 3.4888472928392e-05 -8.39295e-10 -0.00088970647179802 -9.54454e-11
10.000000 0.400000 3.3403310685758e-05 -4.52452e-10 -0.00086552653110143 3.25242e-11
10.100000 0.400000 3.1998409225678e-05 -7.53018e-10 -0.0008423102287928 -1.55663e-10
10.200000 0.400000 3.066841492402e-05 -9.58138e-10 -0.00082000484959549 -1.96871e-10
10.300000 0.400000 2.9408409345363e-05 -8.24598e-10 -0.00079856151036042 -1.56033e-10
10.400000 0.400000 2.8213866355154e-05 -5.89057e-10 -0.00077793479855752 -8.94349e-11
10.500000 0.400000 2.7080614347292e-05 -2.1761e-10 -0.00075808245379641 -2.63307e-11
10.600000 0.400000 2.6004802851102e-05 4.40554e-10 -0.00073896508613577 -1.52105e-11
10.700000 0.400000 2.4982872893493e-05 7.49587e-10 -0.00072054592600263 3.38592e-11
10.800000 0.400000 2.4011530599754e-05 9.67644e-10 -0.00070279060140105 -1.3779e-11
10.900000 0.400000 2.3087723620886e-05 1.01029e-09 -0.00068566693878809 -1.39063e-10
11.000000 0.400000 2.2208620051067e-05 1.33912e-09 -0.00066914478455775 1.75131e-11
11.100000 0.400000 2.1371589537826e-05 1.42706e-09 -0.0006531958445453 7.91589e-14
11.200000 0.400000 2.0574186313889e-05 1.55286e-09 -0.0006377935393427 1.12857e-10
11.300000 0.400000 1.9814133913839e-05 1.44048e-09 -0.00062291287353954 -9.173e-11
9.450000 0.425000 4.2909477125967e-05 -1.13037e-09 -0.00099297324316589 -1.62589e-10
9.550000 0.425000 4.0955525866066e-05 -1.02983e-09 -0.00096386304045101 -1.53023e-10
9.650000 0.425000 3.9115789115826e-05 -2.4017e-10 -0.00093602877540656 -1.11222e-12
9.750000 0.425000 3.7381882293011e-05 -6.14453e-11 -0.00090939161408667 5.85478e-11
9.850000 0.425000 3.5746188479867e-05 -1.69959e-10 -0.00088387938137448 -8.75056e-11
9.950000 0.425000 3.4201771072074e-05 2.91622e-11 -0.00085942581602477 -5.75999e-11
10.050000 0.425000 3.2742298658873e-05 1.2044e-09 -0.00083596993149889 1.13724e-10
10.150000 0.425000 3.1361980084784e-05 1.10323e-09 -0.00081345546439722 3.70339e-11
10.250000 0.425000 3.00555080328e-05 1.12467e-09 -0.00079183039592586 1.30398e-10
10.350000 0.425000 2.8818009764445e-05 9.51912e-10 -0.00077104653465828 3.42544e-11
10.450000 0.425000 2.7645003900352e-05 9.79708e-10 -0.00075105915105431 1.78998e-11
10.550000 0.425000 2.6532362354439e-05 9.49787e-10 -0.00073182665593298 3.56074e-11
10.650000 0.425000 2.5476276718544e-05 9.73431e-10 -0.00071331031647548 1.45532e-10
10.750000 0.425000 2.4473228503536e-05 1.19506e-09 -0.00069547400443498 9.69547e-11
10.850000 0.425000 2.351996271117e-05 2.50737e-10 -0.00067828397211552 -1.32057e-10
10.950000 0.425000 2.261346428314e-05 -8.8753e-11 -0.00066170865240237 5.56729e-11
11.050000 0.425000 2.1750937049273e-05 -3.03312e-10 -0.00064571847971073 1.19697e-10
11.150000 0.425000 2.0929784860167e-05 -1.07782e-09 -0.00063028572920038 -8.1934e-11
11.250000 0.425000 2.0147594638125e-05 -1.09904e-09 -0.00061538437199989 9.61264e-11
11.350000 0.425000 1.9402121118289e-05 -1.46654e-09 -0.00060098994451156 -3.44762e-11
9.500000 0.450000 4.202047207919e-05 -1.81613e-10 -0.00095755254384654 -2.53072e-10
9.600000 0.450000 4.010083260182e-05 7.57987e-10 -0.00092932072329909 5.28205e-11
9.700000 0.450000 3.8293932974955e-05 1.32559e-09 -0.0009023375740131 4.65262e-11
9.800000 0.450000 3.6591441462466e-05 1.68316e-09 -0.00087652501922333 2.0648e-11
9.900000 0.450000 3.4985795686354e-05 2.14797e-09 -0.0008518116628167 9.8622e-11
10.000000 0.450000 3.3470114328624e-05 2.34703e-09 -0.00082813203342789 1.60507e-10
10.100000 0.450000 3.2038121233042e-05 1.08622e-09 -0.00080542593676256 6.14264e-11
10.200000 0.450000 3.0684079810224e-05 4.22941e-10 -0.0007836378974346 6.9136e-11
10.300000 0.450000 2.940273611029e-05 3.68934e-10 -0.00076271667536308 1.78346e-11
10.400000 0.450000 2.8189269228131e-05 6.80223e-11 -0.00074261484466987 -6.17522e-11
10.500000 0.450000 2.7039247910737e-05 5.35104e-10 -0.00072328842529679 -2.03349e-10
10.600000 0.450000 2.5948592422993e-05 8.57367e-10 -0.0007046965593433 2.80786e-10
10.700000 0.450000 2.4913540902361e-05 6.12677e-10 -0.00068680122554333 9.54278e-11
10.800000 0.450000 2.3930619572273e-05 3.17695e-10 -0.00066956698643498 1.62151e-10
10.900000 0.450000 2.2996616290089e-05 -9.41259e-10 -0.00065296076368637 5.76577e-11
11.000000 0.450000 2.2108556988773e-05 6.01199e-10 -0.00063695163777902 5.29103e-11
11.100000 0.450000 2.1263684638995e-05 7.04022e-10 -0.00062151066885229 -7.12523e-11
11.200000 0.450000 2.0459440414159e-05 -9.41864e-10 -0.00060661073600484 -1.36413e-10
11.300000 0.450000 1.969344678709e-05 -6.45099e-10 -0.00059222639275354 -2.34635e-11
11.400000 0.450000 1.8963492325904e-05 -4.88857e-10 -0.00057833373668967 8.13156e-11
9.550000 0.475000 4.1066094699767e-05 2.25524e-09 -0.00092093467922628 8.18327e-11
9.650000 0.475000 3.9183699853428e-05 3.42382e-09 -0.00089361763411804 3.69511e-10
9.750000 0.475000 3.7412389592551e-05 3.51294e-09 -0.0008675200042792 3.48734e-10
9.850000 0.475000 3.5743900712047e-05 2.97645e-09 -0.00084256464130684 4.39713e-10
9.950000 0.475000 3.4170739080933e-05 1.97288e-09 -0.00081868107941124 3.81435e-10
10.050000 0.475000 3.2686090579624e-05 -3.92188e-10 -0.00079580477137111 2.27934e-10
10.150000 0.475000 3.1283744719916e-05 -1.68269e-09 -0.0007738764346899 -5.28335e-11
10.250000 0.475000 2.9958028762502e-05 -2.40941e-09 -0.00075284148881448 -1.71261e-10
10.350000 0.475000 2.870375059677e-05 -2.84785e-09 -0.00073264956812687 -2.93465e-10
10.450000 0.475000 2.7516148989406e-05 -2.83378e-09 -0.00071325409839344 -2.9078e-10
10.550000 0.475000 2.6390850068501e-05 -2.4352e-09 -0.00069461192668412 -3.45964e-10
10.650000 0.475000 2.5323829112704e-05 -8.12401e-10 -0.00067668299660393 6.7325e-11
10.750000 0.475000 2.4311376876229e-05 -1.00413e-09 -0.00065943006212698 -2.93517e-10
10.850000 0.475000 2.3350069810364e-05 2.74108e-10 -0.00064281843448705 2.01223e-10
10.950000 0.475000 2.2436743646812e-05 8.51517e-10 -0.00062681575750649 -1.02058e-10
11.050000 0.475000 2.156846989365e-05 1.91211e-09 -0.00061139180750254 2.36972e-10
11.150000 0.475000 2.0742534864352e-05 -1.8353e-09 -0.0005965183145226 -3.72245e-10
11.250000 0.475000 1.9956420917727e-05 -1.1717e-09 -0.00058216880216336 -1.21822e-10
11.350000 0.475000 1.9207789634111e-05 -1.0055e-09 -0.00056831844364248 -3.55493e-11
11.450000 0.475000 1.8494466693015e-05 -3.193e-10 -0.00055494393213629 -1.4586e-10
9.600000 0.500000 4.0036752990311e-05 4.58149e-09 -0.00088308932544426 8.29905e-10
9.700000 0.500000 3.819506243372e-05 2.95821e-09 -0.00085672666774945 8.22669e-10
9.800000 0.500000 3.6462584580866e-05 1.08266e-09 -0.00083155192525321 5.5099e-10
9.900000 0.500000 3.4831142550838e-05 2.89405e-11 -0.00080748907136509 3.98565e-10
10.000000 0.500000 3.3293326453278e-05 -1.45609e-09 -0.00078446874192965 2.0377e-10
10.100000 0.500000 3.1842403874141e-05 -5.82338e-09 -0.00076242746612238 -7.82044e-10
10.200000 0.500000 3.0472243164326e-05 -6.12589e-09 -0.00074130700902222 -6.40215e-10
10.300000 0.500000 2.9177247342879e-05 -6.51262e-09 -0.00072105380638925 -1.14137e-09
10.400000 0.500000 2.7952296860157e-05 -5.47347e-09 -0.0007016184760936 -9.60549e-10
10.500000 0.500000 2.6792699803375e-05 -4.33688e-09 -0.00068295539368295 -5.1552e-10
10.600000 0.500000 2.5694148390517e-05 -1.9176e-09 -0.000665022321942 -4.7332e-10
10.700000 0.500000 2.465268080665e-05 -2.1459e-09 -0.00064778008616212 -3.70614e-10
10.800000 0.500000 2.3664647602189e-05 -4.63655e-10 -0.00063119228831927 -1.4101e-10
10.900000 0.500000 2.2726682004934e-05 4.65862e-10 -0.00061522505453468 -5.61986e-11
11.000000 0.500000 2.1835673604801e-05 4.15559e-10 -0.00059984681114403 -5.61502e-11
11.100000 0.500000 2.0988744957627e-05 2.67484e-09 -0.00058502808546587 1.48874e-10
11.200000 0.500000 2.0183230728021e-05 3.4653e-09 -0.00057074132798463 4.55423e-10
11.300000 0.500000 1.9416659054527e-05 2.97378e-09 -0.00055696075317444 3.93266e-10
11.400000 0.500000 1.8686734872134e-05 1.89894e-09 -0.0005436621966109 2.1939e-10
11.500000 0.500000 1.7991324957302e-05 1.32895e-09 -0.00053082298636443 -1.24784e-10
9.650000 0.525000 3.8923062311161e-05 -4.46616e-09 -0.00084399160932205 3.57792e-10
9.750000 0.525000 3.712605034831e-05 -9.56396e-09 -0.00081862602532523 -7.00054e-10
9.850000 0.525000 3.54361263711e-05 -1.09149e-08 -0.00079441436377318 -1.16757e-09
9.950000 0.525000 3.3845221381944e-05 -1.3736e-08 -0.0007712819353323 -1.78581e-09
10.050000 0.525000 3.2346028878109e-05 -1.22945e-08 -0.0007491606685091 -1.75552e-09
10.150000 0.525000 3.0931915198724e-05 -1.03061e-08 -0.00072798833884747 -2.09931e-09
10.250000 0.525000 2.9596842776545e-05 -6.65176e-09 -0.00070770791074127 -1.20793e-09
10.350000 0.525000 2.8335304076887e-05 -3.9316e-09 -0.00068826697215267 -5.63455e-10
10.450000 0.525000 2.7142264447142e-05 1.26008e-09 -0.00066961724649985 -2.44722e-10
10.550000 0.525000 2.6013112442532e-05 6.2536e-09 -0.00065171416906245 8.81415e-11
10.650000 0.525000 2.4943616461703e-05 3.17254e-06 -0.00063451651765051 5.42971e-05
10.750000 0.525000 2.3929886740062e-05 1.09421e-08 -0.00061798608917686 1.17404e-09
10.850000 0.525000 2.296834192415e-05 1.17771e-08 -0.00060208741526395 1.29516e-09
10.950000 0.525000 2.2055679594264e-05 1.02774e-08 -0.0005867875112158 9.01322e-10
11.050000 0.525000 2.1188850201393e-05 9.44942e-09 -0.00057205565364157 9.11961e-10
11.150000 0.525000 2.0365033925323e-05 8.53195e-09 -0.00055786318279576 1.48663e-09
11.250000 0.525000 1.958161999628e-05 3.44474e-09 -0.00054418332632741 6.99684e-10
11.350000 0.525000 1.8836188145675e-05 2.17874e-10 -0.00053099104165078 6.05599e-10
11.450000 0.525000 1.8126491994592e-05 -3.81145e-09 -0.00051826287457163 -4.44265e-10
11.550000 0.525000 1.7450444200784e-05 -6.48611e-09 -0.00050597683215564 -4.32518e-10
9.700000 0.550000 3.771590442804e-05 1.18008e-10 -0.0008036234815091 -8.19984e-11
9.800000 0.550000 3.59680515596e-05 -3.95784e-08 -0.00077930054938327 1.20558e-09
9.900000 0.550000 3.4324874386839e-05 -3.21785e-08 -0.0007560948127403 3.74269e-10
10.000000 0.550000 3.277843609966e-05 -2.20129e-08 -0.00073393315664538 -3.79203e-09
10.100000 0.550000 3.1321555221903e-05 -1.22853e-08 -0.00071274901270912 -2.20651e-09
10.200000 0.550000 2.9947716165061e-05 -9.03809e-10 -0.00069248159023546 -1.90229e-09
10.300000 0.550000 2.8650992726347e-05 1.1018e-08 -0.00067307522034168 -8.24981e-10
10.400000 0.550000 2.7425982314766e-05 2.04082e-08 -0.0006544787932081 1.13468e-09
10.500000 0.550000 2.6267749151143e-05 2.99647e-08 -0.00063664527262404 2.11487e-09
10.600000 0.550000 2.5171775013175e-05 3.25431e-08 -0.00061953127510498 4.08209e-09
10.700000 0.550000 2.4133916278726e-05 3.15345e-08 -0.00060309670327709 3.24905e-09
10.800000 0.550000 2.3150366190556e-05 2.93448e-08 -0.00058730442512859 4.28074e-09
10.900000 0.550000 2.2217621580763e-05 2.28482e-08 -0.00057211999223627 3.55674e-09
11.000000 0.550000 2.1332453559424e-05 1.50976e-08 -0.00055751139127622 2.04637e-09
11.100000 0.550000 2.0491881671254e-05 6.94233e-09 -0.00054344882409623 2.42217e-09
11.200000 0.550000 1.9693150992028e-05 -3.93437e-10 -0.00052990451240447 8.35617e-10
11.300000 0.550000 1.8933711731788e-05 -8.61738e-09 -0.00051685252376618 2.10889e-10
11.400000 0.550000 1.8211201016127e-05 -1.21177e-08 -0.00050426861611599 -4.61542e-10
11.500000 0.550000 1.752342657663e-05 -1.44664e-08 -0.000492130098423 -1.24214e-09
11.600000 0.550000 1.6868352119318e-05 -1.3844e-08 -0.00048041570549463 -2.14493e-10
6.200000 0.050000 0.0002287057556277 2.82385e-11 -0.0034853615415271 2.78343e-11
6.300000 0.050000 0.00021152181280359 4.04636e-11 -0.0033137169253486 4.07928e-11
6.400000 0.050000 0.00019699352377086 3.4634e-11 -0.003165084662037 3.46365e-11
6.500000 0.050000 0.00018405952813676 -3.30291e-12 -0.0030297326294145 -3.19567e-12
6.600000 0.050000 0.00017234447177705 -1.16384e-10 -0.0029044117587561 -1.16209e-10
6.700000 0.050000 0.0001616458046344 5.82412e-12 -0.002787472815532 5.45486e-12
6.800000 0.050000 0.00015182756524176 2.621e-11 -0.0026778610818462 2.7106e-11
6.900000 0.050000 0.00014278699939888 2.13033e-11 -0.0025748040902027 2.12181e-11
7.000000 0.050000 0.00013444114929479 -3.03135e-12 -0.0024776887772501 -3.78941e-12
7.100000 0.050000 0.00012672042963877 -8.7371e-11 -0.002386004452796 -8.78027e-11
7.200000 0.050000 0.00011956509713917 2.36017e-11 -0.0022993126961734 2.36138e-11
7.300000 0.050000 0.00011292308379881 -2.78393e-11 -0.0022172297135842 -2.71687e-11
7.400000 0.050000 0.00010674854539954 5.32197e-12 -0.0021394150639481 5.71743e-12
7.500000 0.050000 0.00010100082071437 -1.06714e-10 -0.0020655639239146 -1.07686e-10
7.600000 0.050000 9.5643645738379e-05 1.18282e-11 -0.0019954014675724 1.27915e-11
7.700000 0.050000 9.0644537133565e-05 4.28924e-11 -0.0019286785924558 4.25661e-11
7.800000 0.050000 8.5974294366218e-05 -4.07434e-11 -0.0018651685513533 -4.09581e-11
7.900000 0.050000 8.1606588979785e-05 5.77954e-09 -0.0018046642233322 6.17733e-09
8.000000 0.050000 7.7517620227504e-05 -1.99496e-11 -0.0017469758545107 -2.10247e-11
8.100000 0.050000 7.3685822742274e-05 -7.46534e-11 -0.0016919291560041 -7.50222e-11
8.200000 0.050000 7.0091615966697e-05 -1.27565e-10 -0.0016393636812006 -1.27808e-10
8.300000 0.050000 6.6717187715426e-05 -5.61704e-11 -0.0015891314266557 -5.71732e-11
8.400000 0.050000 6.3546306043821e-05 -7.26113e-11 -0.001541095615423 -7.2349e-11
8.500000 0.050000 6.0564154867538e-05 1.73943e-11 -0.001495129631562 1.76998e-11
8.600000 0.050000 5.7757189700489e-05 -3.10909e-11 -0.0014511160815506 -3.04814e-11
6.250000 0.075000 0.00022695195405228 -8.90643e-12 -0.0034580600741039 -8.85914e-12
6.350000 0.075000 0.00020852182087246 -3.98803e-11 -0.0032735258846871 -4.07001e-11
6.450000 0.075000 0.00019357023338565 9.22473e-12 -0.0031200284334264 9.09317e-12
6.550000 0.075000 0.000180523535037 2.33062e-11 -0.0029829342199126 2.4355e-11
6.650000 0.075000 0.00016883922310383 -4.08484e-11 -0.0028573793326962 -4.03293e-11
6.750000 0.075000 0.00015824275933905 -3.27924e-11 -0.0027410085587818 -3.38969e-11
6.850000 0.075000 0.0001485625614741 4.91571e-11 -0.0026324102707603 4.95304e-11
6.950000 0.075000 0.0001396767580829 -1.10314e-10 -0.0025306147223175 -1.09224e-10
7.050000 0.075000 0.00013149161998566 8.36597e-12 -0.0024348931980734 5.68989e-12
7.150000 0.075000 0.00012393133588338 -8.23575e-11 -0.0023446644866955 -8.20497e-11
7.250000 0.075000 0.0001169325458604 7.9408e-11 -0.0022594460732113 7.95527e-11
7.350000 0.075000 0.00011044112072302 -2.26474e-11 -0.0021788262303835 -2.32554e-11
7.450000 0.075000 0.00010441010677786 1.85283e-11 -0.0021024468007113 1.99789e-11
7.550000 0.075000 9.8798325290923e-05 -8.38751e-12 -0.0020299918701313 -8.43547e-12
7.650000 0.075000 9.356936559915e-05 -1.60654e-11 -0.0019611799015277 -1.68927e-11
7.750000 0.075000 8.8690829334518e-05 2.37012e-11 -0.0018957580154922 2.44068e-11
7.850000 0.075000 8.4133743292487e-05 8.54405e-12 -0.0018334976703481 8.36176e-12
7.950000 0.075000 7.9872090714546e-05 4.24555e-11 -0.0017741912942309 4.35476e-11
8.050000 0.075000 7.5882428949002e-05 3.27884e-11 -0.0017176495902094 3.29595e-11
8.150000 0.075000 7.2143572190112e-05 -2.65825e-11 -0.0016636993334389 -2.74238e-11
8.250000 0.075000 6.8636324596051e-05 -2.37212e-11 -0.0016121815387591 -2.17637e-11
8.350000 0.075000 6.5343253298175e-05 3.29293e-11 -0.001562949914505 3.40563e-11
8.450000 0.075000 6.2248493596522e-05 -3.02016e-11 -0.0015158695422233 -2.92679e-11
8.550000 0.075000 5.9337580531831e-05 9.00888e-11 -0.0014708157380904 9.17182e-11
8.650000 0.075000 5.6597302355978e-05 3.62624e-11 -0.0014276730629139 3.4981e-11
6.300000 0.100000 0.00022614228911612 8.33265e-11 -0.0034364472450599 8.34154e-11
6.400000 0.100000 0.00020640524576312 4.54436e-11 -0.0032386547974165 4.60526e-11
6.500000 0.100000 0.00019093346307835 8.67254e-11 -0.0030795406395023 8.84101e-11
6.600000 0.100000 0.00017768133067846 -2.7083e-11 -0.0029399696184034 -2.77414e-11
6.700000 0.100000 0.00016594620918934 9.03533e-12 -0.0028135358978887 9.42246e-12
6.800000 0.100000 0.0001553817166114 6.99838e-11 -0.0026971830996329 6.78337e-11
6.900000 0.100000 0.00014577928228947 1.26259e-11 -0.0025891319337172 1.40922e-11
7.000000 0.100000 0.00013699637418493 -1.67035e-11 -0.0024882023364325 -1.92399e-11
7.100000 0.100000 0.00012892711239429 -2.92455e-11 -0.0023935380875814 -2.8644e-11
7.200000 0.100000 0.00012148830586943 -6.06661e-11 -0.002304477494038 -6.21905e-11
7.300000 0.100000 0.00011461203349413 1.00413e-11 -0.00222048579237 1.04141e-11
7.400000 0.100000 0.00010824133534358 3.48941e-11 -0.0021411166948055 3.47888e-11
7.500000 0.100000 0.00010232752008061 4.9578e-11 -0.0020659889375462 4.96143e-11
7.600000 0.100000 9.6828376137652e-05 4.69136e-11 -0.0019947711135084 4.66112e-11
7.700000 0.100000 9.1706920806998e-05 -4.83815e-11 -0.0019271713578317 -4.85341e-11
7.800000 0.100000 8.6930487226902e-05 6.18829e-11 -0.0018629300242842 6.37685e-11
7.900000 0.100000 8.2470033889323e-05 7.61027e-11 -0.0018018142890297 7.6385e-11
8.000000 0.100000 7.8299606905867e-05 -4.21678e-11 -0.0017436140465145 -4.28506e-11
8.100000 0.100000 7.4395911032211e-05 -6.09819e-11 -0.0016881387026603 -6.28455e-11
8.200000 0.100000 7.073796062849e-05 1.10723e-12 -0.0016352146110044 1.37979e-12
8.300000 0.100000 6.7306791017727e-05 -9.77203e-11 -0.0015846829830092 -9.91407e-11
8.400000 0.100000 6.4085216578083e-05 -5.38183e-11 -0.0015363981568239 -5.57518e-11
8.500000 0.100000 6.1057625744374e-05 9.90917e-11 -0.0014902261427828 9.87873e-11
8.600000 0.100000 5.8209805674443e-05 -2.20597e-11 -0.001446043386982 -2.00471e-11
8.700000 0.100000 5.5528791115885e-05 -3.6225e-11 -0.0014037357096978 -3.60609e-11
6.350000 0.125000 0.00022599936270497 -3.72335e-11 -0.0034179849824735 -3.57452e-11
6.450000 0.125000 0.00020494385332995 -2.86753e-11 -0.0032070391735698 -2.73954e-11
6.550000 0.125000 0.00018890077166347 -1.39733e-11 -0.0030419934394617 -1.39824e-11
6.650000 0.125000 0.00017538579512071 1.43187e-11 -0.0028995459053835 1.61313e-11
6.750000 0.125000 0.00016354502630034 -8.47018e-11 -0.0027718405376125 -8.65747e-11
6.850000 0.125000 0.00015296268174265 -8.2927e-12 -0.0026551469553314 -9.90408e-12
6.950000 0.125000 0.00014339358035116 5.58504e-11 -0.0025473243306918 5.65028e-11
7.050000 0.125000 0.00013467421501776 4.14379e-11 -0.0024469810946001 4.36213e-11
7.150000 0.125000 0.00012668603344864 -6.65705e-11 -0.0023531299245578 -6.81777e-11
7.250000 0.125000 0.00011933791566468 -2.96858e-11 -0.0022650244953507 -3.04934e-11
7.350000 0.125000 0.00011255686769382 -9.17066e-12 -0.002182073796226 -1.11804e-11
7.450000 0.125000 0.00010628264475582 -1.17322e-10 -0.0021037933751505 -1.18539e-10
7.550000 0.125000 0.00010046442342869 5.88328e-11 -0.0020297757093655 5.89301e-11
7.650000 0.125000 9.5058619975279e-05 1.0044e-10 -0.0019596711784251 1.02409e-10
7.750000 0.125000 9.0027388752e-05 -1.196e-10 -0.0018931752564391 -1.22003e-10
7.850000 0.125000 8.5337545129858e-05 1.94491e-11 -0.0018300195327619 2.08953e-11
7.950000 0.125000 8.0959765391854e-05 -2.68991e-11 -0.0017699651905373 -2.70748e-11
8.050000 0.125000 7.6867974533402e-05 1.11389e-11 -0.0017127981227789 9.64684e-12
8.150000 0.125000 7.3038866014318e-05 3.22683e-11 -0.0016583251759818 3.19219e-11
8.250000 0.125000 6.9451517043513e-05 3.56948e-12 -0.0016063711933781 4.1529e-12
8.350000 0.125000 6.6087074918219e-05 1.24195e-11 -0.0015567766415808 1.28637e-11
8.450000 0.125000 6.2928497477901e-05 -9.80835e-11 -0.0015093956720353 -9.86706e-11
8.550000 0.125000 5.9960335640207e-05 4.13095e-11 -0.0014640945136772 4.11999e-11
8.650000 0.125000 5.7168549260686e-05 2.75334e-11 -0.0014207501230602 2.85577e-11
8.750000 0.125000 5.454034980233e-05 1.89351e-11 -0.0013792490381229 1.91647e-11