0	7.764705882352941	0.29411764705882354	-9.999565707113267e-8	-4.926076953045583e-9	0.04266721607976686	0.021963056240810894	-1.0587911840678754e-22	0.
17141.76	7.76299078793296	0.2940331705842677	-1.0011154994888033e-7	-4.9301438315841774e-9	0.04268463333808424	0.021965432615660543	148.52131857167115	76.44025914202776
34283.52	7.7612737040033135	0.29394862432322305	-1.0022778635534613e-7	-4.9342193541073746e-9	0.04270207984489586	0.021967805969600553	297.1033030904222	152.88878339774658
51425.28	7.759554624655374	0.29386400812713914	-1.003443679733854e-7	-4.938303549416483e-9	0.042719555700807335	0.021970176277813794	445.7460556123468	229.34556219946433
68567.04	7.757833543906342	0.29377932184582944	-1.0046129650052667e-7	-4.942396446554797e-9	0.04273706100739595	0.02197254351534584	594.449679328658	305.8105848125817
85708.8	7.756110455797026	0.29369456533004956	-1.0057857364239261e-7	-4.946498074540103e-9	0.04275459586627012	0.0219749076569999	743.2142768005366	382.2838404928201
102850.56	7.754385354344485	0.293609738429925	-1.0069620111600606e-7	-4.950608462488005e-9	0.04277216037953475	0.02197726867738927	892.0399510207665	458.765318458338
119992.32	7.752658233524876	0.29352484099504617	-1.0081418065106069e-7	-4.95472763966797e-9	0.04278975464994647	0.021979626550946877	1040.9268053749904	535.2550077807616
137134.08	7.750929087288568	0.29343987287448736	-1.0093251398897562e-7	-4.958855635455412e-9	0.04280737878077879	0.021981981251911708	1189.8749436111032	611.752897467055
154275.84	7.749197909562036	0.2933548339169584	-1.0105120288285814e-7	-4.962992479327767e-9	0.04282503287580321	0.02198433275432456	1338.8844697403686	688.258976446572
171417.6	7.747464694115055	0.29326972396849704	-1.0117024910678645e-7	-4.967138201249556e-9	0.0428427170405501	0.021986681032146935	1487.9554896805337	764.7732331835379
188559.36	7.745729434907926	0.2931845428783766	-1.0128965443190001e-7	-4.97129283066402e-9	0.04286043137902434	0.021989026058943234	1637.0881070398648	841.2956567097831
205701.12	7.74399212590612	0.2930992904959614	-1.0140942063923485e-7	-4.97545639702971e-9	0.04287817599545818	0.021991367808049066	1786.2824253627225	917.8262360723023
222842.88	7.742252760654857	0.2930139666635325	-1.0152954954942811e-7	-4.97962893105897e-9	0.04289595099834766	0.02199370625295194	1935.5385532606829	994.3649590602405
239984.64	7.740511333038761	0.2929285712290834	-1.01650042970062e-7	-4.983810462507517e-9	0.042913756493256766	0.021996041366603877	2084.856595256851	1070.911814479427
257126.4	7.738767836960525	0.29284310404092384	-1.0177090271798881e-7	-4.988001021107042e-9	0.04293159258585996	0.02199837312171124	2234.2366556517777	1147.466791188228
274268.16	7.737022265799459	0.292757564938596	-1.0189213065731652e-7	-4.992200638148031e-9	0.042949459387087476	0.02200070149121408	2383.678845035478	1224.0298764717027
291409.92	7.735274613412714	0.29267195376962923	-1.020137286295833e-7	-4.9964093435545685e-9	0.0429673570036243	0.022003026447391865	2533.1832682624204	1300.6010590536653
308551.68	7.733524873546226	0.29258627037973756	-1.0213569849493215e-7	-5.000627167604736e-9	0.042985285543499285	0.0220053479623871	2682.7500314993595	1377.1803273236267
325693.44	7.731773039548661	0.29250051460805676	-1.0225804215242356e-7	-5.004854141769427e-9	0.043003245118812525	0.02200766600845239	2832.3792456491465	1453.7676684759058
342835.2	7.730019105224302	0.29241468630121603	-1.0238076148018254e-7	-5.009090296211941e-9	0.043021235837629235	0.02200998055720081	2982.071016209809	1530.3630710744383
359976.96	7.728263064089752	0.2923287853011372	-1.0250385838774757e-7	-5.0133356619669016e-9	0.043039257811046734	0.02201229158025458	3131.825452087133	1606.9665228148908
377118.72	7.726504909464422	0.2922428114465087	-1.0262733480992977e-7	-5.017590270678004e-9	0.04305731115234247	0.022014599049161362	3281.642664522766	1683.5780107994235
394260.48	7.7247446350974345	0.2921567645830526	-1.0275119266254028e-7	-5.02185415275027e-9	0.04307539597100349	0.022016902934850986	3431.522759666251	1760.1975234276372
411402.24	7.722982234274735	0.2920706445489654	-1.0287543390568743e-7	-5.026127339980073e-9	0.04309351238123324	0.02201920320840346	3581.4658491350565	1836.825047698765
428544.	7.7212177003382125	0.2919844511833349	-1.0300006050718542e-7	-5.03040986402599e-9	0.04311166049701247	0.022021499840599302	3731.4720438933577	1913.460570781486
445685.76	7.719451026937022	0.2918981843302394	-1.0312507442466903e-7	-5.034701755663171e-9	0.04312984042969807	0.022023792801705137	3881.541451278686	1990.1040807734453
462827.52	7.717682207308862	0.29181184382718306	-1.0325047765688184e-7	-5.0390030469093064e-9	0.04314805229488211	0.022026082062081512	4031.6741834423738	2066.7555645259818
479969.28	7.715911234640218	0.2917254295107874	-1.0337627221823167e-7	-5.043313769958553e-9	0.04316629620896409	0.022028367591875538	4181.870353160134	2143.4150087367216
497111.04	7.7141381022114786	0.29163894121915807	-1.0350246012849941e-7	-5.047633956750846e-9	0.043184572287765434	0.022030649360894786	4332.130072115346	2220.0824003880707
514252.8	7.712362803303031	0.2915523787904008	-1.0362904341962465e-7	-5.051963639249283e-9	0.043202880647426035	0.022032927338686017	4482.453451991387	2296.757726462436
531394.56	7.710585331195262	0.2914657420626213	-1.0375602413580138e-7	-5.05630284943909e-9	0.04322122140440611	0.022035201494532978	4632.840604471636	2373.4409739422244
548536.32	7.70880567913129	0.291379030873406	-1.0388340433626471e-7	-5.060651619439246e-9	0.04323959467584294	0.022037471797484633	4783.291641648117	2450.1321296942915
565678.08	7.70702384015342	0.291292245057349	-1.0401118610725454e-7	-5.065009981991804e-9	0.04325800058111895	0.022039738216484604	4933.806677884479	2526.8311799696226
582819.84	7.705239807313716	0.291205384448943	-1.0413937154697682e-7	-5.069377969827615e-9	0.04327643923985987	0.022042000720200634	5084.385827523173	2603.5381110576463
599961.6	7.703453573672787	0.2911184488827889	-1.0426796276578982e-7	-5.0737556156719826e-9	0.043294910771942065	0.02204425927702159	5235.029204816723	2680.25290927466
617103.36	7.701665132291246	0.29103143819348787	-1.0439696188691929e-7	-5.078142952270253e-9	0.04331341529757581	0.02204651385506038	5385.73692401765	2756.9755609369613
634245.12	7.699874476229701	0.290944352215641	-1.0452637104656483e-7	-5.082540012385791e-9	0.04333195293730661	0.022048764422154248	5536.509099378478	2833.7060523608466
651386.88	7.698081598425503	0.29085719078220146	-1.046561924030109e-7	-5.086946829174668e-9	0.043350523813195777	0.022051010945955813	5687.345846479399	2910.4443694808633
668528.64	7.696286491668207	0.29076995372384085	-1.0478642813861504e-7	-5.091363436255288e-9	0.04336912804906782	0.022053253393953233	5838.247282601787	2987.190497781223
685670.4	7.694489148805224	0.29068264087184387	-1.0491708044492503e-7	-5.0957898670853616e-9	0.04338776576854397	0.022055491733306825	5989.213524461086	3063.944422929185
702812.16	7.692689562683986	0.2905952520574955	-1.0504815152699924e-7	-5.10022615513923e-9	0.043406437095593116	0.022057725930889553	6140.244688772502	3140.7061305920797
719953.92	7.690887726151928	0.29050778711208086	-1.0517964360351908e-7	-5.104672333906377e-9	0.04342514215453321	0.022059955953285235	6291.340892251242	3217.4756064372377
737095.68	7.689083632050615	0.29042024586685133	-1.053115589073306e-7	-5.109128436909144e-9	0.04344388107008861	0.02206218176679037	6442.502251659102	3294.2528361131303
754237.44	7.687277273086247	0.29033262815161653	-1.054438996951475e-7	-5.1135944981030475e-9	0.043462653968628105	0.02206440333750453	6593.728885077943	3371.03780484476
771379.2	7.685468641869264	0.2902449337942559	-1.0557666824481012e-7	-5.11807055173891e-9	0.04348146097781362	0.022066620631310187	6745.020911858015	3447.8304975735678
788520.96	7.683657731014368	0.29015716262251656	-1.0570986684804294e-7	-5.122556632064676e-9	0.043500302225632795	0.022068833613789304	6896.378451373353	3524.6308992574536
805662.72	7.681844533136264	0.2900693144641455	-1.0584349781089026e-7	-5.1270527733399826e-9	0.04351917784043769	0.022071042250220618	7047.801622997994	3601.4389948543167
822804.48	7.680029040849654	0.2899813891468898	-1.0597756345382988e-7	-5.131559009834998e-9	0.04353808795094636	0.022073246505578594	7199.290546105978	3678.254769322058
839946.24	7.67821124679527	0.2898933864993815	-1.0611206610995788e-7	-5.136075375757876e-9	0.04355703268598177	0.022075446344505294	7350.845339599702	3755.0782076870337
857088.	7.676391143503773	0.2898053063495258	-1.0624700813528204e-7	-5.140601905675507e-9	0.04357601217578079	0.022077641731403145	7502.466123300894	3831.909294619488
874229.76	7.674568723276107	0.28971714852050817	-1.0638239191785906e-7	-5.1451386348417096e-9	0.04359502655320759	0.02207983263055209	7654.153020091733	3908.7480141172846
891371.52	7.672743978404298	0.2896289128352985	-1.0651821986151803e-7	-5.149685598544512e-9	0.043614075951596706	0.022082019005921834	7805.9061529848905	3985.5943501529064
908513.28	7.670916901180372	0.28954059911686636	-1.0665449438531873e-7	-5.154242832079184e-9	0.04363316050466667	0.022084200821162168	7957.725644993034	4062.4482866988346
925655.04	7.669087483896355	0.28945220718818143	-1.0679121792367678e-7	-5.158810370747015e-9	0.043652280346522104	0.022086378039600976	8109.611619128831	4139.309807727553
942796.8	7.667255718844273	0.2893637368722134	-1.0692839292649117e-7	-5.163388249853465e-9	0.043671435611655686	0.022088550624241362	8261.564198404949	4216.178897211543
959938.56	7.665421598316152	0.28927518799193197	-1.0706602185927158e-7	-5.167976504706814e-9	0.04369062643495005	0.022090718537760276	8413.583505834058	4293.055539123288
977080.32	7.663585114604018	0.28918656037030677	-1.0720410720326773e-7	-5.172575170616575e-9	0.043709852951679784	0.022092881742505344	8565.669664428824	4369.93971743527
994222.08	7.661746259999899	0.2890978538303075	-1.0734265145560056e-7	-5.177184282891661e-9	0.04372911529751358	0.022095040200492955	8717.822797201918	4446.831416119971
1.01136384e6	7.659905026795818	0.2890090681949039	-1.0748165712939071e-7	-5.181803876839501e-9	0.043748413608516085	0.02209719387340613	8870.043027166006	4523.730619149875
1.0285056e6	7.658061407225554	0.28892020328657014	-1.0762112675835424e-7	-5.186433987949176e-9	0.043767748021709345	0.022099342722628167	9022.330477865218	4600.637310310516
1.04564736e6	7.6562153929665175	0.28883125892211164	-1.0776106293516852e-7	-5.1910746534642355e-9	0.04378711867988345	0.022101486709561618	9174.685278240844	4677.551471624596
1.06278912e6	7.65436697578668	0.28874223491745415	-1.0790146826231021e-7	-5.195725910311725e-9	0.04380652572541387	0.02210362579522593	9327.107556972896	4754.473085445627
1.07993088e6	7.652516147528906	0.2886531310890146	-1.0804234535336718e-7	-5.20038779517385e-9	0.04382596930037768	0.022105759940245207	9479.59744210801	4831.4021343710165
1.09707264e6	7.650662900036057	0.2885639472532099	-1.0818369683889998e-7	-5.2050603447276644e-9	0.043845449547270654	0.02210788910489195	9632.155061692827	4908.338600998179
1.1142144e6	7.648807225150996	0.28847468322645703	-1.0832552536658463e-7	-5.209743595643287e-9	0.04386496660900975	0.022110013249082922	9784.780543773983	4985.282467924523
1.13135616e6	7.646949114716585	0.2883853388251729	-1.0846783360135719e-7	-5.214437584582094e-9	0.0438845206289352	0.02211213233237788	9937.474016398115	5062.233717747462
1.14849792e6	7.645088560575686	0.2882959138657745	-1.0861062422556387e-7	-5.219142348194256e-9	0.04390411175081256	0.022114246313977116	10090.23560761186	5139.192333064405
1.16563968e6	7.643225554571162	0.2882064081646788	-1.0875389993910244e-7	-5.223857923117678e-9	0.04392374011883536	0.02211635515271751	10243.065445461856	5216.158296472763
1.18278144e6	7.641360088545875	0.28811682153830265	-1.0889766345957246e-7	-5.228584345975935e-9	0.043943405877626796	0.022118458807071677	10395.963657994742	5293.1315905699485
1.1999232e6	7.6394921543426895	0.288027153803063	-1.0904191752243208e-7	-5.233321653375251e-9	0.04396310917224246	0.022120557235144167	10548.930373257153	5370.112197953372
1.21706496e6	7.637621743791119	0.2879374047752651	-1.0918666488218795e-7	-5.238069881946851e-9	0.04398285014830169	0.02212265039467664	10701.965719416447	5447.10010117823
1.23420672e6	7.635748847958132	0.28784757426423213	-1.093319083713602e-7	-5.242829070751353e-9	0.04400262895925705	0.022124738243487	10855.069831745634	5524.095280397311
1.25134848e6	7.633873457886133	0.2877576620773234	-1.0947765084319762e-7	-5.247599258884985e-9	0.04402244575929943	0.022126820739043273	11008.242846352929	5601.097715713404
1.26849024e6	7.631995564932232	0.28766766802421817	-1.0962389514514548e-7	-5.252380484405962e-9	0.0440423007000398	0.022128897838247064	11161.484896609883	5678.107388229604
1.285632e6	7.630115160453535	0.28757759191459564	-1.0977064414361365e-7	-5.25717278535122e-9	0.04406219393354672	0.022130969497611237	11314.79611588805	5755.12427904901
1.30277376e6	7.62823223580715	0.28748743355813494	-1.0991790072413907e-7	-5.261976199734354e-9	0.044082125612349025	0.022133035673257036	11468.176637558976	5832.148369274716
1.31991552e6	7.626346782350184	0.28739719276451536	-1.1006566779155313e-7	-5.266790765543107e-9	0.044102095889438336	0.02213509632091083	11621.626594994214	5909.179640009821
1.33705728e6	7.624458791439745	0.28730686934341604	-1.102139482701485e-7	-5.271616520737146e-9	0.044122104918271315	0.02213715139590168	11775.146121565314	5986.21807235742
1.35419904e6	7.622568254432939	0.2872164631045162	-1.1036274510384753e-7	-5.2764535032458586e-9	0.04414215285277237	0.02213920085315863	11928.735350643827	6063.263647420611
1.3713408e6	7.620675162686875	0.28712597385749505	-1.1051206125637301e-7	-5.281301750965938e-9	0.04416223984733619	0.022141244647206806	12082.394415601304	6140.316346302489
1.38848256e6	7.618779507558589	0.28703540141203127	-1.1066189971142888e-7	-5.286161301758831e-9	0.044182366056830784	0.022143282732165738	12236.123449809915	6217.376150105925
1.40562432e6	7.6168812797882754	0.2869447455729197	-1.1081226352234721e-7	-5.291032195462635e-9	0.04420253164261	0.022145315062074053	12389.922592223986	6294.44303795866
1.42276608e6	7.614980469780738	0.2868540061404917	-1.1096315579013913e-7	-5.295914472947161e-9	0.04422273676983413	0.022147341590750116	12543.791985406198	6371.516987955658
1.43990784e6	7.6130770683540945	0.28676318291747827	-1.1111457960366692e-7	-5.300808173684232e-9	0.044242981600157716	0.02214936227137684	12697.73176845568	6448.597979535181
1.4570496e6	7.611171066326464	0.28667227570661014	-1.1126653807286842e-7	-5.305713337105908e-9	0.04426326629573454	0.022151377056709082	12851.742080471557	6525.685992135494
1.47419136e6	7.609262454515966	0.28658128431061825	-1.1141903432893373e-7	-5.310630002603342e-9	0.04428359101921999	0.02215338589907191	13005.823060552957	6602.781005194863
1.49133312e6	7.607351223740719	0.28649020853223345	-1.1157207152449983e-7	-5.3155582095230906e-9	0.04430395593377407	0.02215538875035644	13159.974847799007	6679.882998151548
1.50847488e6	7.60543736481884	0.28639904817418665	-1.1172565283384026e-7	-5.32049799716459e-9	0.044324361203064114	0.02215738556201741	13314.197581308832	6756.991950443815
1.52561664e6	7.6035208685684506	0.2863078030392088	-1.118797814530561e-7	-5.325449404777331e-9	0.04434480699126755	0.022159376285068887	13468.491400181563	6834.107841509927
1.5427584e6	7.601601725807667	0.28621647293003066	-1.1203446060027112e-7	-5.3304124715582445e-9	0.04436529346307488	0.022161360870081758	13622.856443516326	6911.23065078815
1.55990016e6	7.59967992735461	0.2861250576493831	-1.1218969351582853e-7	-5.335387236648351e-9	0.04438582078369221	0.02216333926718027	13777.292850412248	6988.360357716746
1.57704192e6	7.597755463639301	0.2860335569974098	-1.1234548349432942e-7	-5.340373740417776e-9	0.04440638912264401	0.02216531142622315	13931.800763291729	7065.496940520509
1.59418368e6	7.595828324504205	0.2859419707684348	-1.1250183390153929e-7	-5.345372025098063e-9	0.04442699865578648	0.022167277296911772	14086.380330249352	7142.640375595179
1.61132544e6	7.593898500182772	0.2858502987580177	-1.1265874809451662e-7	-5.3503821315431895e-9	0.044447649555726346	0.02216923682830958	14241.031696493756	7219.790640564858
1.6284672e6	7.591965980916261	0.2857585407617599	-1.1281622945314076e-7	-5.355404100520214e-9	0.04446834199553879	0.02217118996900655	14395.755007170152	7296.947713078095
1.64560896e6	7.590030756945929	0.2856666965752627	-1.129742813809664e-7	-5.36043797273174e-9	0.0444890761488472	0.022173136667118686	14550.550407423752	7374.111570783436
1.66275072e6	7.588092818513033	0.28557476599412773	-1.1313290730543518e-7	-5.365483788813011e-9	0.04450985218982574	0.02217507687028512	14705.418042399771	7451.282191329429
1.67989248e6	7.586152155858831	0.28548274881395624	-1.1329211067809816e-7	-5.370541589328024e-9	0.04453067029320304	0.022177010525663017	14860.35805724342	7528.45955236462
1.69703424e6	7.58420875922458	0.2853906448303497	-1.134518949748303e-7	-5.375611414766723e-9	0.044551530634264744	0.022178937579925985	15015.37059709991	7605.643631537557
1.714176e6	7.582262618851538	0.2852984538389095	-1.136122636960575e-7	-5.380693305540994e-9	0.04457243338885718	0.022180857979258627	15170.455807114455	7682.834406496787
1.73131776e6	7.580313724980961	0.28520617563523704	-1.1377322036697881e-7	-5.385787301981307e-9	0.044593378733390296	0.02218277166935343	15325.613832432266	7760.031854890857
1.74845952e6	7.578362067550186	0.28511381001317454	-1.1393476856330257e-7	-5.390893445356268e-9	0.044614366847833604	0.022184678595535575	15480.844820765216	7837.235953405548
1.76560128e6	7.576407635671086	0.28502135675999074	-1.1409691195559715e-7	-5.396011779598831e-9	0.04463539792091018	0.022186578702993023	15636.148927345315	7914.446676134618
1.78274304e6	7.574450418939813	0.2849288156639465	-1.1425965419989258e-7	-5.401142346896857e-9	0.044656472137214916	0.022188471936215117	15791.526303868464	7991.663998729035
1.7998848e6	7.572490406991888	0.28483618651348197	-1.1442299897508987e-7	-5.406285189217107e-9	0.04467758968155207	0.02219035823915665	15946.977101713017	8068.8878969651
1.81702656e6	7.570527589462833	0.284743469097037	-1.1458694998651317e-7	-5.411440348432777e-9	0.04469875073932483	0.022192237555250113	16102.50147225733	8146.118346619122
1.83416832e6	7.568561955988169	0.28465066320305166	-1.1475151096615179e-7	-5.416607866320191e-9	0.0447199554965389	0.022194109827402	16258.09956687976	8223.355323467405
1.85131008e6	7.566593496203418	0.2845577686199659	-1.1491668567290508e-7	-5.421787784555341e-9	0.044741204139805923	0.022195974997988036	16413.771536958662	8300.598803286259
1.86845184e6	7.5646221997441	0.28446478513621964	-1.1508247789284202e-7	-5.426980144708657e-9	0.044762496856347096	0.02219783300884987	16569.517533872393	8377.848761851985
1.8855936e6	7.562648056245738	0.284371712540253	-1.1524889143944892e-7	-5.432184988241603e-9	0.044783833833996735	0.022199683801290098	16725.337708999305	8455.10517494089
1.90273536e6	7.560671055343854	0.2842785506205059	-1.1541593015389066e-7	-5.43740235650204e-9	0.04480521526120576	0.022201527316068618	16881.232213717758	8532.368018329284
1.91987712e6	7.558691186459556	0.28418529916436736	-1.1558359792369434e-7	-5.442632291451771e-9	0.0448266413291693	0.022203363493476545	17037.201201166336	8609.637267117594
1.93701888e6	7.556708437966614	0.2840919579523865	-1.1575189875491832e-7	-5.447874838481404e-9	0.0448481122401338	0.022205192273649952	17193.24483360132	8686.912893117258
1.95416064e6	7.554722798727251	0.2839985267651834	-1.1592083664088265e-7	-5.453130041157004e-9	0.04486962819221734	0.022207013596003796	17349.36326997628	8764.194869696332
1.9713024e6	7.552734257705724	0.2839050053837495	-1.1609041559545159e-7	-5.458397942570723e-9	0.0448911893831841	0.02220882739934348	17505.556668446265	8841.483170545436
1.98844416e6	7.55074280386629	0.2838113935890765	-1.1626063966205904e-7	-5.463678585686855e-9	0.04491279601145477	0.022210633621897326	17661.825187166334	8918.777769355194
2.00558592e6	7.548748426173204	0.28371769116215584	-1.164315129139969e-7	-5.468972013336127e-9	0.044934448276110615	0.02221243220131235	17818.168984291544	8996.078639816234
2.02272768e6	7.546751113590726	0.2836238978839791	-1.166030394546953e-7	-5.47427826821186e-9	0.04495614637689761	0.022214223074648674	17974.588217976947	9073.385755619178
2.03986944e6	7.54475085508311	0.2835300135355379	-1.1677522341801412e-7	-5.479597392864334e-9	0.044977890514230214	0.02221600617837545	18131.083046377604	9150.69909045465
2.0570112e6	7.542747639614614	0.2834360378978238	-1.1694806896853754e-7	-5.484929429695561e-9	0.04499968088919546	0.022217781448366242	18287.653627648564	9228.018618013271
2.07415296e6	7.540741456149496	0.28334197075182826	-1.1712158030186794e-7	-5.490274420954242e-9	0.045021517703557036	0.02221954881989385	18444.300119944885	9305.344311985671
2.09129472e6	7.538732293523581	0.28324781187802806	-1.172957616562302e-7	-5.495632409175289e-9	0.0450434011610394	0.02222130822766518	18601.02268244982	9382.67614565918
2.10843648e6	7.5367201393793986	0.2831535610505373	-1.1747061740681725e-7	-5.501003440838615e-9	0.04506533147799361	0.022223059606157065	18757.821484364118	9460.01408858244
2.12557824e6	7.534704981746348	0.2830592180421765	-1.1764615192758448e-7	-5.506387560875799e-9	0.04508730886770244	0.022224802889127745	18914.6966926278	9537.358111534308
2.14272e6	7.532686808854399	0.282964782626309	-1.1782236960774472e-7	-5.511784813353425e-9	0.045109333542174106	0.022226538009642548	19071.64847265192	9614.70818592486
2.15986176e6	7.5306656089335196	0.2828702545762982	-1.1799927486970733e-7	-5.517195242166412e-9	0.045131405714138706	0.022228264900126693	19228.676989847525	9692.064283164182
2.17700352e6	7.528641370213681	0.2827756336655076	-1.181768721694085e-7	-5.522618891031279e-9	0.04515352559705241	0.022229983492361157	19385.782409625677	9769.42637466236
2.19414528e6	7.526614080924851	0.28268091966730075	-1.1835516599663835e-7	-5.5280558034809195e-9	0.04517569340510208	0.022231693717476655	19542.964897397425	9846.79443182947
2.21128704e6	7.5245837292969995	0.2825861123550409	-1.1853416087537546e-7	-5.533506022857879e-9	0.04519790935320976	0.022233395505948883	19700.224618573822	9924.168426075601
2.2284288e6	7.522550303560094	0.28249121150209155	-1.1871386136412039e-7	-5.538969592309049e-9	0.0452201736570372	0.022235088787592675	19857.56173856592	10001.548328810828
2.24557056e6	7.520513791944106	0.2823962168818162	-1.1889427205624673e-7	-5.544446554777795e-9	0.0452424865329904	0.022236773491557105	20014.976422784777	10078.93411144524
2.26271232e6	7.518474182634103	0.28230112826743536	-1.1907539758438878e-7	-5.549936953156438e-9	0.0452648481986747	0.022238449546330852	20172.46883699081	10156.32574524908
2.27985408e6	7.516431462790146	0.2822059454275051	-1.192572427094445e-7	-5.555440833698183e-9	0.0452872588827726	0.0222401168799929	20330.039155330847	10233.72319830208
2.29699584e6	7.514385619535235	0.28211066812713836	-1.1943981223245477e-7	-5.5609582425143695e-9	0.04530971881520491	0.02224177541997078	20487.687553213553	10311.126438572788
2.3141376e6	7.512336640230679	0.2820152961317516	-1.1962311097006132e-7	-5.566489224654158e-9	0.04533222822430598	0.0222434250929321	20645.41420432652	10388.535434772532
2.33127936e6	7.510284512237783	0.28191982920676106	-1.1980714377635757e-7	-5.572033824939476e-9	0.04535478733920762	0.022245065824832908	20803.21928235733	10465.950155612618
2.34842112e6	7.508229222917855	0.2818242671175831	-1.1999191554324407e-7	-5.577592087960839e-9	0.04537739638984406	0.02224669754091146	20961.10296099358	10543.370569804372
2.36556288e6	7.506170759632202	0.28172860962963425	-1.2017743120083136e-7	-5.583164058067356e-9	0.045400055606957236	0.02224832016568247	21119.065413922843	10620.796646059103
2.38270464e6	7.50410910974213	0.28163285650833064	-1.2036369571781326e-7	-5.588749779361123e-9	0.045422765222101695	0.022249933622931616	21277.10681483272	10698.228353088132
2.3998464e6	7.502044260608946	0.2815370075190887	-1.205507141018655e-7	-5.594349295688562e-9	0.04544552546765	0.02225153783570831	21435.227337410794	10775.665659602775
2.41698816e6	7.499976199593957	0.2814410624273249	-1.2073849140004272e-7	-5.599962650632675e-9	0.04546833657679774	0.02225313272632014	21593.42715534465	10853.108534314348
2.43412992e6	7.497904914052798	0.2813450209984452	-1.2092703269969913e-7	-5.6055898875261915e-9	0.04549119878362603	0.022254718216328486	21751.70644236598	10930.55694591623
2.45127168e6	7.495830390708278	0.28124888299538386	-1.2111634318705845e-7	-5.611231051658356e-9	0.04551411232946818	0.022256294226667334	21910.065377441937	11008.010861111816
2.46841344e6	7.493752615798355	0.2811526481760345	-1.2130642813451876e-7	-5.616886189693124e-9	0.04553707746150753	0.02225786067763434	22068.504144293303	11085.470245106251
2.4855552e6	7.491671575706134	0.28105631629775085	-1.214972928430009e-7	-5.6225553474777715e-9	0.04556009442636015	0.02225941748872227	22227.02292570131	11162.935063570394
2.50269696e6	7.489587256814716	0.28095988711788666	-1.216889426558097e-7	-5.6282385705672e-9	0.04558316347152637	0.02226096457863018	22385.62190444716	11240.4052821751
2.51983872e6	7.4874996455072065	0.28086336039379567	-1.2188138295907244e-7	-5.6339359042151135e-9	0.04560628484539652	0.022262501865255496	22544.301263312096	11317.880866591226
2.53698048e6	7.485408728166708	0.28076673588283163	-1.2207461918218576e-7	-5.639647393365089e-9	0.045629458797256876	0.022264029265687397	22703.061185077313	11395.361782489626
2.55412224e6	7.483314491176323	0.2806700133423482	-1.2226865679826864e-7	-5.6453730826409466e-9	0.04565268557729548	0.0222655466962003	22861.90185252405	11472.84799554116
2.571264e6	7.481216920919155	0.28057319252969914	-1.2246350132461486e-7	-5.651113016338277e-9	0.0456759654366078	0.022267054072246908	23020.82344843351	11550.339471416679
2.58840576e6	7.479116003778307	0.28047627320223817	-1.2265915832315948e-7	-5.656867238414104e-9	0.045699298627203185	0.02226855130845043	23179.82615558692	11627.836175787043
2.60554752e6	7.477011726136882	0.28037925511731904	-1.2285563340094407e-7	-5.6626357924779095e-9	0.045722685402010535	0.022270038318597883	23338.910156765505	11705.338074323108
2.62268928e6	7.474904074278514	0.28028213803184154	-1.230529322200591e-7	-5.668418722134074e-9	0.04574612601590353	0.02227151501564881	23498.07563553921	11782.845132433056
2.63983104e6	7.472793033809027	0.28018492169749676	-1.2325106055333484e-7	-5.674216072989155e-9	0.045769620731685896	0.022272981311840963	23657.322781685754	11860.35731342587
2.6569728e6	7.470678590086367	0.2800876058637201	-1.2345002424459643e-7	-5.680027891141375e-9	0.045793169815695124	0.022274437118587547	23816.651787391274	11937.874579791524
2.67411456e6	7.468560728468453	0.27999019027994676	-1.2364982918576434e-7	-5.685854222311584e-9	0.045816773535250176	0.02227588234641379	23976.062844842243	12015.396894019888
2.69125632e6	7.466439434313203	0.2798926746956117	-1.238504813173521e-7	-5.691695111834508e-9	0.04584043215865812	0.022277316904948937	24135.556146225117	12092.92421860083
2.70839808e6	7.464314692978535	0.27979505886015	-1.2405198662899926e-7	-5.697550604645656e-9	0.04586414595522054	0.02227874070291817	24295.13188372637	12170.456516024218
2.72553984e6	7.462186489822367	0.27969734252299666	-1.2425435115998628e-7	-5.703420745272038e-9	0.04588791519524031	0.022280153648135112	24454.790249532463	12247.993748779916
2.7426816e6	7.4600548102026165	0.2795995254335869	-1.244575809997815e-7	-5.7093055778187654e-9	0.045911740150028524	0.022281555647493484	24614.531435829867	12325.535879357798
2.75982336e6	7.457919639477203	0.27950160734135565	-1.246616822885735e-7	-5.715205145958704e-9	0.04593562109191119	0.022282946606958884	24774.355634805037	12403.082870247723
2.77696512e6	7.4557809630040435	0.279403587995738	-1.2486666121782274e-7	-5.72111949292002e-9	0.04595955829423633	0.0222843264315608	24934.26303864445	12480.634683939566
2.79410688e6	7.453638765980056	0.2793054671458737	-1.2507252404656023e-7	-5.727048662059699e-9	0.04598355203303539	0.022285695025395222	25094.25384088382	12558.191282415486
2.81124864e6	7.4514930328652715	0.2792072445363555	-1.2527927715852374e-7	-5.732992698886104e-9	0.046007602593029606	0.022287052291688057	25254.328241625688	12635.752625371148
2.8283904e6	7.449343747943147	0.2791089199089606	-1.254869270086338e-7	-5.7389516490312495e-9	0.046031710261887106	0.022288398132725293	25414.486442757574	12713.318671974426
2.84553216e6	7.447190895498669	0.2790104930054419	-1.2569548010635778e-7	-5.7449255576383344e-9	0.046055875328351176	0.022289732449798552	25574.728646157488	12790.889381398343
2.86267392e6	7.4450344598168225	0.27891196356755243	-1.2590494301645663e-7	-5.750914469355209e-9	0.04608009808226292	0.022291055143195165	25735.05505370344	12868.464712815912
2.87981568e6	7.442874425182595	0.27881333133704517	-1.2611532235959925e-7	-5.756918428320396e-9	0.04610437881456888	0.022292366112190293	25895.46586727345	12946.044625400154
2.89695744e6	7.440710775880969	0.27871459605567306	-1.263266248129767e-7	-5.762937478149516e-9	0.04612871781732879	0.02229366525503693	26055.961288745522	13023.629078324078
2.9140992e6	7.438543496196934	0.2786157574651891	-1.2653885711093358e-7	-5.768971661920765e-9	0.04615311538372344	0.022294952468956797	26216.541519997678	13101.218030760707
2.93124096e6	7.436372570415474	0.2785168153073462	-1.267520260455976e-7	-5.775021022160972e-9	0.046177571808062395	0.02229622765013134	26377.20676290792	13178.811441883052
2.94838272e6	7.434197982821576	0.27841776932389734	-1.2696613846752912e-7	-5.781085600830164e-9	0.04620208738579206	0.022297490693691968	26537.95721935427	13256.409270864133
2.96552448e6	7.432019717616388	0.2783186192566619	-1.2718120129480454e-7	-5.787165439619128e-9	0.046226662414368604	0.022298741493708776	26698.793091777246	13334.011476644606
2.98266624e6	7.429837758251753	0.27821936484403276	-1.2739722158078357e-7	-5.793260582332456e-9	0.04625129720022649	0.022299979943208915	26859.714588855837	13411.618015903949
2.999808e6	7.427652087795288	0.27812000582036533	-1.2761420647888876e-7	-5.79937107351698e-9	0.04627599205505568	0.022301205934162318	27020.721923154935	13489.22884405751
3.01694976e6	7.425462689312199	0.2780205419198757	-1.2783216320526235e-7	-5.80549695711114e-9	0.04630074729179025	0.02230241935742212	27181.81530729822	13566.843916507472
3.03409152e6	7.423269545867689	0.2779209728767797	-1.2805109903924108e-7	-5.81163827642234e-9	0.04632556322458947	0.022303620102713348	27342.994953909372	13644.463188656015
3.05123328e6	7.421072640526964	0.2778212984252934	-1.282710213240699e-7	-5.817795074110816e-9	0.046350440168846596	0.022304808058620913	27504.261075612063	13722.086615905315
3.06837504e6	7.418871956355228	0.2777215182996327	-1.2849193746764066e-7	-5.8239673921709804e-9	0.04637537844119787	0.022305983112580547	27665.613885029976	13799.714153657555
3.0855168e6	7.416667476417687	0.2776216322340137	-1.2871385494322243e-7	-5.830155271915229e-9	0.046400378359531314	0.022307145150867198	27827.05359478678	13877.34575731491
3.10265856e6	7.4144591837795435	0.2775216399626523	-1.2893678129021322e-7	-5.836358753955755e-9	0.04642544024299582	0.022308294058585035	27988.580417506157	13954.981382279562
3.11980032e6	7.4122470615060045	0.2774215412197644	-1.2916072411490614e-7	-5.8425778781852885e-9	0.046450564412010766	0.022309429719655365	28150.194565811777	14032.620983953688
3.13694208e6	7.4100310926505175	0.27732133574008533	-1.2938569109248812e-7	-5.848812683814327e-9	0.04647575118838642	0.022310552016799677	28311.896252336803	14110.264517702282
3.15408384e6	7.407811259632302	0.27722102325741277	-1.2961169003237725e-7	-5.85506321164887e-9	0.04650100090186458	0.022311660831493878	28473.685694771848	14187.911936936214
3.1712256e6	7.405587544074844	0.2771206034987128	-1.2983872889653304e-7	-5.861329504564549e-9	0.04652631389196915	0.02231275604399978	28635.56311804121	14265.563192624844
3.18836736e6	7.403359927557221	0.277020076190281	-1.3006681572329812e-7	-5.8676116048105676e-9	0.046551690500068195	0.022313837533318545	28797.528747518307	14343.218235601777
3.20550912e6	7.401128391658505	0.276919441058413	-1.302959586236928e-7	-5.873909553836019e-9	0.04657713106890688	0.02231490517717523	28959.582808576568	14420.877016700628
3.22265088e6	7.398892917957772	0.2768186978294044	-1.3052616578226463e-7	-5.880223392269433e-9	0.046602635942617834	0.022315958852005283	29121.725526589416	14498.539486755
3.23979264e6	7.396653488034097	0.2767178462295508	-1.3075744545795917e-7	-5.88655315989694e-9	0.04662820546673178	0.022316998432942613	29283.957126930276	14576.205596598513
3.2569344e6	7.394410083466554	0.27661688598514783	-1.3098980598499327e-7	-5.892898895641328e-9	0.04665383998818771	0.02231802379380727	29446.27783497257	14653.875297064766
3.27407616e6	7.3921626858342195	0.27651581682249105	-1.3122325577375299e-7	-5.899260637538452e-9	0.04667953985534354	0.022319034807092946	29608.687876089727	14731.548538987377
3.29121792e6	7.389911276716167	0.2764146384678761	-1.3145780331169313e-7	-5.9056384227156524e-9	0.04670530541798701	0.022320031343953863	29771.187475655162	14809.22527319995
3.30835968e6	7.387655837691471	0.2763133506475986	-1.3169345716426076e-7	-5.9120322873672164e-9	0.04673113702734623	0.022321013274192482	29933.776859042315	14886.905450536102
3.32550144e6	7.3853963503392075	0.2762119530879541	-1.3193022597582088e-7	-5.918442266731644e-9	0.04675703503610095	0.022321980466245703	30096.456251624593	14964.589021829435
3.3426432e6	7.383132796217126	0.27611044551537095	-1.3216811847289789e-7	-5.924868395149365e-9	0.04678299979861553	0.022322932787167585	30259.22587891317	15042.275937850602
3.35978496e6	7.380865155922159	0.27600882765722395	-1.3240714356617653e-7	-5.931310709602473e-9	0.046809031680859606	0.022323870102453926	30422.08597354084	15119.966146476074
3.37692672e6	7.378593409133477	0.27590709923390033	-1.326473103480509e-7	-5.937769249373683e-9	0.046835131060177074	0.022324792276104947	30585.036776379744	15197.6595927278
3.39406848e6	7.376317535563466	0.2758052599636949	-1.3288862799248578e-7	-5.944244052540927e-9	0.046861298315178754	0.022325699170682497	30748.078528430742	15275.356221704282
3.41121024e6	7.374037514924511	0.2757033095649028	-1.3313110575970402e-7	-5.950735156117625e-9	0.04688753382606193	0.022326590647264936	30911.2114706947	15353.055978504031
3.428352e6	7.371753326929001	0.27560124775581885	-1.333747529972361e-7	-5.9572425960260246e-9	0.04691383797462256	0.022327466565431595	31074.43584417248	15430.758808225548
3.44549376e6	7.369464951289322	0.2754990742547381	-1.3361957914098833e-7	-5.963766407069775e-9	0.046940211144267815	0.022328326783248573	31237.751889864947	15508.464655967342
3.46263552e6	7.367172367717857	0.2753967887799554	-1.3386559371633756e-7	-5.9703066229039926e-9	0.04696665372002873	0.022329171157253826	31401.15984877297	15586.173466827919
3.47977728e6	7.364875555926996	0.27529439104976583	-1.341128063392317e-7	-5.9768632760063754e-9	0.04699316608857298	0.0223299995424413	31564.659961897407	15663.885185905783
3.49691904e6	7.362574495629123	0.2751918807824643	-1.3436122671730442e-7	-5.983436397648262e-9	0.047019748638217604	0.02233081179224665	31728.252470239127	15741.599758299444
3.5140608e6	7.360269166536626	0.2750892576963458	-1.3461086465102282e-7	-5.990026017862289e-9	0.0470464017589423	0.022331607758530818	31891.93761479899	15819.317129107403
3.53120256e6	7.35795954836189	0.27498652150970526	-1.3486173003483185e-7	-5.996632165412692e-9	0.047073125842402405	0.022332387291565028	32055.71563657787	15897.03724342817
3.54834432e6	7.355645620817302	0.2748836719408377	-1.3511383285832985e-7	-6.003254867762775e-9	0.04709992128194232	0.022333150240014227	32219.586776576612	15974.76004636025
3.56548608e6	7.353327362994661	0.2747807087108068	-1.3536718327678048e-7	-6.009894153463332e-9	0.047126788479187914	0.0223338964507356	32383.551279948355	16052.485481196012
3.58262784e6	7.351004752477251	0.2746776315372656	-1.3562179171242687e-7	-6.016550055379505e-9	0.047153727853722543	0.02233462576859604	32547.609403840877	16130.21348664463
3.5997696e6	7.348677766817878	0.27457444013205723	-1.358776686924307e-7	-6.0232226049899424e-9	0.0471807398273973	0.022335338036810797	32711.761406720652	16207.944001213524
3.61691136e6	7.346346383570394	0.27447113420701197	-1.3613482484694228e-7	-6.02991183235332e-9	0.04720782482389105	0.02233603309686176	32876.007547048735	16285.67696341298
3.63405312e6	7.344010580288647	0.27436771347395994	-1.3639327091052635e-7	-6.036617766077323e-9	0.04723498326873656	0.022336710788477973	33040.34808328619	16363.412311753293
3.65119488e6	7.341670334526489	0.27426417764473143	-1.3665301772350133e-7	-6.043340433281002e-9	0.04726221558933551	0.02233737094961762	33204.78327389408	16441.14998474475
3.66833664e6	7.3393256238377695	0.2741605264311567	-1.369140762332965e-7	-6.050079859556798e-9	0.047289522214973775	0.02233801341645135	33369.313377333456	16518.88992089764
3.6854784e6	7.336976425776338	0.27405675954506586	-1.3717645749582625e-7	-6.0568360689325396e-9	0.0473169035768371	0.022338638023341878	33533.93865206538	16596.63205872225
3.70262016e6	7.334622717896044	0.27395287669828916	-1.374401726768923e-7	-6.063609083831261e-9	0.04734436010802651	0.022339244602826908	33698.65935655092	16674.37633672888
3.71976192e6	7.33226447775074	0.27384887760265686	-1.3770523305360294e-7	-6.070398925031288e-9	0.04737189224357442	0.022339832985599283	33863.47574925112	16752.122693427813
3.73690368e6	7.329901682894273	0.2737447619699992	-1.3797165001582275e-7	-6.077205611623824e-9	0.04739950042046057	0.022340403000488812	34028.38808862706	16829.87106732934
3.75404544e6	7.327534310880495	0.2736405295121463	-1.3823943506762914e-7	-6.0840291609723385e-9	0.047427185077628185	0.02234095447444208	34193.39663313978	16907.621396943752
3.7711872e6	7.325162338980895	0.2735361799431233	-1.385085998616305e-7	-6.09086958979808e-9	0.04745494665901294	0.022341487232382162	34358.50164297722	16985.373619983624
3.78832896e6	7.322785742642115	0.27343171298043273	-1.387791563803216e-7	-6.097726920090771e-9	0.0474827856302654	0.022342001096638177	34523.70339141805	17063.127668774046
3.80547072e6	7.320404496893462	0.2733271283323666	-1.3905111677637194e-7	-6.104601173401029e-9	0.04751070246385831	0.022342495887502808	34689.00215653876	17140.883474191196
3.82261248e6	7.318018576796008	0.2732224257064821	-1.393244933229215e-7	-6.111492369255017e-9	0.047538697634081174	0.022342971423247517	34854.398216309484	17218.64096719041
3.83975424e6	7.315627957410821	0.2731176048103363	-1.3959929841893268e-7	-6.118400525244674e-9	0.047566771617386774	0.02234342752008236	35019.891848700405	17296.400078727038
3.856896e6	7.313232613798972	0.27301266535148655	-1.3987554459087974e-7	-6.125325656977232e-9	0.04759492489241012	0.022343863992132115	35185.48333168167	17374.160739756415
3.87403776e6	7.310832521021533	0.27290760703748995	-1.401532444944547e-7	-6.132267778025342e-9	0.047623157939986956	0.02234428065141639	35351.17294322346	17451.922881233884
3.89117952e6	7.308427654139573	0.27280242957590367	-1.4043241091630142e-7	-6.139226899875769e-9	0.047651471243172816	0.022344677307825456	35516.96096129593	17529.68643411479
3.90832128e6	7.306017988214163	0.2726971326742849	-1.4071305677578394e-7	-6.146203031876285e-9	0.04767986528726245	0.022345053769097716	35682.84766386923	17607.451329354473
3.92546304e6	7.303603498306374	0.27259171604019083	-1.409951951267829e-7	-6.15319618118121e-9	0.04770834055980876	0.02234540984079758	35848.83332891355	17685.217497908277
3.9426048e6	7.301184159477275	0.2724861793811787	-1.4127883915951248e-7	-6.1602063526974615e-9	0.04773689755064299	0.022345745326290734	36014.91823439902	17762.98487073154
3.95974656e6	7.298759946787937	0.2723805224048056	-1.4156400220238448e-7	-6.167233549026277e-9	0.047765536751894495	0.022346060026721265	36181.10265829582	17840.75337877961
3.97688832e6	7.296330835217818	0.27227474481957803	-1.4185069773377393e-7	-6.174277770742957e-9	0.047794258658886736	0.02234635374094109	36347.38687902743	17918.52295278334
3.99403008e6	7.293896797987639	0.272168846343885	-1.4213893958743465e-7	-6.181339023015456e-9	0.047823063788395466	0.022346626264640717	36513.77118655931	17996.293518410013
4.01117184e6	7.291457807191816	0.27206282668751136	-1.4242874188034387e-7	-6.188417312708563e-9	0.047851952672192034	0.02234687739076417	36680.255880753175	18074.06499776467
4.0283136e6	7.289013834998904	0.2719566855569509	-1.4272011887117924e-7	-6.19551264380304e-9	0.047880925843821684	0.02234710690991127	36846.841261466376	18151.83731310433
4.04545536e6	7.286564853577455	0.2718504226586975	-1.4301308497149155e-7	-6.202625017691151e-9	0.04790998383937213	0.022347314610238825	37013.52762855622	18229.61038668599
4.06259712e6	7.284110835096022	0.27174403769924493	-1.4330765474784737e-7	-6.209754433109844e-9	0.04793912719749696	0.022347500277433607	37180.31528188006	18307.38414076665
4.07973888e6	7.281651751723157	0.271637530385087	-1.4360384292400882e-7	-6.2169008860719264e-9	0.04796835645943845	0.022347663694685393	37347.2045212952	18385.15849760332
4.09688064e6	7.2791875756274145	0.27153090042271744	-1.4390166438313488e-7	-6.224064369798511e-9	0.047997672169051424	0.022347804642657728	37514.19564665899	18462.933379453007
4.1140224e6	7.276718278977346	0.2714241475186301	-1.4420113417004098e-7	-6.231244874646316e-9	0.048027074872826606	0.02234792289946174	37681.28895782875	18540.708708572707
4.13116416e6	7.274243833941505	0.27131727137931877	-1.4450226749348676e-7	-6.238442388035125e-9	0.04805656511991492	0.022348018240626502	37848.48475466181	18618.484407219436
4.14830592e6	7.271764212688446	0.2712102717112773	-1.448050797284988e-7	-6.24565689437422e-9	0.048086143462151905	0.022348090439069972	38015.7833370155	18696.26039765019
4.16544768e6	7.269279387386718	0.27110314822099946	-1.4510958641875103e-7	-6.2528883749842375e-9	0.0481158104540824	0.02234813926507026	38183.18500474715	18774.036602121974
4.18258944e6	7.266789330202798	0.2709959006150123	-1.4541580327922881e-7	-6.260136808029389e-9	0.04814556665300796	0.022348164486233547	38350.69005772427	18851.8129428863
4.1997312e6	7.264294011939174	0.27088852861226237	-1.4572374637115877e-7	-6.267402174004499e-9	0.048175412633919876	0.022348165866580443	38518.29880400564	18929.589338378624
4.21687296e6	7.261793401288185	0.27078103193179875	-1.4603343220131707e-7	-6.274684458285471e-9	0.04820534899816354	0.022348143166198906	38686.01156741313	19007.365700696348
4.23401472e6	7.259287467033766	0.2706734102836975	-1.4634487744922822e-7	-6.281983642295535e-9	0.048235376349227053	0.02234809614245393	38853.828672534764	19085.141942008162
4.25115648e6	7.256776177959853	0.27056566337803495	-1.466580989818508e-7	-6.2892997039743684e-9	0.04826549529361055	0.02234802454979466	39021.75044395855	19162.91797448275
4.26829824e6	7.254259502850382	0.27045779092488725	-1.4697311385631896e-7	-6.2966326176894315e-9	0.04829570644085434	0.022347928139721446	39189.77720627246	19240.693710288793
4.28544e6	7.251737410489288	0.2703497926343306	-1.4728993932275183e-7	-6.303982354142256e-9	0.048326010403568424	0.022347806660750195	39357.90928406453	19318.469061594984
4.30258176e6	7.249209869660507	0.27024166821644136	-1.4760859282709965e-7	-6.311348880274382e-9	0.048356407797461254	0.022347659858379408	39526.147001922756	19396.243940570002
4.31972352e6	7.246676849147974	0.2701334173812956	-1.4792909201404861e-7	-6.318732159169871e-9	0.04838689924136973	0.022347487475054707	39694.490684435135	19474.018259382538
4.33686528e6	7.244138317735626	0.2700250398389696	-1.4825145472996662e-7	-6.3261321499576225e-9	0.04841748535728951	0.022347289250131682	39862.94065618969	19551.79193020128
4.35400704e6	7.241594244207397	0.2699165352995396	-1.485756990259223e-7	-6.3335488077077566e-9	0.048448166770405074	0.02234706491984222	40031.49724177441	19629.56486519491
4.3711488e6	7.239044597347223	0.26980790347308176	-1.4890184316074632e-7	-6.340982083327506e-9	0.04847894410912116	0.022346814217256098	40200.16076577729	19707.336976532108
4.38829056e6	7.236489345939041	0.2696991440696724	-1.4922990560415013e-7	-6.348431923454664e-9	0.04850981800509402	0.02234653687224393	40368.93155278636	19785.108176381567
4.40543232e6	7.233928457996553	0.26959025680875176	-1.4955990514196687e-7	-6.355898273564211e-9	0.04854078910176983	0.02234623261082731	40537.809931665775	19862.87837481939
4.42257408e6	7.231361898419338	0.26948124142785895	-1.4989186119182872e-7	-6.3633810871948706e-9	0.04857185808076996	0.022345901153456266	40706.796251640444	19940.647472982026
4.43971584e6	7.228789631956327	0.26937209764820313	-1.5022579341873174e-7	-6.370880313499358e-9	0.048603025629291696	0.02234554221722006	40875.89086559458	20018.41537115639
4.4568576e6	7.226211623395064	0.26926282519015554	-1.5056172171465294e-7	-6.378395896743482e-9	0.04863429243771213	0.02234515551573428	41045.09412625531	20096.181969725345
4.47399936e6	7.223627837523088	0.2691534237740874	-1.508996662072563e-7	-6.385927776351372e-9	0.048665659200043045	0.022344740759062936	41214.4063863498	20173.947169071755
4.49114112e6	7.22103823912794	0.2690438931203701	-1.5123964726353716e-7	-6.393475886778881e-9	0.048697126613967016	0.022344297653677344	41383.827998605186	20251.710869578477
4.50828288e6	7.218442792997162	0.2689342329493748	-1.5158168549354438e-7	-6.401040157382983e-9	0.048728695380875105	0.02234382590241079	41553.359315748625	20329.472971628373
4.52542464e6	7.215841463918294	0.26882444298147273	-1.5192580175417159e-7	-6.408620512287475e-9	0.048760366205904064	0.022343325204414705	41723.00069050725	20407.233375604308
4.5425664e6	7.213234216678878	0.26871452293703524	-1.522720171530209e-7	-6.416216870246027e-9	0.048792139797974705	0.02234279525511408	41892.75247560824	20484.99198188915
4.55970816e6	7.210621016066455	0.2686044725364336	-1.5262035305233405e-7	-6.423829144501902e-9	0.04882401686983057	0.02234223574616133	42062.61502377871	20562.74869086575
4.57684992e6	7.208001826868564	0.26849429150003895	-1.529708310730053e-7	-6.431457242643627e-9	0.048855998138076916	0.022341646365391165	42232.58868774582	20640.503402916973
4.59399168e6	7.205376613872748	0.2683839795482227	-1.533234730986807e-7	-6.439101066455405e-9	0.0488880843232211	0.022341026796771614	42402.67382023671	20718.25601842568
4.61113344e6	7.202745341557064	0.2682735364062418	-1.536783013229424e-7	-6.4467605130882385e-9	0.0489202761531611	0.022340376720061755	42572.87077554719	20796.006436963562
4.6282752e6	7.200107970853968	0.2681629618356498	-1.5403533870474814e-7	-6.454435488258605e-9	0.04895257439972837	0.022339695807852698	42743.17992883833	20873.754548313183
4.64541696e6	7.1974644616073045	0.26805225558238566	-1.5439460863739767e-7	-6.462125895287026e-9	0.04898497985178499	0.022338983727901045	42913.60166561318	20951.500238577308
4.66255872e6	7.194814773847277	0.2679414173868024	-1.5475613477881508e-7	-6.4698316301927345e-9	0.049017493300509904	0.022338240143912745	43084.13637081908	21029.243394280544
4.67970048e6	7.192158867604088	0.2678304469892529	-1.551199410822602e-7	-6.477552582379189e-9	0.04905011554146906	0.022337464715279143	43254.78442940337	21106.983901947497
4.69684224e6	7.189496702907941	0.2677193441300902	-1.554860518011551e-7	-6.485288634455862e-9	0.049082847374662016	0.022336657097022948	43425.5462263134	21184.721648102757
4.713984e6	7.186828239789036	0.2676081085496672	-1.5585449149399834e-7	-6.4930396620570665e-9	0.049115689604569364	0.02233581693974221	43596.42214649653	21262.456519270934
4.73112576e6	7.184153438277579	0.26749673998833684	-1.562252850293928e-7	-6.500805533653602e-9	0.04914864304020113	0.022334943889553982	43767.412574900096	21340.188401976633
4.74826752e6	7.18147225840377	0.26738523818645216	-1.5659845759116076e-7	-6.5085861103614275e-9	0.049181708495145554	0.0223340375880374	43938.51789647144	21417.917182744448
4.76540928e6	7.178784660197812	0.267273602884366	-1.569740346835685e-7	-6.516381245744397e-9	0.04921488678761892	0.022333097672174423	44109.73849615794	21495.64274809899
4.78255104e6	7.176090603689909	0.2671618338224314	-1.5735204213666245e-7	-6.524190785610906e-9	0.04924817874051595	0.02233212377429163	44281.07475890691	21573.364984564854
4.7996928e6	7.173390048910263	0.26704993074100136	-1.577325061117052e-7	-6.532014567806231e-9	0.04928158518146107	0.022331115521999467	44452.5270696657	21651.08377866664
4.81683456e6	7.170682955845278	0.2669378933813055	-1.581154531131356e-7	-6.539852422189934e-9	0.049315106943352734	0.022330072538081922	44624.09581358083	21728.79901681919
4.83397632e6	7.167969281228273	0.26682572153143236	-1.5850091046439096e-7	-6.547704184000711e-9	0.049348744900888177	0.022328994436970652	44795.78139312749	21806.51057680924
4.85111808e6	7.16524897895261	0.2667134149834579	-1.588889062602012e-7	-6.555569690972453e-9	0.04938249996685473	0.02232788082539983	44967.58423103596	21884.218327931565
4.86825984e6	7.162522003335512	0.2666009735116796	-1.5927946890119275e-7	-6.563448769876893e-9	0.049416373054747206	0.02232673130546862	45139.50474939977	21961.922140301736
4.8854016e6	7.159788308694205	0.266488396890395	-1.5967262716266413e-7	-6.571341238351008e-9	0.0494503650834122	0.02232554547398115	45311.543370312436	22039.621884035325
4.90254336e6	7.15704784934591	0.26637568489390145	-1.6006841020104947e-7	-6.579246904647632e-9	0.049484476977108574	0.02232432292237713	45483.70051586749	22117.3174292479
4.91968512e6	7.154300579607853	0.26626283729649647	-1.6046684756053433e-7	-6.5871655673756504e-9	0.049518709665569496	0.022323063236658554	45655.976608158424	22195.008646055023
4.93682688e6	7.151546453797256	0.2661498538724775	-1.6086796917980696e-7	-6.59509701523443e-9	0.049553064084064694	0.02232176599731793	45828.37206927876	22272.69540457227
4.95396864e6	7.148785426231345	0.26603673439614206	-1.6127180539894865e-7	-6.6030410267413425e-9	0.04958754117346454	0.022320430779263416	46000.88732132202	22350.377574915205
4.9711104e6	7.146017451227341	0.26592347864178745	-1.6167838696649373e-7	-6.610997369948391e-9	0.04962214188030471	0.022319057151743444	46173.52278638173	22428.055027199403
4.98825216e6	7.143242483102469	0.2658100863837113	-1.620877450466048e-7	-6.618965802156701e-9	0.04965686715685198	0.022317644678270087	46346.27888655138	22505.727631540423
5.00539392e6	7.140460476173953	0.26569655739621095	-1.6249991122643962e-7	-6.626946069616765e-9	0.049691717961170875	0.02231619291654127	46519.15604392451	22583.39525805384
5.02253568e6	7.137671384759016	0.26558289145358394	-1.6291491752366027e-7	-6.634937907223722e-9	0.049726695257192075	0.022314701418361397	46692.15468059463	22661.057776855218
5.03967744e6	7.1348751609890675	0.26546908836945554	-1.633327967318467e-7	-6.642941047609688e-9	0.04976180003988696	0.02231316972680381	46865.27522934533	22738.71505247885
5.0568192e6	7.132071751610057	0.26535514801315885	-1.6375358292910387e-7	-6.65095523354136e-9	0.049797033373075325	0.022311597372418192	47038.51815471032	22816.36693460402
5.07396096e6	7.129261103978883	0.26524107021383747	-1.641773105709359e-7	-6.658980192030812e-9	0.04983239632064684	0.022309983880381565	47211.88392207149	22894.013273687695
5.09110272e6	7.126443165481051	0.26512685479992504	-1.6460401459030203e-7	-6.6670156372017866e-9	0.04986788995277406	0.022308328769336905	47385.372996696424	22971.653920254645
5.10824448e6	7.123617883502066	0.2650125015998553	-1.6503373041087125e-7	-6.6750612700539044e-9	0.04990351534631683	0.02230663155126446	47558.98584385275	23049.28872482965
5.12538624e6	7.120785205427433	0.26489801044206196	-1.6546649395604857e-7	-6.683116778091211e-9	0.049939273584903764	0.022304891731386455	47732.722928808056	23126.917537937476
5.142528e6	7.117945078642658	0.2647833811549788	-1.6590234165821863e-7	-6.691181834937497e-9	0.049975165759015144	0.02230310880807144	47906.58471682995	23204.540210102896
5.15966976e6	7.115097450533247	0.2646686135670394	-1.6634131046820596e-7	-6.699256099938671e-9	0.05001119296606719	0.022301282272737387	48080.571673186045	23282.156591850686
5.17681152e6	7.112242268484704	0.2645537075066775	-1.6678343786491907e-7	-6.707339217759441e-9	0.050047356310497663	0.02229941160975179	48254.68426314394	23359.766533705624
5.19395328e6	7.109379479882534	0.2644386628023269	-1.6722876186526848e-7	-6.715430817958884e-9	0.05008365690385326	0.02229749629633195	48428.92295197126	23437.36988619248
5.21109504e6	7.1065090321122435	0.2643234792824212	-1.6767732103425115e-7	-6.723530514563417e-9	0.050120095864878124	0.022295535802441195	48603.288204935576	23514.96649983602
5.2282368e6	7.103630872559338	0.26420815677539417	-1.6812915449531436e-7	-6.731637905620008e-9	0.0501566743196044	0.022293529590685042	48777.78048730451	23592.556225161028
5.24537856e6	7.100744947314297	0.26409269513379874	-1.685843021523897e-7	-6.739752578281448e-9	0.0501933934165674	0.022291477114365996	48952.40027056813	23670.138909427136
5.26252032e6	7.097851194583882	0.26397709432759664	-1.6904280578392147e-7	-6.74787413574616e-9	0.05023025440460002	0.02228937780819952	49127.148067912785	23747.714379174333
5.27966208e6	7.094949553191593	0.26386135427566626	-1.6950470768270427e-7	-6.756002160013468e-9	0.05026725853423567	0.02228723110009374	49302.02439469683	23825.28246136372
5.29680384e6	7.092039962424418	0.26374547488611194	-1.699700506941414e-7	-6.764136212972323e-9	0.05030440705888182	0.02228503641039684	49477.02976432942	23902.84298406368
5.3139456e6	7.089122361569344	0.26362945606703814	-1.7043887830403037e-7	-6.7722758379066166e-9	0.050341701240292934	0.02228279315109701	49652.164690219695	23980.395775342586
5.33108736e6	7.086196689913357	0.2635132977265492	-1.709112346511076e-7	-6.780420558948558e-9	0.05037914234867945	0.0222805007256973	49827.4296857768	24057.940663268804
5.34822912e6	7.0832628867434435	0.26339699977274955	-1.713871645399218e-7	-6.788569880510825e-9	0.050416731662818966	0.022278158529088224	50002.82526440987	24135.477475910702
5.36537088e6	7.080320891346592	0.26328056211374357	-1.7186671345399016e-7	-6.7967232867062e-9	0.05045447047016912	0.02227576594741804	50178.351939528045	24213.006041336652
5.38251264e6	7.077370643009788	0.26316398465763563	-1.723499275693059e-7	-6.8048802407436995e-9	0.0504923600669827	0.022273322357961575	50354.010224540485	24290.526187615025
5.3996544e6	7.074412081020019	0.26304726731253014	-1.7283685376814885e-7	-6.813040184310588e-9	0.0505304017584251	0.02227082712898524	50529.80063285632	24368.0377428142
5.41679616e6	7.0714451446642705	0.26293040998653155	-1.7332753965325404e-7	-6.821202536931775e-9	0.050568596858693866	0.022268279619609466	50705.72367788469	24445.540535002532
5.43393792e6	7.0684697724061865	0.2628134126084901	-1.7382203370461933e-7	-6.829366698927209e-9	0.05060694670082427	0.022265679178312747	50881.77987661767	24523.034390277022
5.45107968e6	7.065485895140898	0.26269627525060035	-1.7432038646504707e-7	-6.837532079060318e-9	0.05064545271718831	0.022263025132071658	51057.96978372863	24600.519115454474
5.46822144e6	7.062493442235703	0.26257899795106604	-1.748226495313722e-7	-6.845698066486134e-9	0.05068411636949798	0.02226031679610234	51234.29396780292	24677.99451192039
5.4853632e6	7.059492343443246	0.26246158073335357	-1.7532887524831064e-7	-6.853864023311414e-9	0.05072293912528587	0.02225755347602473	51410.752996252784	24755.460381859928
5.50250496e6	7.05648252851617	0.26234402362092935	-1.7583911679213668e-7	-6.862029285643797e-9	0.05076192246248412	0.022254734467011674	51587.347436490454	24832.916527458256
5.51964672e6	7.053463927207118	0.2622263266372597	-1.7635342818801496e-7	-6.870193162796901e-9	0.05080106786957004	0.022251859053623275	51764.07785592818	24910.362750900535
5.53678848e6	7.0504364692687345	0.2621084898058111	-1.7687186432780634e-7	-6.878354936465065e-9	0.05084037684571411	0.022248926509639045	51940.94482197823	24987.798854371944
5.55393024e6	7.047400084453662	0.2619905131500498	-1.7739448098830698e-7	-6.886513859875016e-9	0.0508798509009314	0.02224593609788604	52117.948902052805	25065.22464005763
5.571072e6	7.0443547025145445	0.2618723966934423	-1.7792133484997548e-7	-6.8946691569079824e-9	0.050919491556235846	0.022242887070063753	52295.090663564166	25142.639910142767
5.58821376e6	7.0413002532040245	0.26175414045945494	-1.784524835161419e-7	-6.902820021193449e-9	0.05095930034379757	0.022239778666565246	52472.37067392456	25220.04446681252
5.60535552e6	7.038236666274747	0.26163574447155413	-1.7898798553271468e-7	-6.91096561517348e-9	0.05099927880710322	0.0222366101162963	52649.78950054623	25297.438112252054
5.62249728e6	7.035163870753981	0.2615172087688126	-1.795279005408215e-7	-6.919105072188471e-9	0.05103942850985453	0.022233380635204338	52827.34771401821	25374.820646914137
5.63963904e6	7.032081787060715	0.2613985335469121	-1.8007229074462904e-7	-6.9272375278003395e-9	0.051079751131778706	0.02223008941229462	53005.04592662488	25452.191849651765
5.6567808e6	7.028990333427145	0.2612797189989392	-1.8062121978803227e-7	-6.935362090867418e-9	0.05112024839244969	0.02222673562056917	53182.88476716317	25529.551492288694
5.67392256e6	7.02588942867461	0.26116076530102206	-1.8117475227825123e-7	-6.943477831911677e-9	0.05116092201731887	0.022223318421150988	53360.86486244824	25606.899347899845
5.69106432e6	7.022778991624447	0.26104167262928857	-1.8173295391697147e-7	-6.951583784573897e-9	0.05120177374491584	0.022219836961982417	53538.986839295234	25684.23518956015
5.70820608e6	7.019658941097996	0.2609224411598669	-1.8229589152470418e-7	-6.959678944434201e-9	0.05124280532704504	0.022216290377605453	53717.251324519304	25761.55879034452
5.72534784e6	7.016529195916593	0.26080307106888495	-1.828636330658073e-7	-6.9677622677933385e-9	0.051284018528986494	0.02221267778893559	53895.6589449356	25838.869923327886
5.7424896e6	7.013389674901579	0.2606835625324709	-1.8343624767420342e-7	-6.975832670410311e-9	0.0513254151297011	0.022208998303031205	54074.21032735929	25916.168361585173
5.75963136e6	7.010240296874292	0.26056391572675264	-1.8401380567981594e-7	-6.983889026196237e-9	0.05136699692203953	0.022205251012859997	54252.90609860551	25993.453878191303
5.77677312e6	7.0070809806560685	0.2604441308278583	-1.8459637863571447e-7	-6.991930165866352e-9	0.05140876571295718	0.02220143499705666	54431.74688548942	26070.7262462212
5.79391488e6	7.003911644110081	0.260324208040051	-1.8518403953163918e-7	-6.999954879666555e-9	0.05145072333534273	0.022197549317739308	54610.73331865906	26147.985236583394
5.81105664e6	7.000732195206914	0.26020414779578854	-1.8577686456122732e-7	-7.0079619525484525e-9	0.051492871757856856	0.0221935930026544	54789.86607385132	26225.23059623204
5.8281984e6	6.997542539479159	0.2600839504988678	-1.863749317414468e-7	-7.015950129095098e-9	0.05153521299621552	0.02218956505987112	54969.14584543368	26302.462064053972
5.84534016e6	6.994342582995317	0.25996361652974276	-1.869783203826046e-7	-7.02391810152097e-9	0.05157774907590984	0.022185464482376942	55148.573326303514	26379.679379953825
5.86248192e6	6.991132231823885	0.25984314626886723	-1.8758711122542967e-7	-7.0318645105211645e-9	0.051620482038818805	0.02218129024662378	55328.14920935824	26456.882283836214
5.87962368e6	6.98791139203336	0.25972254009669515	-1.8820138647495282e-7	-7.03978794355621e-9	0.0516634139434733	0.022177041312235968	55507.874187495254	26534.070515605777
5.89676544e6	6.984679969692241	0.25960179839368047	-1.888212298354438e-7	-7.047686933063726e-9	0.05170654686532689	0.022172716621708048	55687.74895361196	26611.243815167138
5.9139072e6	6.9814378708690255	0.259480921540277	-1.8944672654631823e-7	-7.0555599546145585e-9	0.05174988289703201	0.02216831510009977	55867.774200605745	26688.401922424913
5.93104896e6	6.978185001632213	0.25935990991693875	-1.9007796341914286e-7	-7.0634054249953925e-9	0.05179342414872336	0.02216383565472139	56047.95062137401	26765.544577283737
5.94819072e6	6.9749212680503	0.25923876390411954	-1.9071502887570884e-7	-7.071221700226122e-9	0.05183717274830714	0.022159277174812565	56228.27890881417	26842.671519648236
5.96533248e6	6.971646574673864	0.2591174839245137	-1.9135801329866573e-7	-7.079007079741827e-9	0.05188113086053469	0.0221546385278969	56408.75976204878	26919.782485960965
5.98247424e6	6.968360813394359	0.25899607069875424	-1.9200701137389444e-7	-7.086759848268828e-9	0.05192530082645723	0.02214991853537486	56589.393937057095	26996.877182289114
5.999616e6	6.96506387448165	0.25887452491158286	-1.9266211991628254e-7	-7.094478226724974e-9	0.05196968502860464	0.022145115995836434	56770.18220383481	27073.95530876122
6.01675776e6	6.961755648901969	0.25875284722300873	-1.9332343745030197e-7	-7.102160362316834e-9	0.05201428586143461	0.022140229688841006	56951.125330008574	27151.016566946022
6.03389952e6	6.958436027621542	0.25863103829304096	-1.9399106439937064e-7	-7.109804329090627e-9	0.05205910574019586	0.022135258372957392	57132.22408320505	27228.060658412258
6.05104128e6	6.955104901606599	0.25850909878168865	-1.9466510313399993e-7	-7.117408125367775e-9	0.05210414710128935	0.022130200785368384	57313.47923105089	27305.087284728674
6.06818304e6	6.951762161823369	0.2583870293489609	-1.9534565802143347e-7	-7.124969671084542e-9	0.052149412402638734	0.022125055641464424	57494.891541172736	27382.096147464003
6.0853248e6	6.948407699238081	0.25826483065486694	-1.960328354768527e-7	-7.1324868050280275e-9	0.05219490412407001	0.022119821634427807	57676.46178119724	27459.086948186985
6.10246656e6	6.945041404816964	0.25814250335941574	-1.9672674401617638e-7	-7.13995728196953e-9	0.052240624767700285	0.02211449743480792	57858.190718751066	27536.05938846636
6.11960832e6	6.941663168061483	0.2580200481689677	-1.9742749462911043e-7	-7.1473787755890715e-9	0.05228657687668749	0.022109081686561016	58040.07912683046	27613.01316674819
6.13675008e6	6.938272865806953	0.2578974661121245	-1.9813520328638956e-7	-7.154748917976618e-9	0.05233276317769831	0.02210357298019133	58222.12783240263	27689.947952032504
6.15389184e6	6.93487037109782	0.2577747582281909	-1.9884998912810867e-7	-7.162065258658025e-9	0.05237918647177853	0.02209796987305856	58404.33768681511	27766.86340183987
6.1710336e6	6.931455557323975	0.2576519255392266	-1.9957197365040292e-7	-7.169325247094023e-9	0.05242584958150537	0.022092270897491658	58586.70954075489	27843.759174230963
6.18817536e6	6.928028297875309	0.25752896906729156	-2.0030128084633576e-7	-7.176526230643076e-9	0.05247275535568371	0.02208647455937204	58769.24424490895	27920.634927266463
6.20531712e6	6.924588466141714	0.2574058898344455	-2.010380372734269e-7	-7.18366545080822e-9	0.05251990666983578	0.022080579337605103	58951.94264996426	27997.49031900702
6.22245888e6	6.92113593551308	0.2572826888627483	-2.0178237212343102e-7	-7.190740039333064e-9	0.05256730642670477	0.022074583683574654	59134.80560660779	28074.32500751332
6.23960064e6	6.9176705793793	0.25715936717425975	-2.0253441729445042e-7	-7.197747014139284e-9	0.052614957556770765	0.022068486020586538	59317.83396552653	28151.138650846027
6.2567424e6	6.914192271130266	0.25703592579103973	-2.032943074654805e-7	-7.204683275098781e-9	0.05266286301878148	0.02206228474329547	59501.02857740747	28227.930907065813
6.27388416e6	6.910700881650099	0.2569123658137966	-2.0406218075180342e-7	-7.211545609122193e-9	0.052711025832293666	0.022055978210618322	59684.39030232669	28304.701428838816
6.29102592e6	6.907196265138682	0.25678868879170785	-2.0483818208792744e-7	-7.218330736392038e-9	0.05275944926118149	0.022049564708621114	59867.920069555534	28381.449830662033
6.30816768e6	6.903678273900125	0.25666489623602445	-2.0562245998074865e-7	-7.225035247218955e-9	0.05280813662719405	0.022043042487299224	60051.618824122685	28458.175720035357
6.32530944e6	6.900146760843964	0.2565409896341274	-2.0641516603919278e-7	-7.231655589888357e-9	0.05285709127726085	0.022036409765263616	60235.48750922062	28534.878705616386
6.3424512e6	6.896601578879732	0.2564169704733979	-2.072164552069909e-7	-7.238188067722945e-9	0.05290631659178734	0.02202966472742521	60419.5270680418	28611.558396062715
6.35959296e6	6.8930425809169655	0.25629284024121696	-2.0802648585922903e-7	-7.244628833474808e-9	0.052955815985330626	0.022022805524273496	60603.73844377874	28688.214400031946
6.37673472e6	6.8894696198651975	0.25616860042496564	-2.0884541990237268e-7	-7.2509738834726806e-9	0.05300559290729411	0.02201583027113828	60788.12257962391	28764.846326181683
6.39387648e6	6.885882548633964	0.2560442525120251	-2.096734228778506e-7	-7.2572190515222965e-9	0.053055650842641966	0.022008737047428333	60972.68041876979	28841.45378316953
6.41101824e6	6.882281218334312	0.2559197980555833	-2.1051066451013716e-7	-7.263360009121642e-9	0.05310599333586608	0.02200152389074248	61157.41291051376	28918.03637602633
6.42816e6	6.878665462756913	0.25579523913456165	-2.1135732264792608e-7	-7.269392311673062e-9	0.053156624194603846	0.02199418875262303	61342.32107150596	28994.5936717739
6.44530176e6	6.87503511004752	0.2556705778748113	-2.1221358062506077e-7	-7.275311344820742e-9	0.053207547342249945	0.02198672952993083	61527.40595020571	29071.125221497226
6.46244352e6	6.871389988898795	0.25554581637179924	-2.130796259106095e-7	-7.281112298035545e-9	0.053258766736852585	0.021979144079555958	61712.66859403783	29147.63057708827
6.47958528e6	6.867729928003394	0.2554209567209924	-2.1395565037472895e-7	-7.28679015906296e-9	0.053310286378899216	0.02197143021581627	61898.1100504271	29224.10929043898
6.49672704e6	6.864054756053981	0.25529600101785777	-2.1484185042476412e-7	-7.292339705702557e-9	0.05336211031223808	0.021963585709488795	62083.73136679831	29300.560913441306
6.5138688e6	6.860364301743212	0.25517095135786233	-2.1573842714651469e-7	-7.297755497218623e-9	0.053414242625027496	0.021955608286814254	62269.533590576255	29376.984997987198
6.53101056e6	6.856658393763749	0.255045809836473	-2.1664558645093154e-7	-7.3030318653571395e-9	0.05346668745071455	0.021947495628471727	62455.51776918573	29453.381095968616
6.54815232e6	6.8529368588295725	0.2549205786229481	-2.1756353974177849e-7	-7.30816291154803e-9	0.053519448995071224	0.02193924536248405	62641.684956824996	29529.748755310986
6.56529408e6	6.849199501417532	0.254795260616366	-2.1849250939327792e-7	-7.313142560355538e-9	0.05357253180613372	0.02193085500164228	62828.03629081114	29606.08747659707
6.58243584e6	6.8454461201953185	0.25466985876532555	-2.1943272478699333e-7	-7.317964488490167e-9	0.05362594056269509	0.021922321991183324	63014.57294010143	29682.396744118392
6.5995776e6	6.841676515174491	0.25454437595465557	-2.203844206720678e-7	-7.322622093670225e-9	0.05367967997938952	0.02191364372739901	63201.29607001301	29758.676044480886
6.61671936e6	6.837890486366608	0.25441881506918457	-2.2134783770307628e-7	-7.327108487804207e-9	0.05373375482536542	0.021904817552129006	63388.20684586306	29834.92486429048
6.63386112e6	6.834087833783231	0.25429317899374126	-2.2232322263577013e-7	-7.33141648468956e-9	0.05378816992556405	0.021895840751438463	63575.30643296868	29911.14269015309
6.65100288e6	6.830268357435919	0.2541674706131543	-2.2331082853085153e-7	-7.335538587114874e-9	0.05384293016204104	0.021886710554254663	63762.595996647055	29987.329008674653
6.66814464e6	6.826431857114262	0.2540416928221103	-2.2431091502756403e-7	-7.3394669740411884e-9	0.05389804047827979	0.021877424130222513	63950.07670284475	30063.48330605444
6.6852864e6	6.822578117302353	0.25391584907746817	-2.253237527556065e-7	-7.343193529708696e-9	0.05395350608322834	0.02186797853893334	64137.749769730006	30139.60503738168
6.70242816e6	6.818706904160922	0.2537899433289715	-2.2634962455371158e-7	-7.346709827377572e-9	0.054009332498598524	0.021858370718304872	64325.61649150388	30215.693615797616
6.71956992e6	6.8148179838411655	0.25366397947422875	-2.2738882078599783e-7	-7.350007060669372e-9	0.054065525314597754	0.02184859753972131	64513.678166337646	30291.748453053613
6.73671168e6	6.810911122494277	0.2535379614108486	-2.2844163961422302e-7	-7.353076027915116e-9	0.054122090190744945	0.021838655805731258	64701.93609240256	30367.76896090103
6.75385344e6	6.806986086271453	0.2534118930364398	-2.2950838727389644e-7	-7.355907114200337e-9	0.05417903285761964	0.02182854224826904	64890.39156786988	30443.754551091228
6.7709952e6	6.803042641323889	0.25328577824861076	-2.305893783624713e-7	-7.358490272489998e-9	0.054236359118673354	0.021818253526814244	65079.04589091085	30519.704635375554
6.78813696e6	6.799080553802779	0.25315962094497024	-2.3168493614017686e-7	-7.3608150037887414e-9	0.054294074852104544	0.021807786226491408	65267.90035969673	30595.61862550537
6.80527872e6	6.795099577326877	0.25303342553094893	-2.3279539655223453e-7	-7.362870367556217e-9	0.054352186183636395	0.021797136811899563	65456.95631077677	30671.49591004581
6.82242048e6	6.791099436095011	0.25290719738196227	-2.3392111371757e-7	-7.364644989437299e-9	0.05441069972477154	0.021786301565520933	65646.21518867505	30747.335815413997
6.83956224e6	6.787079854621154	0.25278094172809723	-2.350624517378298e-7	-7.366126958905352e-9	0.05446962217171292	0.021775276686533913	65835.67844762218	30823.13766400403
6.856704e6	6.783040557447554	0.2526546637980664	-2.3621978518900131e-7	-7.3673038082935e-9	0.0545289603097812	0.021764058285932555	66025.34754178065	30898.90077825439
6.87384576e6	6.778981269116459	0.25252836882058216	-2.3739349952800987e-7	-7.3681624860577946e-9	0.05458872101623688	0.021752642383983375	66215.22392531291	30974.62448060355
6.89098752e6	6.774901714170118	0.25240206202435717	-2.385839915096425e-7	-7.368689328503874e-9	0.05464891126281422	0.021741024907694077	66405.30905238142	31050.308093489988
6.90812928e6	6.770801617150778	0.25227574863810387	-2.397916696231748e-7	-7.368870029964803e-9	0.05470953811835197	0.02172920168819406	66595.60437714866	31125.950939352188
6.92527104e6	6.766680693486165	0.2521494342839381	-2.4101695743341945e-7	-7.3686896292038795e-9	0.054770608877982636	0.02171716842344472	66786.11138085202	31201.5523241485
6.9424128e6	6.762538615219638	0.2520231262529587	-2.422603050988937e-7	-7.368132529806432e-9	0.05483213154741638	0.02170492054495894	66976.83168742707	31277.111469311734
6.95955456e6	6.758375054674748	0.25189683160099924	-2.435221764676348e-7	-7.367182365266837e-9	0.054894114245808485	0.02169245337599864	67167.76693513093	31352.62759011453
6.97669632e6	6.754189685361535	0.2517705573251332	-2.4480304938901276e-7	-7.365821964761391e-9	0.054956565193511234	0.021679762129361832	67358.91875920884	31428.09990374934
6.99383808e6	6.749982180790037	0.25164431042243396	-2.4610341667603575e-7	-7.364033314720934e-9	0.055019492731868715	0.021666841899415392	67550.28879490597	31503.527627408595
7.01097984e6	6.745752214470296	0.251518097889975	-2.474237867238568e-7	-7.3617975153632925e-9	0.05508290532684149	0.021653687658541972	67741.87867746751	31578.90997828475
7.0281216e6	6.741499459626801	0.25139192673923977	-2.4876468425628523e-7	-7.359094735107813e-9	0.055146811576790966	0.021640294252279486	67933.69004293907	31654.246173069132
7.04526336e6	6.737223559190702	0.2512658053446721	-2.5012666121163133e-7	-7.355904198843646e-9	0.0552112206412876	0.021626656273188032	68125.72461962345	31729.535372243667
7.06240512e6	6.732924123655086	0.2511397432147294	-2.515102986533323e-7	-7.352204110670137e-9	0.05527614228666698	0.02161276804585591	68317.98424903271	31804.776670120656
7.07954688e6	6.72860076651638	0.2510137496128792	-2.529161958960646e-7	-7.3479715477699375e-9	0.05534158639028801	0.0215986237607914	68510.47076840045	31879.969164566162
7.09668864e6	6.724253101271014	0.2508878338025887	-2.543449723808168e-7	-7.343182406992869e-9	0.05540756298624654	0.021584217456451938	68703.18601496023	31955.111953446234
7.1138304e6	6.719880741415414	0.2507620050473253	-2.5579726856785405e-7	-7.337811340199491e-9	0.055474082270447055	0.02156954301435743	68896.13182594562	32030.204134626933
7.13097216e6	6.715483299657815	0.2506362726520404	-2.572737471630246e-7	-7.331831686158211e-9	0.05554115461717295	0.021554594150559464	69089.31004048695	32105.244804763737
7.14811392e6	6.711060354671807	0.2505106474812138	-2.5877510618858323e-7	-7.325215411252193e-9	0.05560879106472047	0.02153936426628081	69282.722594984	32180.233000860375
7.16525568e6	6.706611449153338	0.25038514172990406	-2.6030208135221425e-7	-7.317932997192371e-9	0.055677003361639936	0.021523846430219606	69476.3715497425	32255.16768673881
7.18239744e6	6.702136125651709	0.25025976752134627	-2.6185543471351916e-7	-7.3099533295901735e-9	0.05574580345852395	0.02150803352010069	69670.25897069488	32330.047823463206
7.1995392e6	6.697633926716221	0.2501345369787755	-2.6343595589987904e-7	-7.301243607607461e-9	0.05581520351185707	0.02149191821583781	69864.3869237736	32404.87237209771
7.21668096e6	6.693104394896175	0.2500094622254269	-2.6504446342519316e-7	-7.2917692454530065e-9	0.055885215891245794	0.021475492992694734	70058.75747491115	32479.640293706474
7.23382272e6	6.688547069901185	0.249884555528443	-2.6668180718253983e-7	-7.281493766490502e-9	0.05595585322856246	0.021458750101045376	70253.37269707046	32554.350544926772
7.25096448e6	6.683961438576061	0.24975983161326176	-2.6834888945968524e-7	-7.270378659287313e-9	0.05602712916413034	0.021441681327813558	70448.23480981632	32629.001992119087
7.26810624e6	6.67934695697777	0.24963530633534728	-2.700466589754463e-7	-7.25838321508265e-9	0.05609905804646773	0.021424278082302996	70643.34613957418	32703.593438321128
7.285248e6	6.67470308332205	0.2495109953961956	-2.7177610029851697e-7	-7.245464402922837e-9	0.05617165445804609	0.021406531532168416	70838.70901059853	32778.1236883483
7.30238976e6	6.670029275824643	0.24938691449730274	-2.7353823656444736e-7	-7.231576726696865e-9	0.0562449332562741	0.02138843258372159	71034.32574714387	32852.591547015974
7.31953152e6	6.66532499258115	0.24926307934736427	-2.753341315245437e-7	-7.216672070783277e-9	0.05631890958581116	0.0213699718715649	71230.19867372164	32926.995818972304
7.33667328e6	6.660589653167143	0.24913950766303017	-2.7716490766461407e-7	-7.200699477450385e-9	0.056393599464379864	0.02135113955925612	71426.33021274973	33001.335247427975
7.35381504e6	6.655822614224436	0.24901621991888628	-2.7903175963935953e-7	-7.183604868246938e-9	0.0564690201785501	0.02133192520310242	71622.72297361334	33075.60846162632
7.3709568e6	6.65102323142279	0.24889323643570085	-2.8093593212977915e-7	-7.1653309025139446e-9	0.056545189377449734	0.021312318031558447	71819.37957873549	33149.814083942685
7.38809856e6	6.646190860431964	0.24877057753424212	-2.828787222576096e-7	-7.1458167684570574e-9	0.05662212507024261	0.021292306934575983	72016.30265053916	33223.9507367524
7.40524032e6	6.641324856921721	0.24864826353527822	-2.848614825126653e-7	-7.124997951464824e-9	0.056699845641054035	0.021271880449997792	72213.4948114474	33298.017042430816
7.42238208e6	6.636424551333472	0.2485263161503371	-2.868856351478984e-7	-7.102805916234151e-9	0.056778370249533576	0.02125102661722327	72410.9587455094	33372.01158433123
7.43952384e6	6.63148917897518	0.24840476184085408	-2.8895270779406864e-7	-7.079167579013097e-9	0.05685771993182183	0.021229732590855973	72608.6973913841	33445.93278739203
7.4566656e6	6.626517969370753	0.24828362696603565	-2.9106429916612443e-7	-7.054005166427449e-9	0.05693791627520891	0.02120798507350007	72806.71372078353	33519.779058010914
7.47380736e6	6.621510152858761	0.24816293783364188	-2.932220804207983e-7	-7.027235910872559e-9	0.05701898133421754	0.02118577032654998	73005.01070372347	33593.54880369674
7.49094912e6	6.616464959753573	0.24804272075289516	-2.954277999280347e-7	-6.998771691184835e-9	0.05710093766490856	0.02116307414640426	73203.59131027381	33667.24043192387
7.50809088e6	6.611381566278086	0.24792300506160644	-2.976833139876184e-7	-6.968518413603548e-9	0.05718380919101473	0.021139881544192943	73402.45864127058	33740.85226769604
7.52523264e6	6.606259055242284	0.24780382483661773	-2.999906129009524e-7	-6.936375299355261e-9	0.05726762186914488	0.021116176492034566	73601.61604345005	33814.38248250394
7.5423744e6	6.6010965120661265	0.24768521378367656	-3.0235178265355083e-7	-6.902234732208938e-9	0.057352402236474476	0.021091942410400674	73801.06686643326	33887.82924673783
7.55951616e6	6.595893022058027	0.2475672056161605	-3.0476901256409955e-7	-6.865981732952098e-9	0.05743817748068373	0.021067162124168176	74000.81445997179	33961.19073068671
7.57665792e6	6.590647628464678	0.24744983638577786	-3.072446235408942e-7	-6.8274931461735135e-9	0.05752497613930396	0.021041817590931124	74200.86227067135	34034.46504259655
7.59379968e6	6.585359269782531	0.24733314769061257	-3.097811096807091e-7	-6.7866365293466656e-9	0.05761282915561419	0.021015889491291684	74401.21401082046	34107.65012393001
7.61094144e6	6.580026868498402	0.2472171819265191	-3.123811040796762e-7	-6.743269833022373e-9	0.05770176853157581	0.020989357684378342	74601.87343772486	34180.74388844773
7.6280832e6	6.5746493458901565	0.2471019815654143	-3.1504738073246367e-7	-6.697240701307172e-9	0.05779182713652636	0.02096220125351327	74802.84431081112	34253.74424854365
7.64522496e6	6.569225549546978	0.24698759329332082	-3.177829042488378e-7	-6.648385062124675e-9	0.05788303992943498	0.02093439802338637	75004.13055207895	34326.64901318361
7.66236672e6	6.563754218711824	0.24687406959510116	-3.2059086340310557e-7	-6.596525708196747e-9	0.05797544460925338	0.020905924279927036	75205.73635390562	34399.45582031893
7.67950848e6	6.558234084712292	0.2467614633111777	-3.234746317660036e-7	-6.54147184436637e-9	0.058069080067474056	0.02087675530778086	75407.66593379262	34472.16229216108
7.69665024e6	6.552663872513204	0.24664982771727134	-3.2643778088900734e-7	-6.483017906130165e-9	0.0581639864252182	0.02084686534343507	75609.92352164075	34544.76604290894
7.713792e6	6.54704217076469	0.2465392245308606	-3.294841725009172e-7	-6.420940948773288e-9	0.05826020725529639	0.020816226673204884	75812.51364074543	34617.26449893249
7.73093376e6	6.541367462951951	0.24642972094987053	-3.3261796328399685e-7	-6.354999076257758e-9	0.05835778920909944	0.02078480973286734	76015.44107315944	34689.65492281345
7.74807552e6	6.535638233435758	0.24632138393608402	-3.3584356486257153e-7	-6.284930653798378e-9	0.058456780365105834	0.020752583691203936	76218.7106047624	34761.934575012514
7.76521728e6	6.529852946207291	0.246214281815416	-3.3916567820686755e-7	-6.2104522061683736e-9	0.05855723067436939	0.02071951622825278	76422.32705962965	34834.100691073174
7.78235904e6	6.524009845966293	0.24610849679421207	-3.425894457725102e-7	-6.1312537356093266e-9	0.058659195447282375	0.020685572078215576	76626.29570947507	34906.15021743544
7.7995008e6	6.5181070964304855	0.24600411524986002	-3.4612040074894044e-7	-6.046997388979175e-9	0.058762733224621604	0.02065071381213104	76830.62203452452	34978.07996904977
7.81664256e6	6.512142868608045	0.2459012229821395	-3.4976444383151435e-7	-5.957315725994538e-9	0.058867904421820695	0.020614902310180136	77035.3115053774	35049.886767470154
7.83378432e6	6.506115216905663	0.24579991375070834	-3.535279614938703e-7	-5.86180682417343e-9	0.05897477360429206	0.020578095755529976	77240.36981251689	35121.567291071246
7.85092608e6	6.5000219413486455	0.24570029732018112	-3.574179684465445e-7	-5.7600280494821384e-9	0.059083412117935864	0.020540248456392737	77445.80317052898	35193.1178799228
7.86806784e6	6.493860829532419	0.2456024836354746	-3.6144199695477144e-7	-5.651495059322253e-9	0.059193894167346515	0.020501312365101804	77651.61783924521	35264.53484609086
7.8852096e6	6.487629592613826	0.24550658800579647	-3.6560819510528013e-7	-5.5356760174401354e-9	0.059306298146368626	0.020461236418605595	77857.8202121912	35335.81441454755
7.90235136e6	6.481325621895554	0.2454127469205206	-3.699255728578732e-7	-5.411981200528253e-9	0.05942071124998133	0.020419964460811006	78064.41730063023	35406.952409627724
7.91949312e6	6.474946239263164	0.24532110082045996	-3.7440390152141144e-7	-5.2797603307103405e-9	0.059537225441675695	0.020377436812592003	78271.41627959383	35477.944550275955
7.93663488e6	6.468488701012018	0.24523179485727573	-3.7905379302166683e-7	-5.1382952301687535e-9	0.059655937712398154	0.02033359002003673	78478.82443291132	35548.78648429718
7.95377664e6	6.461949869126435	0.24514500128999897	-3.8388706084883946e-7	-4.9867835158019885e-9	0.059776956456948326	0.02028835391128156	78686.64975615912	35619.47339598469
7.9709184e6	6.4553264943734945	0.24506089911422624	-3.8891662356689824e-7	-4.824333450144252e-9	0.059900396929258914	0.020241653383041833	78894.90048882838	35690.000312076605
7.98806016e6	6.448615192495071	0.2449796772796229	-3.941566564804956e-7	-4.649951304253456e-9	0.06002638219338361	0.020193407771346504	79103.5850939063	35760.36211317058
8.00520192e6	6.441812108345656	0.24490155811728143	-3.996230432606778e-7	-4.462517551213554e-9	0.060155050028307504	0.020143527522218502	79312.71285260975	35830.55314561493
8.02234368e6	6.434913290627686	0.24482677017966822	-4.0533325203775965e-7	-4.260778670507462e-9	0.0602865468019172	0.02009191666362577	79522.29323223556	35900.56763441883
8.03948544e6	6.427914354855106	0.24475557391171732	-4.113068605405102e-7	-4.043316711278193e-9	0.060421034666931044	0.0200384692221492	79732.33641766814	35970.39933408741
8.0566272e6	6.420810604010089	0.24468825204890032	-4.1756572608890437e-7	-3.80852698825947e-9	0.06055869041057964	0.01998306938606257	79942.85312825564	36040.04165019506
8.07376896e6	6.41359695331695	0.24462511622586028	-4.241343830832913e-7	-3.5545851522411924e-9	0.06069970814247568	0.019925589843578836	80153.85468013513	36109.487597044856
8.09091072e6	6.406267807476946	0.24456651555399914	-4.31040562586804e-7	-3.279405364008657e-9	0.060844303200126564	0.019865889484098308	80365.3532391316	36178.72963152603
8.10805248e6	6.398817204816301	0.24451282782651812	-4.3831552467110467e-7	-2.980600459540977e-9	0.06099271110088767	0.01980381332154138	80577.36151112556	36247.75985575447
8.12519424e6	6.391238420510511	0.24446448851561214	-4.459950610340949e-7	-2.655410087778146e-9	0.06114519753019659	0.019739187117306177	80789.89337706026	36316.56960040234
8.142336e6	6.383524291711351	0.24442196831422977	-4.541198675429707e-7	-2.300645186241911e-9	0.06130205444509653	0.019671818461756273	81002.96336173285	36385.14977293777
8.15947776e6	6.375666640870616	0.244385818070421	-4.627370917154368e-7	-1.912574809081704e-9	0.06146361487241575	0.01960148871556711	81216.58747120002	36453.49030687743
8.17661952e6	6.367656749465409	0.24435663018648518	-4.7190089389760674e-7	-1.4868406174111731e-9	0.061630247044209156	0.01952795485370155	81430.78245049978	36521.58064801658
8.19376128e6	6.359484595702837	0.24433510202061892	-4.816747900238522e-7	-1.018278062950524e-9	0.06180237488905869	0.019450938065779282	81645.56683314744	36589.409063563144
8.21090304e6	6.351139215261832	0.2443220104587701	-4.921330195224887e-7	-5.007572193288388e-10	0.06198047643240352	0.01937012297625742	81860.96041340446	36656.96299194657
8.2280448e6	6.342608086574375	0.2443182598359967	-5.03363689488504e-7	7.308698854777063e-11	0.06216510426755264	0.019285145549992624	82076.98500335221	36724.228540206
8.24518656e6	6.33387708799412	0.24432489063447102	-5.154719293002651e-7	7.121667287136858e-10	0.06235689608041065	0.019195585388953204	82293.66439338887	36791.19051196852
8.26232832e6	6.324930156754458	0.2443431090639566	-5.285844497157049e-7	1.4273758192285148e-9	0.0625565943002882	0.01910095285742853	82511.02474342336	36857.83214987604
8.27947008e6	6.315748695255274	0.2443743409641972	-5.428559834391292e-7	2.232197657829729e-9	0.06276507549472335	0.019000670255843347	82729.09518488852	36924.13473867662
8.29661184e6	6.306311285246224	0.24442025882742166	-5.584773113787163e-7	3.1435039059000297e-9	0.06298337817256446	0.01889405276596178	82947.90798583614	36990.077490223615
8.3137536e6	6.296592924256686	0.24448285428348893	-5.75687120106945e-7	4.182714688615055e-9	0.06321274908322291	0.018780278175411117	83167.49933336588	37055.63703508952
8.33089536e6	6.286563863091309	0.24456454825778756	-5.947893277659435e-7	5.37749894542793e-9	0.06345471061884246	0.01865834317262294	83387.91032066461	37120.78676809534
8.34803712e6	6.276188396654348	0.2446683089243481	-6.161778316536649e-7	6.76425786447731e-9	0.06371114656420511	0.01852700674474554	83609.1879636353	37185.496182451214
8.36517888e6	6.265423051613541	0.24479782826621702	-6.403741719102113e-7	8.391933174786271e-9	0.06398442877783059	0.018384707016162172	83831.38662623957	37249.729932023445
8.38232064e6	6.254213931691817	0.24495778411030977	-6.680866726266318e-7	1.0328045729520256e-8	0.06427760715920962	0.01822943675148305	84054.57001901555	37313.44651741227
8.3994624e6	6.242492788619224	0.24515423494513158	-7.003070116953675e-7	1.2668664421933953e-8	0.06459470281207252	0.018058551290541642	84278.81403062087	37376.596427964585
8.41660416e6	6.230170843654929	0.24539524418544365	-7.384763413190451e-7	1.555573885187885e-8	0.06494118444243556	0.017868456931410783	84504.21087181808	37439.119421047624
8.43374592e6	6.217128716266117	0.24569191613105731	-7.847889010381389e-7	1.9209146538892834e-8	0.06532478247808157	0.017654078751565185	84730.8754321828	37500.94035821854
8.45088768e6	6.203199115382807	0.24606020295338843	-8.427910786888714e-7	2.3990720924396182e-8	0.06575697415959711	0.01740789028953185	84958.95538296763	37561.962592778465
8.46802944e6	6.188133468532961	0.24652443972305876	-9.186965341102349e-7	3.054654707117338e-8	0.06625598701823768	0.01711795437012997	85188.64908634582	37622.056261609054
8.4851712e6	6.171533309082101	0.24712472233673463	-1.0246937298275632e-6	4.017011963378821e-8	0.0668535623752598	0.016763512294364562	85420.23869848078	37681.03666574088
8.50231296e6	6.15267712737769	0.2479358556593152	-1.1892684337785344e-6	5.595307385764631e-8	0.06761354556801119	0.016302877778320787	85654.16379512833	37738.61624273394
8.51945472e6	6.129952031630167	0.24913087802833372	-1.5035805927724602e-6	8.80509847202162e-8	0.06870166891058567	0.015628046656100493	85891.22524942191	37794.27178836652
8.53659648e6	6.097313900532473	0.25138790850285986	-2.654128168693614e-6	2.158435090113473e-7	0.07095253720677183	0.01419649642284391	86133.52705547388	37846.632150534824
8.55373824e6	6.066886552910965	0.25297209403350684	-2.510776300031243e-7	-1.0210236834501561e-7	0.0777564660988636	0.00978359775805895	86396.27333128211	37885.80134331665
8.57088e6	6.062579636610181	0.2511422919190517	-2.4523129753997755e-7	-1.1205274110602632e-7	0.08000763790114955	0.008288944107882919	86670.07526152882	37917.72788411592