0	7.764705882352941	0.29411764705882354	-4.196779864756841e-8	-2.493706087981989e-9	0.0397674507191187	0.02928061332277836	0.	0.
499737.6	7.743650021437262	0.2928672374941702	-4.2300841876083545e-8	-2.510602440499818e-9	0.039963810162964866	0.02940161099991576	4044.722600689129	2976.921138968201
999475.2	7.722426253041062	0.2916083175784364	-4.2639808525620626e-8	-2.5277665070841853e-9	0.04016283411999805	0.029524031958417588	8109.50235758835	5966.1905803239215
1.4992128e6	7.70103157559056	0.290340751795968	-4.298486629150299e-8	-2.5452052855856374e-9	0.04036458719179461	0.029647907305111843	12194.612851835343	8967.954290713322
1.9989504e6	7.679462901467234	0.2890644010445905	-4.3336189418155505e-8	-2.562926031168133e-9	0.04056913625420343	0.029773269153949365	16300.334381221905	11982.361466279122
2.498688e6	7.657717054655764	0.28777912254536125	-4.3693959009227336e-8	-2.580936267526591e-9	0.04077655055310067	0.029900150663584077	20426.95411943284	15009.564600624763
2.9984256e6	7.635790767010021	0.28648476969607206	-4.405836337655948e-8	-2.5992437999500877e-9	0.04098690181682029	0.03002858608373998	24574.766379033266	18049.719601173998
3.4981632e6	7.613680674389279	0.2851811919205113	-4.4429598409819434e-8	-2.6178567291069266e-9	0.04120026437459858	0.03015861080377533	28744.072881326938	21102.98590781308
3.9979008e6	7.591383312836384	0.283868234519661	-4.480786796524974e-8	-2.636783465413997e-9	0.041416715279806844	0.030290261402607436	32935.18302195244	24169.52660883345
4.4976384e6	7.5688951157884885	0.28254573856672394	-4.519338425787603e-8	-2.6560327430387015e-9	0.041636334429031197	0.030423575694539913	37148.414054212735	27249.508516981925
4.997376e6	7.546212402561029	0.2812135404420713	-4.5586368424947007e-8	-2.6756136433473937e-9	0.0418592047679943	0.030558592825343386	41384.09194127806	30343.102562403714
5.4971136e6	7.523331386838491	0.2798714721967935	-4.598705077416357e-8	-2.695535599145591e-9	0.0420854123183887	0.03069535325918636	45642.550664474256	33450.48344944601
5.9968512e6	7.500248163863018	0.2785193610319137	-4.639567141777998e-8	-2.715808420876822e-9	0.0423150464082286	0.030833898885585284	49924.13318326872	36571.8301047736
6.4965888e6	7.4769586978294305	0.2771570288060857	-4.6812480940159703e-8	-2.7364423240727918e-9	0.04254819990997297	0.030974273128218082	54229.19232042798	39707.326068142946
6.9963264e6	7.453458841748563	0.2757842928474672	-4.723774052198631e-8	-2.757447923912566e-9	0.042784969178923035	0.031116520873381417	58558.08925787031	42857.15878419325
7.496064e6	7.42974429420483	0.2744009642145304	-4.767172321325771e-8	-2.778836296420689e-9	0.04302545459826577	0.03126068875633795	62911.196722635555	46021.521068217466
7.9958016e6	7.405810633906959	0.27300684911546474	-4.811471385836444e-8	-2.800618959600092e-9	0.043269760392623806	0.031406825010764125	67288.89635568431	49200.6098645252
8.4955392e6	7.381653281253739	0.27160174735631454	-4.8567010366123285e-8	-2.822807932197729e-9	0.04351799514912992	0.031554979734762165	71691.58155756767	52394.62755915806
8.9952768e6	7.357267506445863	0.27018545270156386	-4.90289241863404e-8	-2.8454157450467418e-9	0.04377027190288046	0.03170520489541993	76119.6567930577	55603.78162365931
9.4950144e6	7.332648430914821	0.26875775292996923	-4.9500780939966196e-8	-2.8684554599429695e-9	0.04402670829474213	0.03185755437362756	80573.53748924236	58828.2845696917
9.994752e6	7.307790988447156	0.2673184283079285	-4.99829218627586e-8	-2.8919407347883686e-9	0.044287427139564024	0.03201208424565246	85053.65279292066	62068.355176037556
1.04944896e7	7.282689965518728	0.2658672532148311	-5.0475703800214594e-8	-2.9158858027403007e-9	0.044552556224330436	0.03216885260931622	89560.4425913463	65324.21711637854
1.09942272e7	7.257339939499272	0.2644039936935778	-5.097950120939689e-8	-2.940305566508694e-9	0.04482222913504256	0.03232792000815017	94094.3619595337	68596.10096380817
1.14939648e7	7.231735314267131	0.26292840890475544	-5.149470635149431e-8	-2.9652155859202896e-9	0.04509658512694269	0.03248934929131121	98655.87847848126	71884.24293639246
1.19937024e7	7.205870288906203	0.2614402498826855	-5.202173084312377e-8	-2.990632142152657e-9	0.045375769681289646	0.03265320586968617	103245.47449486655	75188.88591823763
1.249344e7	7.179738839458609	0.2599392588658328	-5.2561007046003175e-8	-3.0165722908304274e-9	0.045659934953606	0.032819557901749244	107863.64828744007	78510.27992873215
1.29931776e7	7.153334747858534	0.258425170438908	-5.31129885701041e-8	-3.043053861278583e-9	0.04594923975315508	0.03298847620298775	112510.91199545385	81848.6811927928
1.34929152e7	7.126651527127414	0.2568977086324487	-5.367815298723535e-8	-3.070095581130287e-9	0.046243850617867135	0.03316003478125044	117187.79682564684	85204.35441984724
1.39926528e7	7.09968248139931	0.2553565893078555	-5.425700186553725e-8	-3.0977170437209545e-9	0.04654394151042778	0.033334310569528465	121894.84871703334	88577.57084372986
1.44923904e7	7.072420632001519	0.2538015172782281	-5.485006368892265e-8	-3.1259388383781497e-9	0.04684969494017176	0.03351138397208566	126632.6335198494	91968.61050277186
1.4992128e7	7.044858736604398	0.25223218712338513	-5.545789495341027e-8	-3.154782573061483e-9	0.04716130213640562	0.03369133885575886	131401.73546966334	95377.76149490132
1.54918656e7	7.016989282420721	0.2506482829184436	-5.608108191115582e-8	-3.184270930056972e-9	0.04747896351950234	0.03387426270456434	136202.7576782276	98805.32019947756
1.59916032e7	6.988804420098724	0.2490494757514373	-5.672024377756876e-8	-3.2144278020288864e-9	0.047802889851522874	0.03406024714925774	141036.32652283742	102251.59311360032
1.64913408e7	6.960296031351649	0.24743542634992638	-5.737603312297834e-8	-3.2452782623816634e-9	0.04813330196774703	0.03424938767963923	145903.0869256775	105716.89478080657
1.69910784e7	6.931455612116696	0.24580578062950084	-5.804914055950192e-8	-3.2768487760302683e-9	0.04847043256613	0.03444178451146145	150803.71027857048	109201.55117626171
1.7490816e7	6.902274340650591	0.2441601723803365	-5.874029544503756e-8	-3.3091671782616286e-9	0.04881452600629269	0.034637542312196574	155738.88958561857	112705.89753393902
1.79905536e7	6.872743007980161	0.2424982206066513	-5.945026991420972e-8	-3.3422628362690716e-9	0.049165839677205884	0.034836770799114326	160709.3442050698	116230.28038233254
1.84902912e7	6.842851989610623	0.24081952857097894	-6.017988223381774e-8	-3.3761667667581855e-9	0.04952464496949808	0.03503958509430796	165715.82145869115	119775.05810494137
1.89900288e7	6.812591288541313	0.2391236854191219	-6.092999866305638e-8	-3.4109116606818823e-9	0.04989122748337875	0.03524610563660441	170759.09374538856	123340.59972013744
1.94897664e7	6.781950392986969	0.23741026090963796	-6.17015400955996e-8	-3.4465321710877657e-9	0.05026588943225139	0.035456459296406784	175839.96781276885	126927.28868635575
1.9989504e7	6.750918388204076	0.235678809686835	-6.2495482796626e-8	-3.4830648585504866e-9	0.050648949180510196	0.03567077887267236	180959.27714243648	130535.51963700171
2.04892416e7	6.719483801606937	0.23392886550188804	-6.331286607423288e-8	-3.5205485167648927e-9	0.05104074396358803	0.03588920433224644	186117.89214331092	134165.70260682955
2.09889792e7	6.687634645451128	0.232159942972005	-6.4154795429397e-8	-3.5590242340830772e-9	0.051441630386846654	0.03611188278777949	191316.7169345989	137818.26152544122
2.14887168e7	6.655358385746826	0.23037153639833896	-6.502244792885749e-8	-3.598535565605723e-9	0.0518519858755096	0.03633896897455746	196556.6914399523	141493.63510605777
2.19884544e7	6.622641813604386	0.22856311520085873	-6.591708071052469e-8	-3.6391288685270893e-9	0.05227221143247339	0.036570626403150536	201838.7992896629	145192.27988266657
2.2488192e7	6.589471169720268	0.22673412853668956	-6.684003324396822e-8	-3.6808532715659113e-9	0.05270273142340037	0.036807026851458285	207164.05968750876	148914.66686303169
2.29879296e7	6.555831895774036	0.2248839962876906	-6.77927402866224e-8	-3.723761223364866e-9	0.053143998085513997	0.037048352384644025	212533.5431388533	152661.28778173224
2.34876672e7	6.521708775040241	0.2230121143912525	-6.877673490152338e-8	-3.767908469189816e-9	0.05359649137063651	0.03729479478906467	217948.3620054218	156432.65110241497
2.39874048e7	6.487085764160407	0.22111784870051449	-6.979366074398973e-8	-3.813354517162624e-9	0.054060722803995716	0.03754655712930184	223409.68123763174	160229.2863242497
2.44871424e7	6.451945937131914	0.219200533287641	-7.084528221771399e-8	-3.8601629645096845e-9	0.05453723815546138	0.03780385459041607	228918.7211537089	164051.74474834185
2.498688e7	6.416271553638412	0.21725947286913136	-7.193349182435329e-8	-3.9084016361386615e-9	0.05502661868446872	0.03806691449594692	234476.7532253133	167900.59785056236
2.54866176e7	6.380043743120209	0.2152939317760289	-7.306033013961612e-8	-3.958143389015238e-9	0.05552948765990251	0.038335979050451496	240085.11910586912	171776.4444213289
2.59863552e7	6.343242738167035	0.21330314244854595	-7.422799049413454e-8	-4.009466037180406e-9	0.05604650992333109	0.03861130429493799	245745.2157951439	175679.90463591044
2.64860928e7	6.305847501836601	0.21128629227805332	-7.543884362203199e-8	-4.062453326677908e-9	0.056578399813506035	0.038893163385952834	251458.51840816933	179611.62874839525
2.69858304e7	6.267835821752061	0.20924252742210508	-7.66954496199233e-8	-4.117195172308996e-9	0.057125923215634096	0.0391818466444874	257226.57335785046	183572.29399448435
2.7485568e7	6.229184201751074	0.20717094888980253	-7.800057793343294e-8	-4.173788267993502e-9	0.05768990270035067	0.039477663107821054	263051.00515048025	187562.60726855235
2.79853056e7	6.189867550627583	0.20507060230443108	-7.93572365709995e-8	-4.232337141953168e-9	0.05827122603027144	0.039780943653386136	268933.533813551	191583.31104053027
2.84850432e7	6.149859447523072	0.20294048716632965	-8.076868433698654e-8	-4.292954208200348e-9	0.058870847047020676	0.040092040005792556	274875.9589001391	195635.17734967047
2.89847808e7	6.109131503989201	0.2007795352154262	-8.223847691047763e-8	-4.355761563317158e-9	0.05948980004766028	0.04041133048401267	280880.19659633515	199719.02110697998
2.94845184e7	6.067653693605894	0.1985866223343164	-8.37704828565018e-8	-4.4208910625504495e-9	0.06012920097352384	0.040739218722846686	286948.2590540584	203835.69198114163
2.9984256e7	6.025393896173889	0.19636055302433866	-8.536893102225062e-8	-4.488485956237436e-9	0.06079026077439572	0.04107613835434822	293082.2810705525	207986.08398243922
3.04839936e7	5.982317670147754	0.19410005357914853	-8.703845515174635e-8	-4.5587022441821756e-9	0.06147429655697402	0.04142255618067335	299284.53160830186	212171.13869400744
3.09837312e7	5.938388342913615	0.19180377549123045	-8.878413149195175e-8	-4.631709486132523e-9	0.06218273891562024	0.04177897306309262	305557.40770407714	216391.8428963192
3.14834688e7	5.893566466788709	0.1894702776566925	-9.061154700986889e-8	-4.707693045641983e-9	0.062917150258661	0.042145929864220395	311903.46499796386	220649.23873456218
3.19832064e7	5.847809587028178	0.1870980198161809	-9.252686388705186e-8	-4.786855910533336e-9	0.06367924003744059	0.04252401125215323	318325.42874080443	224944.4264601312
3.2482944e7	5.801072251991837	0.18468536328055782	-9.453688233096767e-8	-4.869420140593959e-9	0.06447087773109472	0.042913847800112565	324826.1923654514	229278.56364542287
3.29826816e7	5.753305253260394	0.18223054702238464	-9.664914617908927e-8	-4.955630246449704e-9	0.06529412040276537	0.04331612445641076	331408.8583450045	233652.8779960389
3.34824192e7	5.704455353657772	0.17973168022298555	-9.887204195810498e-8	-5.04575582163351e-9	0.06615123513931707	0.04373158552896581	338076.7508846715	238068.6702622783
3.39821568e7	5.6544650380962205	0.1771867351360332	-1.0121491150676487e-7	-5.1400943982651784e-9	0.06704472393494491	0.0441610397888826	344833.4279169363	242527.31741345822
3.44818944e7	5.603271798875144	0.1745935256679439	-1.0368820434491931e-7	-5.2389757958046445e-9	0.0679773601448	0.04460536977418961	351682.71772249707	247030.28315505304
3.4981632e7	5.550807571077787	0.17194969114474853	-1.0630364697930226e-7	-5.342766622905938e-9	0.06895222702253158	0.045065540392641455	358628.74661313195	251579.1252667415
3.54813696e7	5.496998052072061	0.16925267691091464	-1.0907444595850645e-7	-5.451875641419306e-9	0.06997276373812958	0.045542609029757396	365675.97217321594	256175.50424794797
3.59811072e7	5.441761929092806	0.16649971255173385	-1.1201553028098896e-7	-5.566760059425332e-9	0.07104281971503724	0.046037737048707554	372829.22068883496	260821.19283268246
3.64808448e7	5.38501003044296	0.16368778826159902	-1.1514384051449873e-7	-5.6879328514989575e-9	0.07216671849048188	0.04655220261869273	380093.72784375004	265518.086090871
3.69805824e7	5.3266440616890485	0.16081361959094884	-1.1847869427108748e-7	-5.815972255222815e-9	0.07334933967315412	0.047087417932632714	387475.1995683759	270268.2166276404
3.748032e7	5.266555399077484	0.15787361487257118	-1.2204221746621768e-7	-5.951532416874148e-9	0.07459621273241983	0.047644946855475975	394979.8686597822	275073.76772559894
3.79800576e7	5.2046235320912615	0.15486383326463665	-1.2585988170459923e-7	-6.09535660561473e-9	0.07591363371617108	0.04822652663428933	402614.56774521124	279937.09018303716
3.84797952e7	5.140714272103718	0.15177993766237785	-1.299611663056679e-7	-6.248293097704479e-9	0.07730880713318565	0.04883409275682206	410386.81177359	284860.72057722294
3.89795328e7	5.07467755495371	0.14861713770794618	-1.343803881188207e-7	-6.411314755586485e-9	0.07879002239680151	0.04946980858099239	418304.89840338007	289847.4028475359
3.94792704e7	5.006344698422763	0.1453701193271897	-1.3915775353072216e-7	-6.5855434422049165e-9	0.08036687594325882	0.05013610108591221	426378.0332257268	294900.11394331965
3.9979008e7	4.935525196003318	0.14203296489803854	-1.4434068831306244e-7	-6.772279932038234e-9	0.08205054801776525	0.05083570189034249	434616.4724489102	300022.0920253184
4.04787456e7	4.862002678762284	0.13859905386124924	-1.4998555407840322e-7	-6.973041646965286e-9	0.08385415702722131	0.05157169668847198	443031.7025000018	305216.8701157843
4.09784832e7	4.78553003930712	0.1350609467889469	-1.561598695007516e-7	-7.1896098347872534e-9	0.08579321211318133	0.05234758245905256	451636.65178146947	310488.3136053747
4.14782208e7	4.705822899303813	0.13141023170484611	-1.6294526805109348e-7	-7.424091233083393e-9	0.08788621307755143	0.0531673391202361	460445.9755441227	315840.6678557265
4.19779584e7	4.622551924009215	0.12763735073087326	-1.7044139590416454e-7	-7.6789951407549e-9	0.09015542727781353	0.05403550814339676	469476.3827099634	321278.6083341709
4.2477696e7	4.535332151757361	0.12373136444225373	-1.787712610276388e-7	-7.95733693602959e-9	0.09262795167583594	0.054957291637807465	478747.0870191109	326807.3059939913
4.29774336e7	4.443710117197567	0.11967967955977604	-1.8808850566914916e-7	-8.262769884839014e-9	0.09533713186655697	0.055938655543220084	488280.3426948083	332432.49560793646
4.34771712e7	4.347145666287867	0.11546767726499194	-1.9858771691716437e-7	-8.599765902180232e-9	0.09832456340878981	0.0569864527585548	498102.194242387	338160.56204286637
4.39769088e7	4.244988345440972	0.11107825316349763	-2.1051910848321282e-7	-8.973855618282872e-9	0.10164290271111763	0.05810853856284177	508243.43454762094	343998.634985337
4.44766464e7	4.136444343356157	0.10649120614834016	-2.242101181402609e-7	-9.391960273473444e-9	0.10535996444199772	0.05931386511217101	518740.9291932124	349954.6965669629
4.4976384e7	4.020530619378416	0.10168243942367661	-2.4009787527639485e-7	-9.862848725200885e-9	0.10956481102979258	0.060612483808912	529639.4338608787	356037.6931994315
4.54761216e7	3.8960081656975434	0.09662288147807833	-2.58779722983735e-7	-1.0397780418391952e-8	0.11437713894851469	0.06201532691638244	540994.2007389428	362257.63938248734
4.59758592e7	3.7612834278555014	0.09127703204884903	-2.810945043983549e-7	-1.1011400510867278e-8	0.11996223183422439	0.06353343731843393	552874.778627066	368625.674650427
4.64755968e7	3.614256458960438	0.08560097794334313	-3.0825908686220855e-7	-1.1722960328201213e-8	0.1265558725206775	0.06517588720062237	565370.7942846493	375153.9860969871
4.69753344e7	3.452077864773414	0.07953972226716001	-3.421092069649025e-7	-1.2557844484752208e-8	0.1345080274753363	0.06694446480567456	578601.1005840834	381855.37891666463
4.7475072e7	3.270739137785375	0.07302372888133668	-3.855508886571019e-7	-1.3549052219506172e-8	0.14436451559599403	0.06881999157372508	592729.0462698347	388741.9556174206
4.79748096e7	3.064337349001539	0.0659649631969581	-4.434745658766375e-7	-1.473744752834043e-8	0.15703247917539637	0.07072510627080512	607989.7180132166	395821.4181200975
4.84745472e7	2.8236424507068265	0.05825350917229179	-5.248192769900927e-7	-1.6169076833991742e-8	0.17415285927807578	0.07241252121183771	624742.7842182495	403086.5659676558
4.89742848e7	2.5329291334679573	0.04975479647509688	-6.481821511944522e-7	-1.7902058719288132e-8	0.19907352391979158	0.0730714342036395	643587.8544066896	410482.4598906456
4.94740224e7	2.16088040212397	0.040248142123515296	-8.657287930301573e-7	-2.045786643125111e-8	0.24011378543791356	0.06948541747231989	665666.4959533565	417781.3932457518
4.997376e7	1.5291876344423025	0.030302601472656156	-7.358687255003799e-6	1.205686032490816e-6	0.3489713840508987	0.018057389878424694	693966.1309993719	423697.1493941863