0	7.764705882352941	0.29411764705882354	-4.446738939933036e-8	-2.6522647655111196e-9	0.03999154808762513	0.028775211118723405	0.	0.
87557.76	7.7608094716163425	0.29388526948078336	-4.45347136488447e-8	-2.6557206032872164e-9	0.040028109706028214	0.028796606561681735	711.2327088490035	511.71129000825937
175115.52	7.756907156129123	0.293652588855137	-4.460226658859259e-8	-2.6591870208713117e-9	0.040064764206355796	0.028818047757045835	1423.1161774546217	1023.8033209583434
262673.28	7.752998915780844	0.293419604251729	-4.467004944975967e-8	-2.66266407148382e-9	0.040101512010094716	0.028839534887175364	2135.6520632066386	1536.27690897503
350231.04	7.749084730395533	0.2931863147376429	-4.473806347187137e-8	-2.6661518086756697e-9	0.040138353541104795	0.02886106813527785	2848.8420277484215	2049.132871908654
437788.8	7.745164579678135	0.2929527193748066	-4.480630990378002e-8	-2.669650286384364e-9	0.04017528922611517	0.0288826476856891	3562.6877410345783	2562.372031218639
525346.56	7.741238443222719	0.2927188172203604	-4.4874790003596716e-8	-2.673159558928376e-9	0.04021231949466669	0.028904273723835878	4277.190880709306	3075.995211685546
612904.32	7.737306300520849	0.2924846073270185	-4.4943505038619825e-8	-2.6766796810012535e-9	0.0402494447790547	0.028925946436196035	4992.353131525162	3590.0032411596367
700462.08	7.733368130961487	0.29225008874306607	-4.501245628540896e-8	-2.680210707674179e-9	0.04028666551434612	0.02894766601030364	5708.176185343445	4104.396950558969
788019.84	7.7294239138286	0.29201526051226073	-4.508164502989966e-8	-2.6837526944011573e-9	0.04032398213841706	0.028969432634765393	6424.661741283236	4619.177173927379
875577.6	7.725473628224456	0.29178012167052725	-4.515107256881048e-8	-2.687305697100292e-9	0.04036139509265913	0.028991246499661217	7141.811511013348	5134.344750710154
963135.36	7.7215172532074705	0.2915446712518905	-4.5220740207330374e-8	-2.6908697720153357e-9	0.040398904820761555	0.02901310779583699	7859.627209266845	5649.900521684112
1.05069312e6	7.717554767718238	0.29130890828531586	-4.529064926047513e-8	-2.6944449757941505e-9	0.040436511769388755	0.029035016715290612	8578.110558841308	6165.8453310711875
1.13825088e6	7.7135861505114995	0.29107283179174637	-4.5360801054354585e-8	-2.698031365561527e-9	0.04047421638881523	0.029056973451528353	9297.263295410392	6682.180028649189
1.22580864e6	7.709611380316832	0.2908364407910424	-4.5431196923449415e-8	-2.7016289987566346e-9	0.04051201913149384	0.029078978198739024	10017.087156377836	7198.905464937855
1.3133664e6	7.705630435677523	0.2905997342950668	-4.550183821350279e-8	-2.705237933301983e-9	0.040549920453526185	0.02910103115263086	10737.583891890012	7716.022495897465
1.40092416e6	7.701643295045342	0.2903627113117084	-4.5572726279946976e-8	-2.7088582275083002e-9	0.040587920813829025	0.029123132509947126	11458.75525852251	8233.531980293848
1.48848192e6	7.697649936772122	0.29012537084459666	-4.564386248812792e-8	-2.7124899400864703e-9	0.04062602067422396	0.029145282468512532	12180.603019571125	8751.434779720697
1.57603968e6	7.6936503390382995	0.2898877118899646	-4.571524821464754e-8	-2.7161331302241083e-9	0.04066422050010733	0.029167481227609923	12903.12895019864	9269.73176088957
1.66359744e6	7.689644480009736	0.28964973344344064	-4.578688484468123e-8	-2.7197878574259018e-9	0.040702520759045756	0.029189728987170205	13626.334826487044	9788.42379087676
1.7511552e6	7.6856323376191105	0.28941143449067197	-4.585877377591788e-8	-2.723454181744256e-9	0.04074092192277451	0.02921202594891135	14350.222440357928	10307.511743481798
1.83871296e6	7.681613889595832	0.28917281400848843	-4.593091641813512e-8	-2.7271321637509448e-9	0.04077942446695824	0.029234372316192553	15074.793597977656	10826.996498708042
1.92627072e6	7.677589113666166	0.2889338709735819	-4.600331418973984e-8	-2.7308218643317194e-9	0.04081802886938507	0.029256768292976316	15800.050105738064	11346.87893665879
2.01382848e6	7.673557987556374	0.2886946043626444	-4.607596851777827e-8	-2.734523344685048e-9	0.04085673560995576	0.029279214083814512	16525.993770031	11867.15993743734
2.10138624e6	7.6695204888592015	0.2884550131467517	-4.614888084038526e-8	-2.738236666465636e-9	0.04089554517190858	0.029301709894545253	17252.626405950326	12387.840384708235
2.188944e6	7.665476594743452	0.2882150962788288	-4.622205261207365e-8	-2.7419618920932383e-9	0.04093445804449952	0.029324255933815577	17979.949857408355	12908.92117437592
2.27650176e6	7.661426282335973	0.28797485270982026	-4.629548529703154e-8	-2.7456990843532714e-9	0.040973474719549006	0.029346852411101187	18707.96597185254	13430.403204092187
2.36405952e6	7.657369528764418	0.2877342813907035	-4.636918036842924e-8	-2.7494483063555733e-9	0.04101259569106081	0.029369499536483202	19436.676596681835	13952.28737149045
2.45161728e6	7.65330631115644	0.2874933812724559	-4.644313930850279e-8	-2.7532096215373613e-9	0.041051821455243935	0.029392197520654098	20166.08357929519	14474.57457420412
2.53917504e6	7.649236606419766	0.2872521512968546	-4.6517363612588666e-8	-2.7569830939008047e-9	0.041091152512539565	0.02941494657606749	20896.18878124128	14997.2657155887
2.6267328e6	7.6451603910334365	0.28701059038731924	-4.6591854793012016e-8	-2.7607687882373116e-9	0.04113058936957124	0.029437746918043406	21626.994093223002	15520.361711386931
2.71429056e6	7.641077641491897	0.28676869746769257	-4.666661437119639e-8	-2.7645667696586416e-9	0.041170132535106194	0.029460598762456214	22358.501405771338	16043.863477583242
2.80184832e6	7.636988334289617	0.2865264714618184	-4.674164387801125e-8	-2.7683771036171767e-9	0.041209782520200994	0.029483502325812937	23090.712609415852	16567.771930161507
2.88940608e6	7.632892445920085	0.2862839112935005	-4.6816944853864066e-8	-2.7721998559094453e-9	0.041249539838225824	0.029506457825260714	23823.629594746002	17092.08798512863
2.97696384e6	7.628789952575635	0.2860410158739755	-4.6892518854240463e-8	-2.776035093002524e-9	0.04128940500764442	0.029529465480160264	24557.254271612976	17616.812566238325
3.0645216e6	7.624680830050709	0.2857977840973894	-4.696836745160838e-8	-2.779882882139612e-9	0.04132937855295034	0.02955252551261213	25291.588577119986	18141.946608892365
3.15207936e6	7.6205650541724355	0.28555421485905813	-4.704449222769255e-8	-2.7837432908819364e-9	0.04136946100072304	0.029575638145204506	26026.634446996813	18667.491048213567
3.23963712e6	7.616442600767942	0.28531030705429783	-4.712089477414269e-8	-2.7876163871479716e-9	0.041409652879938745	0.029598803601182905	26762.393816973243	19193.446819324756
3.32719488e6	7.6123134456592405	0.2850660595782149	-4.7197576692705795e-8	-2.791502239221477e-9	0.041449954722032056	0.02962202210447949	27498.868623091905	19719.81485746911
3.41475264e6	7.608177564299056	0.2848214713105166	-4.7274539602006525e-8	-2.795400916150506e-9	0.04149036706428592	0.02964529388162921	28236.060824978653	20246.596107362286
3.5023104e6	7.604034931784377	0.2845765411155627	-4.7351785137454886e-8	-2.7993124877341993e-9	0.04153089044975651	0.029668619161719586	28973.972406871773	20773.791524327477
3.58986816e6	7.599885523246157	0.28433126785897045	-4.7429314944191995e-8	-2.803237024105629e-9	0.041571525423683114	0.029691998174344057	29712.60535142684	21301.402063275513
3.67742592e6	7.595729313815346	0.28408565040635714	-4.7507130677792825e-8	-2.807174595772672e-9	0.04161227253381294	0.02971543114977877	30451.9616412994	21829.428679117198
3.76498368e6	7.591566278609647	0.28383968762279704	-4.7585234004596015e-8	-2.811125273635007e-9	0.04165313233054085	0.029738918319055913	31192.043259956394	22357.872327076082
3.85254144e6	7.587396392312752	0.28359337835526655	-4.7663626609611964e-8	-2.8150891294490358e-9	0.04169410537084744	0.029762459916185393	31932.85221858489	22886.7339735126
3.9400992e6	7.583219629300536	0.2833467214373854	-4.774231019434978e-8	-2.819066235691234e-9	0.04173519221717967	0.02978605617751224	32674.39054994967	23416.014594184933
4.02765696e6	7.579035963981325	0.28309971570400083	-4.782128647060604e-8	-2.823056665192032e-9	0.04177639343429473	0.029809707339921068	33416.66028520513	23945.715164379893
4.11521472e6	7.574845370763446	0.28285235998996017	-4.790055716115252e-8	-2.827060491175058e-9	0.04181770958957728	0.0298334136410062	34159.66345550568	24475.836659384317
4.20277248e6	7.570647824094773	0.2826046531318177	-4.7980123999082375e-8	-2.8310777872167556e-9	0.04185914125268265	0.029857175318865198	34903.40208926768	25006.380053304543
4.29033024e6	7.566443298447736	0.2823565939674723	-4.8059988728170684e-8	-2.8351086272674205e-9	0.04190068899568625	0.02988099261217401	35647.878212168696	25537.34631870399
4.377888e6	7.56223176723775	0.2821081812897696	-4.8140153123339543e-8	-2.839153086842981e-9	0.041942353403292935	0.02990486576594959	36393.09392098712	26068.736458074654
4.46544576e6	7.558013203680344	0.2818594138829894	-4.8220618974779203e-8	-2.8432112420915273e-9	0.04198413506483663	0.029928795027013472	37139.05132611558	26600.551479699767
4.55300352e6	7.5537875809910435	0.28161029053141134	-4.830138808430156e-8	-2.8472831695773156e-9	0.04202603457242342	0.029952780642933618	37885.75253794671	27132.792391862567
4.64056128e6	7.549554872385378	0.28136081001931507	-4.8382462265433826e-8	-2.851368946283786e-9	0.04206805252095074	0.029976822862027613	38633.19966687314	27665.460202846294
4.72811904e6	7.545315051078875	0.28111097113098027	-4.8463843343515975e-8	-2.8554686496165474e-9	0.042110189508126956	0.03000092193336569	39381.39482328748	28198.55592093417
4.8156768e6	7.541068090287062	0.2808607726506867	-4.854553315579716e-8	-2.859582357406271e-9	0.042152446134488625	0.030025078106773847	40130.340117582375	28732.08055440944
4.90323456e6	7.536813963225469	0.280610213362714	-4.862753355153439e-8	-2.863710147911757e-9	0.04219482300342061	0.03004929163283825	40880.037660150454	29266.03511155534
4.99079232e6	7.5325526431096215	0.2803592920513419	-4.8709846392091056e-8	-2.867852099822869e-9	0.04223732072117599	0.030073562762906805	41630.48956138435	29800.420600655103
5.07835008e6	7.528284103097288	0.28010800749844617	-4.87924735521435e-8	-2.8720082923287834e-9	0.042279939897441894	0.0300978917494019	42381.69793535745	30335.23803146954
5.16590784e6	7.524008315466333	0.27985635844881246	-4.887541693557952e-8	-2.876178806044603e-9	0.04232268115318323	0.030122278850222138	43133.66495385192	30870.488437527198
5.2534656e6	7.5197252518177224	0.2796043436183953	-4.895867847188109e-8	-2.8803637227924093e-9	0.04236554511879145	0.030146724327684383	43886.39283407906	31406.172871436163
5.34102336e6	7.515434883735749	0.2793519617224172	-4.904226010363632e-8	-2.884563124869037e-9	0.0424085324278443	0.030171228445000736	44639.88379444685	31942.292386334357
5.42858112e6	7.511137182804711	0.27909921147610034	-4.9126163786327553e-8	-2.8887770950310176e-9	0.0424516437169677	0.03019579146619109	45394.14005336325	32478.84803535969
5.51613888e6	7.5068321206089035	0.27884609159466717	-4.9210391488438416e-8	-2.8930057164979883e-9	0.04249487962585643	0.03022041365608728	46149.16382923625	33015.840871650085
5.60369664e6	7.502519668732622	0.2785926007933399	-4.929494519156494e-8	-2.8972490729558016e-9	0.042538240797295956	0.030245095280336812	46904.95734047382	33553.27194834345
5.6912544e6	7.498199798760163	0.2783387377873409	-4.937982689052415e-8	-2.9015072485600256e-9	0.04258172787718239	0.030269836605406285	47661.522805483946	34091.142318577724
5.77881216e6	7.493872482275823	0.2780845012918926	-4.946503859346608e-8	-2.9057803279393193e-9	0.042625341514546965	0.030294637898584473	48418.862442674596	34629.4530354908
5.86636992e6	7.489537690863898	0.2778298900222172	-4.955058232198648e-8	-2.910068396198811e-9	0.04266908236157433	0.030319499427986958	49176.97847045375	35168.20515222061
5.95392768e6	7.4851953959587245	0.27757490268733814	-4.963646011417509e-8	-2.914371539095747e-9	0.04271295107506597	0.030344421463364152	49935.87311664001	35707.39972562987
6.04148544e6	7.4808455678743675	0.2773195379492244	-4.9722674043804167e-8	-2.9186898441546785e-9	0.04275694832581803	0.03036940428134089	50695.54868192168	36247.03784237395
6.1290432e6	7.476488176428988	0.2770637944486371	-4.980922620841529e-8	-2.9230233999626614e-9	0.04280107479270658	0.030394448162084836	51456.00750054988	36787.12060329677
6.21660096e6	7.472123191439202	0.27680767082625707	-4.9896118719798636e-8	-2.927372295613527e-9	0.042845331157955635	0.030419553386645707	52217.25190692815	37327.64910932307
6.30415872e6	7.467750582721627	0.2765511657227654	-4.998335370408359e-8	-2.9317366207099152e-9	0.042889718107148735	0.03044472023694969	52979.284235460036	37868.62446137763
6.39171648e6	7.463370320092878	0.2762942777788429	-5.007093330186289e-8	-2.9361164653669918e-9	0.042934236329250655	0.030469948995803638	53742.1068205491	38410.047760385205
6.47927424e6	7.458982373369571	0.2760370056351707	-5.015885966831593e-8	-2.9405119202162247e-9	0.04297888651663142	0.030495239946899226	54505.72199659888	38951.92010727054
6.566832e6	7.4545867123683225	0.2757793479324297	-5.024713497333513e-8	-2.944923076409072e-9	0.04302366936509173	0.03052059337481617	55270.13209801291	39494.24260295842
6.65438976e6	7.450183306905748	0.2755213033113009	-5.03357614016521e-8	-2.949350025621033e-9	0.04306858557388598	0.030546009565027	56035.33945919476	40037.01634837359
6.74194752e6	7.445772126798464	0.2752628704124653	-5.042474115296574e-8	-2.9537928600552965e-9	0.043113635845745964	0.0305714888039004	56801.34641454796	40580.24244444082
6.82950528e6	7.441353141538855	0.2750040478632614	-5.0514076448560415e-8	-2.9582516728265915e-9	0.043158820890060685	0.030597031380460278	57568.15531861093	41123.921999975035
6.91706304e6	7.436926319327518	0.2747448342368594	-5.060376955092849e-8	-2.9627265590949976e-9	0.043204141432367116	0.030622637591660458	58335.76860960875	41668.056157878
7.0046208e6	7.432491628058648	0.2744852280932105	-5.069382274438577e-8	-2.967217614928415e-9	0.043249598204845585	0.030648307737067677	59104.188746889005	42212.64607010987
7.09217856e6	7.428049035626671	0.274225227992274	-5.0784238329089985e-8	-2.9717249369550194e-9	0.04329519194335555	0.03067404211719529	59873.41818978903	42757.69288862832
7.17973632e6	7.4235985099260136	0.27396483249400927	-5.0875018621186504e-8	-2.976248622367212e-9	0.04334092338746404	0.030699841033509298	60643.45939764618	43303.19776539102
7.26729408e6	7.419140018851102	0.2737040401583756	-5.0966165952947903e-8	-2.9807887689260955e-9	0.043386793280472756	0.030725704788432204	61414.314829797746	43849.16185235564
7.35485184e6	7.414673530296361	0.2734428495453325	-5.105768267291498e-8	-2.9853454749657486e-9	0.04343280236944492	0.03075163368534738	62185.98694558109	44395.58630147987
7.4424096e6	7.410199012156219	0.2731812592148392	-5.1149571146041533e-8	-2.9899188393974644e-9	0.043478951405232176	0.03077762802860375	62958.478204333536	44942.47226472137
7.52996736e6	7.405716432325099	0.27291926772685515	-5.124183375383809e-8	-2.994508961714115e-9	0.043525241142502266	0.030803688123519253	63731.79106539243	45489.82089403783
7.61752512e6	7.4012257586954115	0.27265687364126096	-5.133447289455935e-8	-2.9991159419970344e-9	0.04357167233978766	0.03082981427639711	64505.927988205774	46037.633341424844
7.70508288e6	7.396726958558235	0.27239407549324046	-5.142749099562339e-8	-3.003739881636179e-9	0.04361824576541637	0.030856006797800335	65280.891469390415	46585.91077337705
7.79264064e6	7.392219997877805	0.2721308717623271	-5.152089052880764e-8	-3.008380884198403e-9	0.04366496220477343	0.03088226600655928	66056.68409153087	47134.65439140039
7.8801984e6	7.387704842452837	0.27186726092084484	-5.16146739868202e-8	-3.0130390540618e-9	0.043711822448926456	0.030908592223441313	66833.30844884898	47683.865402065414
7.96775616e6	7.383181458082045	0.2716032414411177	-5.1708843880079544e-8	-3.0177144962274452e-9	0.04375882729301514	0.030934985770245716	67610.76713556654	48233.545011942675
8.05531392e6	7.378649810564143	0.2713388117954696	-5.180340273687331e-8	-3.0224073163239893e-9	0.04380597753628329	0.030961446969807585	68389.06274590536	48783.69442760273
8.14287168e6	7.374109865697846	0.2710739704562245	-5.1898353103517904e-8	-3.0271176206127013e-9	0.04385327398210826	0.030987976146003144	69168.19787408726	49334.31485561613
8.23042944e6	7.369561589281867	0.27080871589570643	-5.1993697544522504e-8	-3.0318455159921142e-9	0.0439007174380321	0.031014573623753785	69948.17511433408	49885.40750255346
8.3179872e6	7.365004947114922	0.2705430465862394	-5.208943864275162e-8	-3.0365911100031697e-9	0.0439483087157914	0.03104123972903169	70728.9970608676	50436.97357498525
8.40554496e6	7.360439904995724	0.27027696100014725	-5.218557899959147e-8	-3.0413545108339694e-9	0.04399604863134975	0.031067974788863043	71510.66630790965	50989.01427948207
8.49310272e6	7.355866428701228	0.27001045760888875	-5.228212123557302e-8	-3.046135827351498e-9	0.044043938005144265	0.031094779131453643	72293.18545093053	51541.530823065565
8.58066048e6	7.351284483054132	0.26974353484474745	-5.237906801009033e-8	-3.0509351702421013e-9	0.04409197767143738	0.03112165309132752	73076.55714432288	52094.52443571775
8.66821824e6	7.346694031639504	0.2694761910880742	-5.247642202778011e-8	-3.055752652362205e-9	0.0441401684812806	0.031148597010941918	73860.78412271275	52647.996380103774
8.755776e6	7.342095037967686	0.2692084247159103	-5.257418601450343e-8	-3.0605883873455813e-9	0.04418851129096284	0.031175611234288168	74645.86912616096	53201.947921311905
8.84333376e6	7.33748746554902	0.268940234105297	-5.267236271596609e-8	-3.0654424895202297e-9	0.044237006961291125	0.031202696106481655	75431.81489472833	53756.38032443042
8.93089152e6	7.33287127789385	0.2686716176332757	-5.2770954897899686e-8	-3.0703150739140792e-9	0.04428565635762334	0.0312298519737672	76218.62416847574	54311.29485454758
9.01844928e6	7.328246438512516	0.26840257367688763	-5.286996534624637e-8	-3.075206256260384e-9	0.04433446034990574	0.03125707918352316	77006.299687464	54866.69277675167
9.10600704e6	7.323612910915363	0.26813310061317414	-5.2969396867346084e-8	-3.0801161530032003e-9	0.04438341981270566	0.03128437808426749	77794.84419175395	55422.57535613094
9.1935648e6	7.318970658612732	0.2678631968191765	-5.306925228812365e-8	-3.085044881303216e-9	0.04443253562524729	0.03131174902566287	78584.26042140645	55978.943857773695
9.28112256e6	7.314319645114964	0.267592860671936	-5.316953445628079e-8	-3.0899925590431036e-9	0.044481808671446126	0.031339192358521194	79374.55111648231	56535.79954676817
9.36868032e6	7.309659833850118	0.26732209054520145	-5.327024624224854e-8	-3.0949593049363666e-9	0.044531239840778024	0.03136670843526396	80165.71902183408	57093.14368996254
9.45623808e6	7.304991186897389	0.26705088475739275	-5.3371390566598914e-8	-3.0999452401057643e-9	0.044580830041152306	0.03139429761696787	80957.76696543345	57650.97758652792
9.54379584e6	7.300313665286932	0.2667792415828485	-5.34729703941551e-8	-3.10495048772224e-9	0.044630580196043095	0.03142196027175757	81750.69784343397	58209.30256346182
9.6313536e6	7.295627230026578	0.26650715929486424	-5.3574988712308226e-8	-3.1099751717529453e-9	0.0446804912341361	0.031449696769105834	82544.51455379344	58768.11994862233
9.71891136e6	7.290931842124156	0.26623463616673576	-5.367744853074634e-8	-3.1150194169410834e-9	0.04473056408914471	0.031477507479711245	83339.21999446966	59327.43106986755
9.80646912e6	7.2862274625874965	0.26596167047175856	-5.378035288166451e-8	-3.1200833488122692e-9	0.04478079969984151	0.031505392775505396	84134.81706342041	59887.237255055574
9.89402688e6	7.28151405242443	0.2656882604832283	-5.388370481997723e-8	-3.1251670936807105e-9	0.04483119901010591	0.03153335302965727	84931.30865860352	60447.539832044524
9.98158464e6	7.276791572642787	0.26541440447444065	-5.3987507423533095e-8	-3.1302707786556065e-9	0.04488176296895519	0.03156138861657959	85728.69767797671	61008.340128692456
1.00691424e7	7.272059984250397	0.2651401007186912	-5.4091763793332706e-8	-3.135394531647712e-9	0.04493249253059227	0.03158949991193372	86526.98701949781	61569.63947285749
1.015670016e7	7.267319248255091	0.26486534748927565	-5.4196477053747993e-8	-3.1405384813755044e-9	0.044983388654440785	0.0316176872926365	87326.17958112463	62131.43919239771
1.024425792e7	7.262569325448835	0.2645901430508402	-5.4301650357479555e-8	-3.14570275764716e-9	0.04503445230739984	0.031645951138069166	88126.27827342734	62693.7406198204
1.033181568e7	7.257810174887159	0.2643144855968832	-5.440728691930491e-8	-3.150887493294387e-9	0.04508568447953799	0.031674291838617155	88927.28611368788	63256.54512901592
1.041937344e7	7.253041754835809	0.2640383732875836	-5.451338999591261e-8	-3.156092822989904e-9	0.04513708617455228	0.03170270979042851	89729.20617093227	63819.854115129274
1.05069312e7	7.24826402356007	0.2637618042830495	-5.461996286888825e-8	-3.1613188822689713e-9	0.04518865840170061	0.031731205390989975	90532.04151438898	64383.668973448504
1.059448896e7	7.243476939325232	0.26348477674338905	-5.4727008844944144e-8	-3.1665658075368124e-9	0.04524040217584591	0.03175977903912869	91335.79521328647	64947.99109926168
1.068204672e7	7.238680460396582	0.2632072888287103	-5.48345312561619e-8	-3.1718337360755883e-9	0.04529231851749599	0.031788431135019106	92140.47033685318	65512.82188785683
1.076960448e7	7.233874545039406	0.2629293386991214	-5.4942533460238433e-8	-3.1771228060519064e-9	0.045344408452850524	0.03181716208018886	92946.06995431756	66078.16273452202
1.085716224e7	7.229059151518993	0.26265092451473043	-5.5051018840734013e-8	-3.1824331565238125e-9	0.04539667301384537	0.03184597227752465	93752.59713490808	66644.01503454531
1.094472e7	7.22423423810063	0.2623720444356455	-5.515999080732424e-8	-3.1877649274483757e-9	0.04544911323819779	0.031874862131279456	94560.05494785319	67210.38018321474
1.103227776e7	7.219399763049605	0.2620926966219747	-5.5269452796053166e-8	-3.193118259689155e-9	0.04550173016945641	0.03190383204707706	95368.44646238137	67777.25957581839
1.111983552e7	7.214555684164897	0.261812879215156	-5.537940828008365e-8	-3.198493295630088e-9	0.04555452486189177	0.031932882434546506	96177.77477491862	68344.65461765123
1.120739328e7	7.209701957207681	0.26153259027318665	-5.5489860805563555e-8	-3.203890181218366e-9	0.045607498396994246	0.031962013716238455	96988.04310690102	68912.56676239581
1.129495104e7	7.2048385374286665	0.26125182783234313	-5.560081395793297e-8	-3.209309064009977e-9	0.04566065186774396	0.031991226319055065	97799.25471380356	69480.9974779166
1.13825088e7	7.199965380079992	0.2609705899289516	-5.5712271350724944e-8	-3.214750092528925e-9	0.045713986373320914	0.03202052067135182	98611.4128510429	70049.94823206631
1.147006656e7	7.195082440413796	0.2606888745993382	-5.58242366258743e-8	-3.2202134162768265e-9	0.04576750301916757	0.03204989720295244	99424.52077403563	70619.42049269761
1.155762432e7	7.190189673682216	0.260406679879829	-5.593671345400162e-8	-3.2256991857414476e-9	0.045821202917039824	0.03207935634515557	100238.5817381984	71189.41572766325
1.164518208e7	7.18528703513739	0.2601240038067503	-5.604970553469593e-8	-3.2312075524052056e-9	0.04587508718506169	0.0321088985307413	101053.59899894784	71759.9354048159
1.173273984e7	7.180374480031455	0.25984084441642813	-5.616321659680463e-8	-3.236738668752972e-9	0.045929156947771874	0.03213852419397897	101869.57581170058	72330.98099200828
1.18202976e7	7.175451963616551	0.2595571997451887	-5.6277250398725065e-8	-3.2422926882814e-9	0.04598341333618377	0.03216823377063251	102686.51543187327	72902.5539570931
1.190785536e7	7.170519441143722	0.259273067829317	-5.639181072872497e-8	-3.2478697655086093e-9	0.04603785748784298	0.03219802769797452	103504.42111493774	73474.65576794007
1.199541312e7	7.165576866977864	0.2589884466696777	-5.650690142567736e-8	-3.253470057159207e-9	0.046092490556224955	0.03222790641982495	104323.29616785001	74047.2879112836
1.208297088e7	7.160624193336127	0.2587033341791329	-5.6622526408867116e-8	-3.2590937238419717e-9	0.04614731372426945	0.03225787039380474	105143.14402947441	74620.45192496016
1.217052864e7	7.155661372151795	0.25841772825831466	-5.6738689635676905e-8	-3.264740927615757e-9	0.04620232818482743	0.03228792008076049	105963.9681580893	75194.14935505502
1.22580864e7	7.1506883553581515	0.25813162680785495	-5.6855395095375406e-8	-3.2704118316322107e-9	0.04625753513772251	0.03231805594314094	106785.77201197314	75768.38174765348
1.234564416e7	7.145705094888482	0.25784502772838586	-5.697264680944128e-8	-3.276106600145783e-9	0.04631293578979431	0.03234827844500605	107608.55904940437	76343.15064884082
1.243320192e7	7.140711542676072	0.25755792892053947	-5.709044883189193e-8	-3.2818253985229613e-9	0.04636853135497386	0.03237858805203244	108432.33272866142	76918.45760470231
1.252075968e7	7.135707650654204	0.2572703282849477	-5.720880524961526e-8	-3.287568393252212e-9	0.046424323054324826	0.03240898523152313	109257.09650802275	77494.30416132325
1.260831744e7	7.1306933707561635	0.2569822237222428	-5.732772018270685e-8	-3.293335751953788e-9	0.04648031211611761	0.03243947045241326	110082.85384576676	78070.69186478891
1.26958752e7	7.125668654915234	0.25669361313305655	-5.7447197784808496e-8	-3.2991276433890427e-9	0.046536499775885684	0.032470044185277866	110909.60820017192	78647.62226118457
1.278343296e7	7.120633455039478	0.2564044944170506	-5.75672422440494e-8	-3.3049442375059378e-9	0.04659288727675348	0.032500706902484175	111737.36303085843	79225.09689703933
1.287099072e7	7.1155877215738	0.2561148654154466	-5.7687857817502584e-8	-3.310785707401413e-9	0.04664947588492089	0.03253145908645389	112566.12188230125	79803.11734991398
1.295854848e7	7.110531402915691	0.2558247238854713	-5.7809048845927504e-8	-3.316652230124017e-9	0.04670626689619471	0.03256230123311434	113395.88842500995	80381.68524628735
1.304610624e7	7.105464447333651	0.2555340675786482	-5.7930819709032715e-8	-3.3225439841157946e-9	0.04676326161554339	0.032593233840896005	114226.66633878702	80960.8022167389
1.3133664e7	7.100386803096181	0.2552428942465009	-5.8053174822801174e-8	-3.328461149055275e-9	0.046820461355766264	0.03262425740999123	115058.45930343497	81540.4698918481
1.322122176e7	7.095298418471784	0.25495120164055285	-5.817611863986949e-8	-3.3344039058681222e-9	0.046877867437565675	0.0326553724423614	115891.27099875626	82120.68990219438
1.330877952e7	7.09019924172896	0.25465898751232763	-5.82996556499117e-8	-3.3403724367389056e-9	0.04693548118960522	0.03268657944174618	116725.1051045534	82701.4638783572
1.339633728e7	7.0850892211362115	0.25436624961334875	-5.842379038002967e-8	-3.346366925122011e-9	0.046993303948605306	0.032717878913668653	117559.96530062889	83282.79345091603
1.348389504e7	7.079968304962039	0.2540729856951397	-5.8548527395141216e-8	-3.3523875557524132e-9	0.04705133705936563	0.03274927136544939	118395.85526678519	83864.6802504503
1.35714528e7	7.074836441474944	0.253779193509224	-5.8673871298386614e-8	-3.3584345146585617e-9	0.04710958187487732	0.0327807573062091	119232.77868282484	84447.12590753948
1.365901056e7	7.069693578831232	0.2534848708027757	-5.879982673424712e-8	-3.364507989329569e-9	0.04716803975759921	0.03281233724752571	120070.73923462539	85030.13205481801
1.374656832e7	7.064539663046777	0.25319001523755613	-5.892639843843531e-8	-3.3706081715455904e-9	0.04722671210164052	0.03284401171520632	120909.74073192429	85613.70037010695
1.383412608e7	7.059374638368615	0.25289462440257765	-5.9053591229974394e-8	-3.3767352568800195e-9	0.04728560032902889	0.03287578124724568	121749.78709389013	86197.8325738844
1.392168384e7	7.054198449007761	0.25259869588510325	-5.9181409969741234e-8	-3.382889442342585e-9	0.04734470587097456	0.032907646383780305	122590.88224279587	86782.53038815543
1.40092416e7	7.049011039175236	0.2523022272723961	-5.930985956002773e-8	-3.3890709263463837e-9	0.04740403016750227	0.03293960766688819	123433.03010091449	87367.79553492511
1.409679936e7	7.043812353082056	0.2520052161517192	-5.943894494499041e-8	-3.395279908721399e-9	0.047463574667552	0.03297166564059556	124276.23459051902	87953.62973619853
1.418435712e7	7.038602334939243	0.25170766011033574	-5.9568671111082084e-8	-3.401516590723592e-9	0.047523340829130546	0.03300382085087581	125120.4996338824	88540.0347139808
1.427191488e7	7.033380928957813	0.25140955673550863	-5.969904308755985e-8	-3.4077811750586735e-9	0.04758333011909758	0.03303607384569587	125965.82915327765	89127.01219027696
1.435947264e7	7.028148079348787	0.251110903614501	-5.983006594686834e-8	-3.414073865878655e-9	0.04764354401382606	0.0330684251749522	126812.22707097772	89714.5638870921
1.44470304e7	7.022903730323182	0.25081169833457595	-5.996174480517229e-8	-3.42039486880899e-9	0.04770398399863573	0.03310087539056141	127659.69730925563	90302.6915264313
1.453458816e7	7.017647825775249	0.25051193847069103	-6.009408483072712e-8	-3.426744391411377e-9	0.04776465157174458	0.03313342504826814	128508.24380762188	90891.39683616687
1.462214592e7	7.012380306763577	0.2502116214847703	-6.022709130761649e-8	-3.433122646778536e-9	0.047825548272233856	0.03316607472242681	129357.87066924656	91480.68160370327
1.470970368e7	7.007101112990464	0.24991074478263417	-6.03607696000971e-8	-3.4395298514619677e-9	0.047886675664029134	0.033198824997466785	130208.5820822112	92070.54764989171
1.479726144e7	7.001810184161842	0.2496093057701035	-6.04951251192818e-8	-3.445966223589733e-9	0.04794803532092343	0.03323167645992915	131060.38223485697	92660.99679585877
1.48848192e7	6.9965074599836425	0.24930730185299915	-6.063016332375271e-8	-3.452431982888733e-9	0.04800962882671211	0.03326462969849342	131913.275315525	93252.03086273102
1.497237696e7	6.9911928801617975	0.2490047304371419	-6.076588972007984e-8	-3.458927350699131e-9	0.04807145777531003	0.033297685303983623	132767.26551255648	93843.65167163507
1.505993472e7	6.985866384402236	0.24870158892835267	-6.090230986335765e-8	-3.465452549990076e-9	0.04813352377079589	0.03333084386938455	133622.35701429253	94435.8610436975
1.514749248e7	6.98052791241089	0.24839787473245223	-6.103942935774278e-8	-3.4720078053749464e-9	0.048195828427536204	0.03336410598984788	134478.5540090743	95028.6608000449
1.523505024e7	6.9751774038936905	0.24809358525526143	-6.117725385700029e-8	-3.4785933431267324e-9	0.04825837337027412	0.0333974722627018	135335.86068524295	95622.05276180388
1.5322608e7	6.969814798556569	0.24778871790260112	-6.131578906505691e-8	-3.4852093911942228e-9	0.048321160234231046	0.0334309432874611	136194.28123113967	96216.03875010101
1.541016576e7	6.96444003538957	0.24748327005249857	-6.145504075497429e-8	-3.4918561802661027e-9	0.048384190673221625	0.033464519670053774	137053.81987401028	96810.62059928573
1.549772352e7	6.959053049961598	0.24717723894670313	-6.159501483961336e-8	-3.498533947728293e-9	0.048447466390355166	0.03349820203886787	137914.48103819982	97405.8002152559
1.558528128e7	6.953653776955027	0.24687062178982264	-6.173571730793823e-8	-3.505242934018062e-9	0.04851098910990808	0.03353199102989401	138776.26920503992	98001.57952687051
1.567283904e7	6.948242151058484	0.24656341578667704	-6.1877154202756e-8	-3.511983381373726e-9	0.04857476056733553	0.03356588728144031	139639.18885562196	98597.9604629476
1.57603968e7	6.942818106960604	0.24625561814208627	-6.201933162149476e-8	-3.5187555338611766e-9	0.04863878250947523	0.03359989143417494	140503.24447103738	99194.94495230522
1.584795456e7	6.937381579350016	0.24594722606087027	-6.21622557168241e-8	-3.525559637392296e-9	0.04870305669463288	0.03363400413113957	141368.44053237748	99792.5349237614
1.593551232e7	6.931932502915352	0.24563823674784901	-6.230593269728665e-8	-3.5323959397425397e-9	0.04876758489269892	0.03366822601775903	142234.78152073373	100390.73230613419
1.602307008e7	6.926470812345242	0.24532864740784244	-6.245036882793949e-8	-3.5392646905690887e-9	0.048832368885259984	0.03370255774185189	143102.27191719745	100989.53902824163
1.611062784e7	6.920996442328318	0.24501845524567045	-6.259557043100022e-8	-3.54616614142937e-9	0.04889741046569956	0.03373699995364211	143970.91620286007	101588.95701890178
1.61981856e7	6.915509327553089	0.24470765746614864	-6.274154388650891e-8	-3.553100545799665e-9	0.04896271143931999	0.033771553305769676	144840.7188588186	102188.98820693421
1.628574336e7	6.910009401292094	0.24439625121923775	-6.288829567051125e-8	-3.56006816122025e-9	0.04902827363962495	0.033806218461725115	145711.68444273793	102789.634547029
1.637330112e7	6.904496593110016	0.24408423350706676	-6.303583241727265e-8	-3.567069252734765e-9	0.0490940989549458	0.03384099610963714	146583.81772626733	103390.89807167697
1.646085888e7	6.898970832089804	0.24377160131110837	-6.318416083543894e-8	-3.574104088138535e-9	0.04916018929186857	0.03387588694312576	147457.12351352302	103992.78082695662
1.654841664e7	6.893432047314406	0.2434583516128352	-6.333328769604514e-8	-3.581172937305079e-9	0.049226546569831955	0.03391089165841239	148331.60660862114	104595.28485894637
1.66359744e7	6.887880167866772	0.24314448139371997	-6.348321983324831e-8	-3.5882760722068736e-9	0.049293172721240716	0.03394601095433318	149207.27181567796	105198.41221372469
1.672353216e7	6.8823151228298505	0.24282998763523533	-6.363396414506945e-8	-3.595413766935984e-9	0.049360069691592554	0.03398124553234979	150084.1239388097	105802.16493737005
1.681108992e7	6.876736841286588	0.24251486731885394	-6.378552759414556e-8	-3.6025862977262068e-9	0.0494272394396079	0.03401659609656109	150962.16778213254	106406.54507596092
1.689864768e7	6.871145252319936	0.24219911742604852	-6.393791720849374e-8	-3.6097939429737573e-9	0.04949468393735415	0.034052063353716085	151841.40814976266	107011.55467557572
1.698620544e7	6.865540285012842	0.24188273493829168	-6.409114008228549e-8	-3.6170369832592814e-9	0.04956240517037469	0.0340876480132238	152721.84984581632	107617.19578229295
1.70737632e7	6.859921868417798	0.2415657168359249	-6.424520337745847e-8	-3.624315701417696e-9	0.04963040513817934	0.034123350787348024	153603.49767590087	108223.4704426317
1.716132096e7	6.854289929142494	0.24124806000470955	-6.440011439050524e-8	-3.631630386277653e-9	0.049698685882469056	0.03415917240573752	154486.3565774012	108830.38074746652
1.724887872e7	6.848644390193808	0.24092976118650888	-6.455588058607511e-8	-3.638981334454677e-9	0.049767249501149656	0.034195113622567046	155370.43169650662	109437.92886394545
1.733643648e7	6.842985174370395	0.2406108171138178	-6.471250950602902e-8	-3.646368845236839e-9	0.049836098109140935	0.03423117519615955	156255.72819483423	110046.11696612104
1.742399424e7	6.837312204470913	0.2402912245191312	-6.487000876463043e-8	-3.653793220308242e-9	0.04990523383607132	0.034267357887723504	157142.251234001	110654.94722804584
1.7511552e7	6.831625403294017	0.23997098013494395	-6.502838604942485e-8	-3.661254763773596e-9	0.04997465882642352	0.03430366246136578	158030.00597562408	111264.42182377244
1.759910976e7	6.825924693638366	0.23965008069375093	-6.518764912212876e-8	-3.66875378218315e-9	0.050044375239682845	0.03434008968410447	158918.99758132044	111874.54292735337
1.768666752e7	6.820209998302615	0.23932852292804707	-6.534780581953239e-8	-3.6762905845585535e-9	0.05011438525048403	0.03437664032588189	159809.23121270706	112485.31271284113
1.777422528e7	6.8144812400854216	0.23900630357032723	-6.550886405441458e-8	-3.6838654824175492e-9	0.0501846910487677	0.03441331515957633	160700.71203140108	113096.73335428836
1.786178304e7	6.808738341785443	0.23868341935308635	-6.567083181647347e-8	-3.6914787898007975e-9	0.050255294839927585	0.03445011496101569	161593.44519901945	113708.80702574755
1.79493408e7	6.802981226034532	0.23835986700257655	-6.583371717795478e-8	-3.699130823563424e-9	0.05032619884693972	0.034487040509998255	162487.4358855002	114321.5359038009
1.803689856e7	6.797209811760247	0.23803564310190756	-6.599752839448197e-8	-3.7068219089929285e-9	0.05039740535249331	0.034524092611817464	163382.68945991926	114934.9222318469
1.812445632e7	6.79142401473175	0.23771074410745185	-6.616227389233212e-8	-3.714552378981243e-9	0.05046891669322059	0.034561272094170634	164279.21147607733	115548.96832132629
1.821201408e7	6.785623750677258	0.23738516647320373	-6.63279621823328e-8	-3.7223225692193244e-9	0.05054073522300388	0.03459857978821032	165177.00749251028	116163.6764862971
1.829957184e7	6.779808935324985	0.23705890665315754	-6.649460185974683e-8	-3.730132818173351e-9	0.05061286331264013	0.034636016528295205	166076.08306775405	116779.04904081747
1.83871296e7	6.773979484403145	0.23673196110130762	-6.66622016053281e-8	-3.737983467114056e-9	0.05068530335001253	0.03467358315200321	166976.44376034458	117395.08829894548
1.847468736e7	6.768135313639954	0.23640432627164834	-6.683077018639624e-8	-3.745874860146984e-9	0.05075805774027081	0.034711280500145256	167878.0951288177	118011.79657473917
1.856224512e7	6.762276338763627	0.23607599861817397	-6.700031645792402e-8	-3.753807344242583e-9	0.05083112890600384	0.034749109416779	168781.0427317094	118629.1761822567
1.864980288e7	6.756402475502379	0.2357469745948789	-6.717084936364413e-8	-3.761781269266847e-9	0.050904519287425225	0.034787070749222694	169685.2921275556	119247.2294355561
1.873736064e7	6.750513639584425	0.2354172506557574	-6.734237793716891e-8	-3.76979698801285e-9	0.05097823134254789	0.03482516534806882	170590.84887489217	119865.95864869552
1.88249184e7	6.744609746224335	0.23508682323554242	-6.751491131804895e-8	-3.777854857071332e-9	0.05105226755356146	0.03486339407033894	171497.71855800756	120485.36614362274
1.891247616e7	6.738690705576748	0.23475568857369167	-6.768845888572757e-8	-3.785955244246241e-9	0.05112663048206821	0.03490175780747049	172405.90703238462	121105.45433294453
1.900003392e7	6.732756425354979	0.2344238428108145	-6.786303018665336e-8	-3.794098524366755e-9	0.05120132273828787	0.034940257469483635	173315.42029901358	121726.22568384338
1.908759168e7	6.726806813301706	0.23409128208824212	-6.803863486414346e-8	-3.8022850754039315e-9	0.0512763469514359	0.03497889396977874	174226.2643586132	122347.68266393807
1.917514944e7	6.720841777159609	0.2337580025473057	-6.821528266049027e-8	-3.8105152785591836e-9	0.05135170577026938	0.03501766822532332	175138.44521190244	122969.82774084744
1.92627072e7	6.714861224671364	0.2334240003293364	-6.8392983418246e-8	-3.818789518299591e-9	0.05142740186329756	0.035056581156666586	176051.96885959996	123592.66338219027
1.935026496e7	6.708865063579652	0.2330892715756654	-6.857174708152397e-8	-3.827108182394092e-9	0.051503437918987933	0.03509563368795466	176966.84130242476	124216.19205558539
1.943782272e7	6.70285320162715	0.23275381242762389	-6.875158369732017e-8	-3.83547166195034e-9	0.0515798166459808	0.03513482674694444	177883.06854109548	124840.41622865156
1.952538048e7	6.696825546556536	0.23241761902654304	-6.893250341685768e-8	-3.8438803514511075e-9	0.051656540773304636	0.03517416126501854	178800.6565763311	125465.33836900767
1.961293824e7	6.6907820061104895	0.232080687513754	-6.911451649694867e-8	-3.8523346487923026e-9	0.05173361305059364	0.03521363817719956	179719.61140885032	126090.96094427245
1.9700496e7	6.684722486806088	0.2317430139846748	-6.929763333820409e-8	-3.860834957380466e-9	0.05181103626336514	0.03525325842974819	180639.93910069426	126717.2864408071
1.978805376e7	6.678646888875699	0.23140459429239865	-6.948186463970208e-8	-3.869381694621013e-9	0.05188881329586713	0.0352930230117001	181561.64605001538	127344.31745702909
1.987561152e7	6.672555110978627	0.2310654242249606	-6.966722126115806e-8	-3.877975284152269e-9	0.051966947073970315	0.03533293292586615	182484.73875294346	127972.05662960013
1.996316928e7	6.666447051801414	0.2307254995713046	-6.985371417660038e-8	-3.886616153302712e-9	0.05204544054565798	0.0353729891788518	183409.22370459593	128600.50659502354
2.005072704e7	6.660322610030599	0.2303848161203746	-7.00413544767285e-8	-3.895304733180496e-9	0.05212429668160628	0.03541319278123767	184335.1074000902	129229.66998980255
2.01382848e7	6.654181684352723	0.23004336966111447	-7.023015337047642e-8	-3.904041458716877e-9	0.052203518475432704	0.035453544747595704	185262.39633454374	129859.54945044045
2.022584256e7	6.648024173454328	0.2297011559824682	-7.042012218660607e-8	-3.912826768709849e-9	0.052283108943947006	0.035494046096504916	186191.09700307387	130490.14761344044
2.031340032e7	6.641849976021952	0.22935817087337973	-7.061127237532369e-8	-3.921661105868394e-9	0.0523630711274075	0.03553469785056607	187121.2159007981	131121.46711530586
2.040095808e7	6.635658990742138	0.229014410122793	-7.080361550992253e-8	-3.930544916857397e-9	0.052443408089781283	0.03557550103641691	188052.75952283377	131753.51059253988
2.048851584e7	6.629451116301427	0.2286698695196519	-7.099716328845145e-8	-3.939478652343226e-9	0.05252412291900458	0.035616456684747416	188985.7343642984	132386.28068164585
2.05760736e7	6.623226248857054	0.22832454475841832	-7.119192761412862e-8	-3.948462771415754e-9	0.05260521875897545	0.03565756584614697	189920.14704605957	133019.78005723478
2.066363136e7	6.616984277552114	0.22797843126287506	-7.138792073866597e-8	-3.957497749344076e-9	0.052686698866775024	0.035698829619487504	190856.00456474835	133654.01151942447
2.075118912e7	6.610725090756386	0.2276315244231032	-7.158515507231919e-8	-3.966584066997315e-9	0.052768566535172985	0.03574024911296741	191793.31397046545	134288.97789099996
2.083874688e7	6.60444857684097	0.22728381962923014	-7.178364316175889e-8	-3.975722209638346e-9	0.052850825083114464	0.03578182543919785	192732.08231325506	134924.68199473317
2.092630464e7	6.598154624176965	0.22693531227138333	-7.198339769200456e-8	-3.984912666978152e-9	0.05293347785603214	0.035823559715227805	193672.31664316144	135561.126653396
2.10138624e7	6.591843121135471	0.22658599773969018	-7.218443148835374e-8	-3.994155933228378e-9	0.05301652822614808	0.03586545306255925	194614.02401022878	136198.31468976036
2.110142016e7	6.585513956087588	0.22623587142427812	-7.238675751833984e-8	-4.003452507154912e-9	0.053099979592780525	0.03590750660716364	195557.21146450134	136836.24892659817
2.118897792e7	6.579167017404415	0.2258849287152746	-7.259038889372628e-8	-4.012802892131175e-9	0.05318383538265074	0.03594972147949743	196501.8860560233	137474.93218668137
2.127653568e7	6.572802193457052	0.22553316500280704	-7.27953388725286e-8	-4.02220759619388e-9	0.05326809905019905	0.03599209881451714	197448.0548348389	138114.36729278177
2.136409344e7	6.566419372578874	0.22518057567565508	-7.300162086228778e-8	-4.031667132165997e-9	0.05335277407838287	0.03603463975193228	198395.72485267866	138754.55706810183
2.14516512e7	6.5600184384988	0.2248271559510887	-7.320924856959201e-8	-4.041182025857229e-9	0.05343786403753665	0.03607734546514705	199344.90338875842	139395.50440419727
2.153920896e7	6.5535992680400295	0.2244729007788281	-7.341823607966826e-8	-4.0507528201885215e-9	0.05352337261619884	0.03612021717624255	200295.5980953883	140037.2123184367
2.162676672e7	6.547161737768362	0.22411780509561838	-7.362859764649122e-8	-4.060380063621685e-9	0.053609303536661865	0.03616325611391619	201247.81664806895	140679.68383965569
2.171432448e7	6.5407057242495945	0.22376186383820465	-7.384034768680508e-8	-4.070064309821029e-9	0.053695660551955286	0.03620646351180669	202201.56672230113	141322.92199668966
2.180188224e7	6.534231104049527	0.2234050719433321	-7.405350078247377e-8	-4.079806117716805e-9	0.053782447446204765	0.0362498406085113	203156.8559935855	141966.9298183741
2.188944e7	6.52773775373396	0.22304742434774577	-7.426807168287069e-8	-4.089606051570016e-9	0.05386966803500041	0.03629338864760121	204113.69213742277	142611.71033354456
2.197699776e7	6.5212255498686895	0.22268891598819082	-7.448407530731154e-8	-4.099464681037701e-9	0.05395732616576905	0.03633710887763815	205072.08282931367	143257.26657103648
2.206455552e7	6.514694369019517	0.2223295418014124	-7.470152674752543e-8	-4.109382581240126e-9	0.05404542571815019	0.036381002552188575	206032.03574475882	143903.60155968537
2.215211328e7	6.50814408775224	0.22196929672415558	-7.492044127017395e-8	-4.1193603328271765e-9	0.05413397060438164	0.03642507092983918	206993.55855925902	144550.7183283267
2.223967104e7	6.50157458235234	0.22160817568309127	-7.514083432876639e-8	-4.129398522567559e-9	0.05422296477334258	0.036469315275999704	207956.6589610456	145198.61990914645
2.23272288e7	6.494985721841407	0.22124617333485852	-7.536272180058327e-8	-4.139497756264566e-9	0.054312412302540546	0.03651373690770649	208921.344995702	145847.3094410955
2.241478656e7	6.488377369151898	0.22088328409850955	-7.558611995465839e-8	-4.149658656672121e-9	0.05440231738448667	0.03655833718659769	209887.62504271494	146496.79017756856
2.250234432e7	6.48174938727066	0.22051950239289866	-7.581104525086279e-8	-4.1598818525262775e-9	0.054492684246894026	0.03660311747951734	210855.50748568628	147147.0653760932
2.258990208e7	6.475101639184542	0.22015482263688024	-7.603751434457554e-8	-4.170167978758937e-9	0.05458351715376498	0.03664807915883812	211825.0007082177	147798.13829419686
2.267745984e7	6.468433987880392	0.21978923924930857	-7.626554408961917e-8	-4.180517676577325e-9	0.054674820405834906	0.036693223602476524	212796.1130939111	148450.01218940716
2.27650176e7	6.461746296345058	0.21942274664903802	-7.649515154125175e-8	-4.190931593543529e-9	0.05476659834102285	0.03673855219390816	213768.85302636813	149102.69031925162
2.285257536e7	6.455038427565387	0.21905533925492296	-7.672635395920674e-8	-4.201410383656638e-9	0.054858855334888657	0.036784066322182694	214743.22888919053	149756.1759412577
2.294013312e7	6.448310244528227	0.21868701148581768	-7.695916881079592e-8	-4.2119547074337774e-9	0.05495159580109747	0.03682976738193733	215719.2490659802	150410.472312953
2.302769088e7	6.441561610220427	0.2183177577605766	-7.719361377406135e-8	-4.22256523199465e-9	0.055044824191889344	0.036875656773410176	216696.9219403388	151065.58269186504
2.311524864e7	6.434792386666969	0.21794757246346544	-7.742970677438402e-8	-4.233242632986965e-9	0.055138545011402765	0.03692173590866864	217676.25593967157	151721.51034712288
2.32028064e7	6.428002425620112	0.21757644959764857	-7.766746631316411e-8	-4.243987612366318e-9	0.0552327629412859	0.03696800627211757	218657.25999453795	152378.2586972802
2.329036416e7	6.421191574190767	0.21720438298227443	-7.790691128136143e-8	-4.254800887854273e-9	0.05532748276741757	0.037014469384558366	219639.94329856636	153035.8312542147
2.337792192e7	6.4143596796610876	0.2168313664415576	-7.814806079697898e-8	-4.265683184161725e-9	0.0554227093160172	0.03706112677187913	220624.31504088503	153694.23153012068
2.346547968e7	6.407506589313225	0.21645739379971266	-7.839093421461372e-8	-4.276635233430854e-9	0.05551844745643321	0.037107979966154406	221610.38441062215	154353.46303719256
2.355303744e7	6.400632150429329	0.21608245888095412	-7.863555112916011e-8	-4.287657775334104e-9	0.05561470210169532	0.03715503050565795	222598.1605969061	155013.5292876247
2.36405952e7	6.3937362102915545	0.21570655550949655	-7.888193137958508e-8	-4.2987515571739285e-9	0.05571147820906971	0.03720227993487608	223587.652788865	155674.43379361148
2.372815296e7	6.386818616182052	0.21532967750955448	-7.913009505277575e-8	-4.309917333983606e-9	0.055808780780625906	0.03724972980451944	224578.8701756272	156336.1800673473
2.381571072e7	6.3798792153829735	0.21495181870534252	-7.938006248745379e-8	-4.321155868631196e-9	0.05590661486381209	0.03729738167153348	225571.82194632094	156998.7716210265
2.390326848e7	6.372917855176471	0.21457297292107516	-7.963185427816903e-8	-4.3324679319234705e-9	0.0560049855520378	0.0373452370991096	226566.51729007447	157662.21196684352
2.399082624e7	6.365934379832929	0.21419313387144054	-7.988549138833281e-8	-4.343854308643848e-9	0.05610389802652137	0.03739329767642986	227562.9655367021	158326.50465589075
2.4078384e7	6.358928619947683	0.21381229476344166	-8.014099554420151e-8	-4.355315818636243e-9	0.056203357704116906	0.03744156508896559	228561.17668645698	158991.6534386315
2.416594176e7	6.351900405219966	0.21343044876113101	-8.039838878337609e-8	-4.366853292027576e-9	0.056303370064370264	0.037490041035110035	229561.16081305823	159657.66209982586
2.425349952e7	6.344849565573757	0.21304758903646256	-8.065769341882756e-8	-4.378467567334046e-9	0.056403940634595674	0.03753872721866742	230562.92798055575	160324.5344219273
2.434105728e7	6.337775930933037	0.2126637087613902	-8.091893205161327e-8	-4.3901594920281415e-9	0.05650507499360922	0.03758762535032859	231566.4882529995	160992.2741873893
2.442861504e7	6.33067933122179	0.21227880110786793	-8.118212757558379e-8	-4.401929922662628e-9	0.05660677877241624	0.037636737147679435	232571.85169443928	161660.88517866537
2.45161728e7	6.323559596363996	0.21189285924784956	-8.144730318218588e-8	-4.413779724995644e-9	0.0567090576548995	0.037686064335209296	233579.0283689251	162330.37117820905
2.460373056e7	6.316416556283636	0.21150587635328916	-8.17144823653568e-8	-4.425709774117903e-9	0.056811917378528615	0.03773560864431692	234588.0283405067	163000.73596847377
2.469128832e7	6.3092500409046925	0.21111784559614055	-8.198368892651575e-8	-4.437720954582192e-9	0.05691536373507516	0.03778537181331578	235598.8616732341	163671.9833319131
2.477884608e7	6.302059876143937	0.21072876000528298	-8.22549471302839e-8	-4.449814168723478e-9	0.057019402627430875	0.03783535561396239	236611.53861266328	164344.11709880375
2.486640384e7	6.294845874446274	0.2103386121106857	-8.252828207052061e-8	-4.4619903559908e-9	0.05712404020438529	0.0378855619146959	237626.070062599	165017.14129427032
2.49539616e7	6.287607846487571	0.20994739436710216	-8.280371924299934e-8	-4.474250469593841e-9	0.057229282699038354	0.03793599260345774	238642.46703931424	165691.05998748474
2.504151936e7	6.280345602965156	0.20955509922999352	-8.308128448420882e-8	-4.486595473247811e-9	0.057335136404355135	0.03798664957565665	239660.74055826716	166365.87724747427
2.512907712e7	6.273058954576351	0.20916171915482074	-8.336100397795184e-8	-4.499026341369071e-9	0.05744160767429274	0.03803753473431219	240680.90163491602	167041.59714326618
2.521663488e7	6.265747712018484	0.2087672465970449	-8.364290426125974e-8	-4.511544059228742e-9	0.05754870292463887	0.03808864999005714	241702.96128471894	167718.22374388765
2.530419264e7	6.25841168598888	0.20837167401212708	-8.392701223042732e-8	-4.524149623107668e-9	0.05765642863386951	0.03813999726113756	242726.9305231342	168395.76111836603
2.53917504e7	6.251050687184863	0.20797499385552837	-8.421335514717079e-8	-4.536844040455376e-9	0.05776479134401635	0.03819157847341043	243752.82036561985	169074.2133357285
2.547930816e7	6.24366452629628	0.20757719858245346	-8.45019606452007e-8	-4.5496283300668035e-9	0.057873797661657025	0.038243395560391635	244780.64182793142	169753.58446506213
2.556686592e7	6.236253007732462	0.20717828042151992	-8.479285698210585e-8	-4.562503535429656e-9	0.057983454348807695	0.038295450505321106	245810.40621263816	170433.87865203538
2.565442368e7	6.2288159217310675	0.20677823107548385	-8.50860733618551e-8	-4.575470741475802e-9	0.05809376843895545	0.03834774539470247	246842.12551727323	171115.10024897367
2.574198144e7	6.221353057002447	0.2063770421859009	-8.53816394549378e-8	-4.588531048694322e-9	0.058204747058178116	0.03840028233375486	247875.8118291065	171797.25364098817
2.58295392e7	6.2138642022569535	0.20597470539432666	-8.567958534625284e-8	-4.601685570253014e-9	0.05831639740419774	0.03845306343608163	248911.47723540766	172480.34321318995
2.591709696e7	6.206349146204937	0.20557121234231684	-8.597994154244725e-8	-4.61493543218641e-9	0.05842872674740465	0.03850609082366318	249949.13382344655	173164.3733506901
2.600465472e7	6.198807677556752	0.2051665546714271	-8.628273897940883e-8	-4.628281773587621e-9	0.05854174243190274	0.03855936662684754	250988.7936804929	173849.34843859964
2.609221248e7	6.19123958502275	0.20476072402321305	-8.65880090299177e-8	-4.641725746803377e-9	0.05865545187656984	0.03861289298433797	252030.46889381658	174535.2728620298
2.617977024e7	6.183644657313281	0.20435371203923033	-8.689578351146231e-8	-4.6552685176319095e-9	0.05876986257613751	0.03866667204317816	253074.17155068723	175222.15100609153
2.6267328e7	6.176022682910944	0.2039455103532624	-8.720609470346179e-8	-4.668911266027374e-9	0.058884982105616934	0.03872070596027179	254119.9137476729	175909.98725790222
2.635488576e7	6.1683734383727185	0.2035361101751754	-8.751897583280974e-8	-4.6826552118498865e-9	0.05900081829334823	0.03877499698169486	255167.70811411607	176598.78614182287
2.644244352e7	6.160696686973916	0.20312550221818926	-8.783446114964852e-8	-4.696501618010188e-9	0.05911737924524147	0.038829547452880184	256217.56793914817	177288.55238165436
2.653000128e7	6.152992191966747	0.20271367718817027	-8.81525854029076e-8	-4.710451762445643e-9	0.05923467315237239	0.038884359728748506	257269.50653062647	177979.2907138722
2.661755904e7	6.145259716603423	0.2023006257909849	-8.847338384847534e-8	-4.724506938440924e-9	0.05935270829173224	0.03893943617341428	258323.53719640808	178671.00587495175
2.67051168e7	6.137499024136152	0.20188633873249948	-8.879689225857792e-8	-4.738668454865887e-9	0.059471493027510446	0.038994779160161044	259379.67324435027	179363.70260136854
2.679267456e7	6.129709877817145	0.20147080671858045	-8.912314693136704e-8	-4.752937636417195e-9	0.059591035812400245	0.03905039107141248	260437.92798231012	180057.38562959793
2.688023232e7	6.121892040898612	0.20105402045509416	-8.945218470072074e-8	-4.7673158238645705e-9	0.059711345188927144	0.03910627429870201	261498.31471814492	180752.0596961154
2.696779008e7	6.114045276632765	0.200635970647907	-8.97840429462599e-8	-4.781804374301283e-9	0.05983242979080336	0.039162431242636374	262560.84675971174	181447.7295373964
2.705534784e7	6.106169347031975	0.2002166479595077	-9.011875965614994e-8	-4.796404664205798e-9	0.05995429836292717	0.03921886432134612	263625.5374680139	182144.39990260798
2.71429056e7	6.0982639946787565	0.1997960423591411	-9.045637421397199e-8	-4.811118130792837e-9	0.06007696003743451	0.03927557609545695	264692.4010757765	182842.0757670182
2.723046336e7	6.090328953239613	0.19937414347899507	-9.079692698004913e-8	-4.825946248889829e-9	0.06020042418091499	0.03933256919700093	265761.45227042324	183540.76224793823
2.731802112e7	6.082363957401152	0.19895094098451338	-9.11404588845917e-8	-4.840890509360991e-9	0.060324700246779786	0.03938984626108392	266832.7057026777	184240.46445715777
2.740557888e7	6.074368741849982	0.19852642454113986	-9.148701148252333e-8	-4.855952421758354e-9	0.060449797792059584	0.039447409932768254	267906.1760232635	184941.18750646623
2.749313664e7	6.066343041272711	0.19810058381431836	-9.183662696557523e-8	-4.871133514623696e-9	0.06057572647902009	0.03950526286702113	268981.8778829042	185642.93650765327
2.75806944e7	6.058286590355949	0.19767340846949266	-9.21893481746627e-8	-4.886435335795232e-9	0.060702496076807624	0.03956340772865699	270059.8259323234	186345.7165725084
2.766825216e7	6.050199123786302	0.19724488817210659	-9.254521861254541e-8	-4.9018594527210575e-9	0.06083011646312488	0.03962184719227437	271140.03482224484	187049.53281282115
2.775580992e7	6.042080374899621	0.19681501254179604	-9.29042825163841e-8	-4.9174074559670645e-9	0.06095859764668217	0.0396805839515171	272222.51925824967	187754.39035215764
2.784336768e7	6.033930057387388	0.1963837705073365	-9.326658568414246e-8	-4.933081002414232e-9	0.061087950051689544	0.039739620846019556	273307.29480557184	188460.29452795198
2.793092544e7	6.025747873634071	0.1959511505724002	-9.363217513932767e-8	-4.948881796276141e-9	0.06121818439592405	0.039798960804855045	274394.37759308494	189167.25084815238
2.80184832e7	6.017533526363786	0.19551714124874575	-9.400109863618714e-8	-4.964811563039119e-9	0.06134931151382282	0.039858606765570036	275483.78374447377	189875.26482367297
2.810604096e7	6.009286718300646	0.1950817310481317	-9.437340468959162e-8	-4.9808720507124356e-9	0.06148134236356614	0.03991856167638217	276575.5293834231	190584.34196542806
2.819359872e7	6.001007152168769	0.1946449084823167	-9.474914259040717e-8	-4.997065030206744e-9	0.06161428802908629	0.03997882849609191	277669.6306336177	191294.48778433172
2.828115648e7	5.992694530692266	0.19420666206305925	-9.512836242124382e-8	-5.013392295719203e-9	0.061748159722116065	0.04003941019398556	278766.10361874243	192005.70779129825
2.836871424e7	5.984348556595257	0.19376698030211803	-9.551111507257672e-8	-5.029855665127648e-9	0.06188296878427749	0.04010030974973206	279864.9644624819	192718.00749724178
2.8456272e7	5.975968930461206	0.1933258516373588	-9.58974523577845e-8	-5.046456985585667e-9	0.06201872672295283	0.04016153016824993	280966.2293782745	193431.392433718
2.854382976e7	5.967555329234912	0.1928832636737036	-9.628742802764807e-8	-5.063198186019301e-9	0.062155445554357425	0.040223074630632294	282069.91561540856	194145.8683907136
2.863138752e7	5.959107419718543	0.19243920364007724	-9.668109718965343e-8	-5.0800812455097246e-9	0.0622931375979237	0.04028494640067116	283176.040916681	194861.44130254767
2.871894528e7	5.950624869274541	0.19199365878295918	-9.707851583842462e-8	-5.097108168548147e-9	0.06243181531032931	0.04034714874960989	284284.62300610525	195578.1171013467
2.880650304e7	5.942107345265349	0.19154661634882883	-9.747974090055885e-8	-5.114280986899721e-9	0.0625714912967179	0.04040968495989291	285395.67960769456	196295.90171923698
2.88940608e7	5.93355451505341	0.1910980635841655	-9.788483025430901e-8	-5.131601760082588e-9	0.06271217831321357	0.04047255832502065	286509.22844546236	197014.80108834495
2.898161856e7	5.924966046001166	0.1906479877354487	-9.82938427497699e-8	-5.149072575854106e-9	0.0628538892694859	0.04053577214939398	287625.287243422	197734.82114079694
2.906917632e7	5.916341604823938	0.19019637602740158	-9.870683826050757e-8	-5.166695552341432e-9	0.06299663724178756	0.040599329752714214	288743.87375099945	198455.96781379465
2.915673408e7	5.907680839626502	0.18974321503653072	-9.912387856954923e-8	-5.184472883545632e-9	0.06314043576657448	0.040663234597118875	289865.00651060685	199178.2472326223
2.924429184e7	5.898983379662968	0.18928849065985526	-9.954502742829108e-8	-5.2024068409054576e-9	0.06328529885275361	0.0407274902900572	290988.70493105066	199901.66575589456
2.93318496e7	5.890248853609562	0.18883218876993307	-9.997034971634267e-8	-5.220499729199358e-9	0.06343124069148517	0.040792100454921036	292114.9884577114	200626.2297561663
2.941940736e7	5.881476890142506	0.1883742952393221	-1.0039991143811842e-7	-5.238753885802925e-9	0.06357827564981398	0.040857068726687214	293243.8765359696	201351.9456059925
2.950696512e7	5.872667117938022	0.1879147959405801	-1.0083377974759675e-7	-5.257171681281035e-9	0.0637264182737668	0.04092239875170173	294375.3886112058	202078.81967792814
2.959452288e7	5.863819165672334	0.18745367674626504	-1.0127202297372594e-7	-5.2757555199947225e-9	0.06387568329151568	0.04098809418745256	295509.5441288005	202806.85834452813
2.968208064e7	5.854932661793954	0.1869909235214878	-1.017147106578281e-7	-5.294507841318049e-9	0.06402608562035916	0.04105415870394426	296646.3625426322	203536.06797983582
2.97696384e7	5.84600721701433	0.18652652152379334	-1.021619144571082e-7	-5.313431165786156e-9	0.06417764066006419	0.041120596108623376	297785.8640382877	204266.45512086435
2.985719616e7	5.837042416563386	0.18606045510339428	-1.026137085885632e-7	-5.332528116099354e-9	0.06433036443092481	0.041187410403068725	298928.06994005176	204998.02659773908
2.994475392e7	5.828037844342627	0.18559270855515053	-1.0307016867227011e-7	-5.351801356618738e-9	0.06448427318130512	0.041254605610471694	300073.00165200094	205730.78926963624
3.003231168e7	5.8189930842535595	0.18512326617392197	-1.0353137169614174e-7	-5.3712535909310676e-9	0.064639383369306	0.04132218576570547	301220.68057821196	206464.7499957321
3.011986944e7	5.809907720197689	0.18465211225456837	-1.0399739604734474e-7	-5.390887562593897e-9	0.06479571166661369	0.041390154915009775	302371.12812276155	207199.91563520307
3.02074272e7	5.800781336076523	0.18417923109194972	-1.0446832154458277e-7	-5.410706055894817e-9	0.06495327496243274	0.04145851711565753	303524.36568972643	207936.29304722536
3.029498496e7	5.791613515773442	0.18370460698035046	-1.0494422947220987e-7	-5.430711896677474e-9	0.06511209036781136	0.0415272764357299	304680.41468382045	208673.88909106792
3.038254272e7	5.782403826670589	0.1832282236593416	-1.0542520347452055e-7	-5.450907997700882e-9	0.06527217549931925	0.04159643707262881	305839.2971655004	209412.7107608767
3.047010048e7	5.7731518024214825	0.18275006368682098	-1.0591133052232106e-7	-5.4712974059765085e-9	0.06543354878277759	0.0416660034788061	307001.03665269853	210152.76540494533
3.055765824e7	5.763856974336383	0.1822701095214561	-1.0640269934595272e-7	-5.491883220892966e-9	0.06559622893126943	0.0417359801356631	308165.6568065607	210894.06042427509
3.0645216e7	5.7545188737255515	0.18178834362191448	-1.0689940035343931e-7	-5.5126685894255444e-9	0.06576023490988572	0.04180637153592423	309333.18128823297	211636.60321986736
3.073277376e7	5.74513703189925	0.1813047484468637	-1.0740152567079319e-7	-5.5336567070750154e-9	0.0659255859405495	0.04187718218317901	310503.63375886146	212380.4011927235
3.082033152e7	5.735710980167739	0.18081930645497127	-1.0790916918346187e-7	-5.55485081883506e-9	0.06609230150695214	0.041948416591396635	311677.037879592	213125.46174384485
3.090788928e7	5.726240249841281	0.1803320001049047	-1.0842242657898747e-7	-5.576254220173319e-9	0.06626040135960447	0.042020079284412364	312853.4173115708	213871.79227423275
3.099544704e7	5.716724356564184	0.17984281133205787	-1.0894139624492978e-7	-5.5978703019676335e-9	0.0664299057935901	0.04209217490951049	314032.7963297642	214619.4003072154
3.10830048e7	5.707162773296358	0.17935172060438967	-1.0946618082435733e-7	-5.619702627545322e-9	0.06660083613196438	0.04216470843551819	315215.200983596	215368.2937672454
3.117056256e7	5.697554972035083	0.1788587083303864	-1.0999688503474576e-7	-5.641754819020375e-9	0.06677321401366833	0.042237684849440585	316400.6574270462	216118.48063073424
3.125812032e7	5.6879004248669025	0.17836375492140624	-1.1053361566154387e-7	-5.664030556322736e-9	0.06694706138060544	0.042311109147735566	317589.19181086624	216869.96887357518
3.134567808e7	5.678198603878362	0.17786684078880738	-1.1107648161514932e-7	-5.686533578652492e-9	0.06712240048527643	0.04238498633629315	318780.83028580714	217622.76647166134
3.143323584e7	5.668448981156003	0.17736794634394795	-1.1162559398462435e-7	-5.709267685707976e-9	0.06729925389701795	0.04245932142973044	319975.5990026202	218376.88140088596
3.15207936e7	5.658651026234186	0.1768670519155269	-1.1218106623769141e-7	-5.732236746400361e-9	0.06747764455377417	0.04253411946936464	321173.5242056063	219132.32165287147
3.160835136e7	5.648804169670704	0.176364136526151	-1.1274301636143058e-7	-5.755444805971835e-9	0.06765759642086723	0.04260938579082914	322374.633675104	219889.09552990054
3.169590912e7	5.638907816609572	0.1758591783027278	-1.1331156621737628e-7	-5.778896049346352e-9	0.06783913426918461	0.04268512592608547	323578.9563012294	220647.2116078345
3.178346688e7	5.6289613723786	0.17535215537230478	-1.1388684017270856e-7	-5.802594730565861e-9	0.06802228322921561	0.04276134541427341	324786.5209816315	221406.67847076515
3.187102464e7	5.618964242305602	0.1748430458619294	-1.1446896517660201e-7	-5.826545175008295e-9	0.06820706880172091	0.042838049802040826	325997.35661395954	222167.5047027844
3.19585824e7	5.608915831718392	0.1743318278986491	-1.1505807082837988e-7	-5.850751780926688e-9	0.06839351686548036	0.04291524464257162	327211.49209586263	222929.69888798404
3.204614016e7	5.598815545936038	0.17381847960923322	-1.1565428944832717e-7	-5.87521902105674e-9	0.06858165368539584	0.04299293549462201	328428.95632529986	223693.26961050334
3.213369792e7	5.588662766147768	0.17330297832552777	-1.1625775758441975e-7	-5.8999515169557535e-9	0.06877150636215255	0.043071128100434904	329649.7791199074	224458.22562677393
3.222125568e7	5.578456825230111	0.17278529973911544	-1.1686861758615404e-7	-5.924954114376687e-9	0.06896310329537503	0.04314982856643514	330873.9922530324	225224.57611198357
3.230881344e7	5.568197054237082	0.17226541945918009	-1.1748701498212142e-7	-5.950231748149926e-9	0.0691564733522289	0.043229043018243755	332101.62762000965	225992.33028823294
3.23963712e7	5.557882784222695	0.17174331309490576	-1.1811309845722802e-7	-5.975789439347942e-9	0.06935164584321266	0.04330877758555675	333332.7171161739	226761.4973776226
3.248392896e7	5.547513346240963	0.17121895625547628	-1.1874701993977777e-7	-6.00163229723343e-9	0.06954865053183275	0.04338903840079781	334567.2926368599	227532.0866022532
3.257148672e7	5.537088070925121	0.17069232453683839	-1.193889347173749e-7	-6.027765522574649e-9	0.06974751765238141	0.04346983160083093	335805.3860917861	228304.1071861488
3.265904448e7	5.526606258116341	0.17016339252168927	-1.200390034157286e-7	-6.054194504405349e-9	0.0699482784904112	0.04355116355286928	337047.03055640886	229077.56856758814
3.274660224e7	5.516067160258384	0.16963213318819226	-1.2069739320368322e-7	-6.080924875406567e-9	0.07015096571981379	0.04363304097980333	338292.2610144988	229852.4805886415
3.283416e7	5.505470026212534	0.1690985193847733	-1.213642752446333e-7	-6.1079623812813416e-9	0.07035561260290302	0.04371547063161427	339541.11261554755	230628.85313585287
3.292171776e7	5.4948141048400805	0.16856252395985843	-1.22039824585716e-7	-6.135312872505174e-9	0.07056225293527446	0.04379845925666799	340793.6205090465	231406.6960957662
3.300927552e7	5.484098645002309	0.16802411976187376	-1.2272422027002514e-7	-6.162982306784242e-9	0.07077092105795087	0.043882013599836275	342049.81984448695	232186.0193549254
3.309683328e7	5.473322892722675	0.1674832795499568	-1.2341764563545546e-7	-6.190976760838617e-9	0.07098165192421146	0.043966140421852526	343309.74586985074	232966.83281394822
3.318439104e7	5.462486042222834	0.16693997439247005	-1.241202916199449e-7	-6.219302591664928e-9	0.07119448205704883	0.04405084686703538	344573.43576944526	233749.14671854972
3.32719488e7	5.451587247608796	0.1663941739900409	-1.2483235625192775e-7	-6.2479664040718114e-9	0.07140944936015321	0.044136140376484265	345840.92835984885	234532.9716662455
3.335950656e7	5.440625662554412	0.16584584802061675	-1.2555404226911037e-7	-6.276974929165378e-9	0.0716265923770302	0.04422202838671372	347112.26249329135	235318.3182698474
3.344706432e7	5.429600440733533	0.16529496616214487	-1.2628555723184203e-7	-6.306335026329192e-9	0.07184595029750336	0.04430851832377578	348387.4770220028	236105.19714216745
3.353462208e7	5.418510735820012	0.1647414980925727	-1.2702711366931504e-7	-6.336053686374727e-9	0.07206756297310535	0.04439561760062531	349666.61079821305	236893.61889601755
3.362217984e7	5.407355690043989	0.16418541312719231	-1.2777893000333208e-7	-6.3661380733541045e-9	0.0722914711582313	0.04448333370117918	350949.70307757927	237683.59420508475
3.37097376e7	5.396134368665027	0.1636266780809479	-1.2854123519434614e-7	-6.396595749083703e-9	0.07251771782942608	0.044571674676894685	352236.79596605693	238475.13423878938
3.379729536e7	5.384845816281927	0.16306525904316835	-1.2931426525613972e-7	-6.427434492096525e-9	0.07274634711937283	0.04466064871942779	353527.93245661946	239268.25037650156
3.388485312e7	5.373489078611399	0.16250112213585458	-1.3009826198435975e-7	-6.458662231293451e-9	0.0729774039084583	0.04475026399139399	354823.15550899797	240062.95399553358
3.397241088e7	5.362063201370157	0.16193423348100758	-1.3089347321688588e-7	-6.490287053727536e-9	0.07321093386570528	0.044840528631277105	356122.5080829236	240859.25647319786
3.405996864e7	5.350567226636422	0.16136455908869027	-1.3170015328215374e-7	-6.522317221443732e-9	0.07344698354172544	0.044931450777462106	357426.0332588732	241657.16920153715
3.41475264e7	5.339000129507682	0.16079206283252906	-1.32518567699264e-7	-6.554761397155574e-9	0.07368560167467723	0.04502303904949652	358733.7765084392	242456.70394828502
3.423508416e7	5.327360833703665	0.16021670687249975	-1.3334899247233557e-7	-6.58762859836347e-9	0.07392683892860344	0.04511530242896261	360045.7853036747	243257.87287264664
3.432264192e7	5.315648262543355	0.15963845334456067	-1.3419171079505117e-7	-6.6209280299065144e-9	0.0741707468969381	0.04520824986539671	361362.1071558946	244060.68815157187
3.441019968e7	5.303861339345744	0.15905726438467024	-1.3504701326012e-7	-6.6546690879637944e-9	0.07441737811802841	0.04530189026831676	362682.7895764138	244865.16196201043
3.449775744e7	5.29199898661599	0.15847310210369245	-1.3591519816596572e-7	-6.688861368114543e-9	0.07466678611651892	0.04539623250845905	364007.88010359724	245671.30648424535
3.45853152e7	5.28006007194807	0.1578859268711085	-1.367965757781842e-7	-6.723514866337512e-9	0.07491902655312675	0.04549128582933811	365337.4282105631	246479.13419079714
3.467287296e7	5.268043387517325	0.1572956966050032	-1.3769147030764729e-7	-6.75864006338776e-9	0.07517415770979857	0.04558706000351634	366671.48616342916	247288.65803892098
3.476043072e7	5.255947721878472	0.15670236909230387	-1.3860021504004112e-7	-6.794247678390856e-9	0.07543223905016709	0.04568356477508274	368010.1063930355	248099.89102796547
3.484798848e7	5.243771863586224	0.15610590211993783	-1.3952315237881647e-7	-6.830348662819156e-9	0.07569333117459259	0.045780809825156046	369353.341330222	248912.84615727913
3.493554624e7	5.231514594191747	0.15550625326264014	-1.404606347012121e-7	-6.866954233395092e-9	0.07595749599937042	0.04587880481916925	370701.2436321908	249727.53645115742
3.5023104e7	5.219174606551909	0.15490337731223555	-1.414130310356834e-7	-6.9040761862787e-9	0.07622479853429942	0.04597756003317591	372053.8690232501	250543.97537084643
3.511066176e7	5.206750539694852	0.1542972272891129	-1.423807250060775e-7	-6.941726780277518e-9	0.07649530622114946	0.04607708608113735	373411.27526193496	251362.17674712033
3.519821952e7	5.19424103265395	0.1536877562047859	-1.4336411115964185e-7	-6.979918549415464e-9	0.07676908783876918	0.04617739348993506	374773.5201255361	252182.15442216225
3.528577728e7	5.18164472446258	0.15307491707076837	-1.4436359536613266e-7	-7.0186643112511316e-9	0.0770462135407105	0.04627849269048478	376140.6613913437	253003.92223815515
3.537333504e7	5.168960225686453	0.15245866202629949	-1.453795975204546e-7	-7.0579772860363645e-9	0.07732675551400693	0.04638039422978649	377512.7577789505	253827.49415246185
3.54608928e7	5.156186028301178	0.15183893948900937	-1.4641255939607286e-7	-7.097871459225689e-9	0.0776107900118063	0.04648310946524707	378889.8721105137	254652.88470731213
3.554845056e7	5.143320601442139	0.15121569710906746	-1.474629377324411e-7	-7.138361229483317e-9	0.07789839536029085	0.0465866498127845	380272.0681004773	255480.1086181553
3.563600832e7	5.130362414570142	0.15058888254592698	-1.4853120290943176e-7	-7.179461332283565e-9	0.07818965150448572	0.046691026554689465	381659.40945389855	256309.18059994536
3.572356608e7	5.117309926671901	0.1499584431453545	-1.4961784037280515e-7	-7.221186893687094e-9	0.07848464029636673	0.04679625091171933	383051.960208212	257140.11540177694
3.581112384e7	5.104161484959823	0.14932432280125632	-1.507233597714166e-7	-7.2635538506970814e-9	0.0787834478209609	0.04690233482330029	384449.788153607	257972.9282565086
3.58986816e7	5.090915372125478	0.1486864633452814	-1.518482919874562e-7	-7.306578783994112e-9	0.07908616345808585	0.04700929056927244	385852.96338397445	258807.63475602062
3.598623936e7	5.077569870345276	0.14804480658769562	-1.5299318453320724e-7	-7.3502786804516905e-9	0.0793928785289316	0.047117130254918295	387261.5560212963	259644.25050068786
3.607379712e7	5.064123257957692	0.14739929422732326	-1.5415860250865282e-7	-7.394670960012299e-9	0.07970368643120054	0.047225865820971616	388675.63630289247	260482.7910997249
3.616135488e7	5.050573710048891	0.1467498648336019	-1.553451380534005e-7	-7.439773905558399e-9	0.08001868498266869	0.04733550980695494	390095.27781801036	261323.27254259604
3.624891264e7	5.036919295701925	0.14609645364745807	-1.565534118068115e-7	-7.485606699550661e-9	0.0803379766232422	0.04744607536010975	391520.5578166861	262165.711334748
3.63364704e7	5.02315807987577	0.1454389957649341	-1.5778406505932256e-7	-7.532189027157976e-9	0.08066166619227114	0.04755757541741316	392951.5537205672	263010.1240183991
3.642402816e7	5.009288126835013	0.14477742626284365	-1.5903776031495282e-7	-7.579541078811365e-9	0.08098986092474202	0.04767002265740572	394388.342970524	263856.52713644144
3.651158592e7	4.99530741172859	0.14411167758440127	-1.6031519030228998e-7	-7.627683952374175e-9	0.08132267260503093	0.047783430173074605	395831.00577693514	264704.9374893585
3.659914368e7	4.9812137554736795	0.1434416774225936	-1.616170854120779e-7	-7.676639962899902e-9	0.08166021925629822	0.04789781196571648	397279.62749407464	265555.37252182706
3.668670144e7	4.967004966394543	0.14276735303757476	-1.629442022319265e-7	-7.726432066458397e-9	0.08200262197101818	0.04801318180633284	398734.2939782576	266407.8497775298
3.67742592e7	4.952678852815443	0.14208863168949903	-1.642973235242007e-7	-7.777083828548423e-9	0.0823500047105153	0.04812955310784616	400195.0910857992	267262.3868001491
3.686181696e7	4.9382331529750525	0.14140543860552834	-1.6567726611652655e-7	-7.82861976279328e-9	0.08270249608968092	0.04824693944721531	401662.10678555706	268119.00129951374
3.694937472e7	4.923665404314044	0.1407176929858508	-1.6708489520888728e-7	-7.881065954183292e-9	0.08306023270719554	0.04836535556805676	403135.43545308197	268977.71165857813
3.703693248e7	4.908973122859301	0.14002531329104898	-1.6852110922673706e-7	-7.934449296036049e-9	0.08342335503561889	0.04848481593446227	404615.1723166885	269838.5364264313
3.712449024e7	4.894153824070603	0.13932821796661535	-1.6998683932107567e-7	-7.98879742773654e-9	0.08379200704138945	0.04860533452750159	406101.41261956276	270701.4941523341
3.7212048e7	4.879204911622089	0.13862632225892055	-1.714830620883547e-7	-8.044139286265977e-9	0.08416633905900908	0.048726925682013825	407594.25490623486	271566.60361610993
3.729960576e7	4.864123584741616	0.13791953530608014	-1.7301081131181084e-7	-8.100505584564698e-9	0.08454651032854965	0.04884960477936822	409093.80418692506	272433.884248529
3.738716352e7	4.848907024994092	0.13720776565424958	-1.7457116175570878e-7	-8.157927993826031e-9	0.08493268462336927	0.04897338672613707	410600.1661372526	273303.35559383454
3.747472128e7	4.833552408254545	0.13649092169268953	-1.7616522994968516e-7	-8.216439125239352e-9	0.08532503011132185	0.04909828580698262	412113.44659160345	274175.0372030568
3.756227904e7	4.818056733756184	0.13576890675305492	-1.7779419432708233e-7	-8.276073402119512e-9	0.08572372386671737	0.049224316979192856	413633.7566093041	275048.94899505447
3.76498368e7	4.80241681571973	0.1350416186756793	-1.7945929948992798e-7	-8.336867164823825e-9	0.08612895241721324	0.04935149588229341	415161.2130297086	275925.1114371496
3.773739456e7	4.786629462350581	0.1343089550903802	-1.8116184045877657e-7	-8.39885786458752e-9	0.08654090747247359	0.04947983735752686	416695.9329307676	276803.5450413903
3.782495232e7	4.7706914092496415	0.13357081162248471	-1.8290317260772123e-7	-8.46208444746369e-9	0.08695978785301842	0.0496093559010391	418238.03542763036	277684.2704148217
3.791251008e7	4.754599110878707	0.132827075830573	-1.8468473815693516e-7	-8.526588471925785e-9	0.08738580523150767	0.04974006723396975	419787.6479752586	278567.30876156315
3.800006784e7	4.738348959384135	0.13207763336322098	-1.865080465644107e-7	-8.592413089713142e-9	0.08781917885365931	0.049871986491011405	421344.9000577085	279452.6815097673
3.80876256e7	4.721937327612564	0.1313223693494146	-1.8837467335061785e-7	-8.65960289560459e-9	0.08826013469098058	0.050005127786668886	422909.921681329	280340.4101031811
3.817518336e7	4.705360314662426	0.13056116130065093	-1.9028629326969052e-7	-8.728205332927335e-9	0.08870891253350742	0.05013950611909548	424482.85061709565	281230.5163846967
3.826274112e7	4.688613840716464	0.12979388152238444	-1.922446751628056e-7	-8.798270298407297e-9	0.0891657639891679	0.05027513651292655	426063.83003836835	282123.0226217329
3.835029888e7	4.671693814388123	0.1290204019925126	-1.9425166764208268e-7	-8.869849356812494e-9	0.08963094840625373	0.050412032577378973	427653.0034557974	283017.95110338513
3.843785664e7	4.65459588244885	0.12824058756149687	-1.963092340084588e-7	-8.942997188801699e-9	0.09010474006944386	0.050550208339800895	429250.52157982683	283915.32438673073
3.85254144e7	4.637315439193114	0.12745429591059565	-1.9841945830276512e-7	-9.01777166181522e-9	0.09058742857535425	0.050689678025011585	430856.5424714998	284815.1654861614
3.861297216e7	4.619847862374522	0.12666138423476672	-2.005845235475781e-7	-9.094232663597657e-9	0.09107931289652525	0.050830454038561276	432471.22469651245	285717.49745734537
3.870052992e7	4.602188266074208	0.12586170263532873	-2.0280674907241384e-7	-9.172443602172871e-9	0.09158070874858065	0.05097254872550247	434094.7339518511	286622.3435666828
3.878808768e7	4.584331458912155	0.1250550927445964	-2.0508860481220762e-7	-9.25247179560063e-9	0.09209195051841614	0.0511159744982153	435727.2445311969	287529.72748460824
3.887564544e7	4.566272202901008	0.12424139494594448	-2.0743268755005126e-7	-9.334387161097314e-9	0.09261338467944936	0.05126074159221453	437368.93198348675	288439.67291683774
3.89632032e7	4.548004874821751	0.12342043945211259	-2.0984177407413696e-7	-9.418264346592422e-9	0.09314538012783927	0.0514068604649838	439019.9820143356	289352.20375099
3.905076096e7	4.529523609095132	0.12259204974224172	-2.123188144293471e-7	-9.504182079233734e-9	0.0936883250556086	0.05155434041320662	440680.5871517769	290267.34419003397
3.913831872e7	4.51082244230105	0.12175604678232267	-2.1486692409168248e-7	-9.592222508890644e-9	0.09424262359707596	0.051703188152375686	442350.94241439283	291185.1184427517
3.922587648e7	4.491894901766337	0.12091223822040914	-2.1748945276984267e-7	-9.682473910129358e-9	0.0948087088093761	0.05185341067240718	444031.2560726825	292105.55087447556
3.931343424e7	4.4727343555118715	0.12006042733362932	-2.2018995202327377e-7	-9.775028789374444e-9	0.09538703358124523	0.05200501215936312	445721.7407986165	293028.66601465165
3.9400992e7	4.453333842326154	0.11920040907162854	-2.2297221435607524e-7	-9.869985203342712e-9	0.09597807674795775	0.05215799489501898	447422.6174758786	293954.48833490344
3.948854976e7	4.4336859318038595	0.11833196611292088	-2.2584031187157785e-7	-9.96744791899317e-9	0.09658234867299337	0.052312359868702606	449134.11918004975	294883.04243575945
3.957610752e7	4.413783049417616	0.11745487751930145	-2.287985691935669e-7	-1.0067526660629637e-8	0.09720038281279902	0.05246810377290127	450856.48254778725	295814.3528777782
3.966366528e7	4.3936169773680165	0.11656890614502648	-2.318516588654909e-7	-1.0170339682586758e-8	0.097832752477605	0.052625222233565645	452589.9601690363	296748.4440617483
3.975122304e7	4.373179258593884	0.11567380856415856	-2.3500456677830172e-7	-1.0276011481855116e-8	0.09848006020778753	0.05278370608711657	454334.8108649012	297685.34045498323
3.98387808e7	4.352460944826301	0.11476932952257904	-2.382626572011725e-7	-1.0384674909424605e-8	0.09914294735349291	0.05294354256095373	456091.3049891807	298625.0661248862
3.992633856e7	4.331452460737208	0.11385519792245483	-2.4163172634073445e-7	-1.0496472516930268e-8	0.09982210057610405	0.053104715465847725	457859.7284741867	299567.6449838976
4.001389632e7	4.310144002690395	0.11293113722332232	-2.45117973612692e-7	-1.0611554312924076e-8	0.100518241396772	0.053267201285464714	459640.37255327374	300513.10073538666
4.010145408e7	4.2885248528338655	0.11199684896258416	-2.4872815159646265e-7	-1.07300831209126e-8	0.10123215072594059	0.05343097322829408	461433.54980547464	301461.4562833899
4.018901184e7	4.266583979664011	0.11105202683263417	-2.524695129276057e-7	-1.0852230868762276e-8	0.10196465233738601	0.05359599558358079	463239.58050031145	302412.7344092495
4.02765696e7	4.244309450258111	0.11009634373652145	-2.5634995857284695e-7	-1.0978183563626413e-8	0.10271663515326826	0.05376222668141639	465058.8050426631	303366.95674817107
4.036412736e7	4.22168874386268	0.10912945830120266	-2.6037804290154243e-7	-1.1108139633697746e-8	0.10348904651354311	0.05392961504724709	466891.5777340439	304324.14447522606
4.045168512e7	4.198708572273278	0.10815101191920144	-2.645630691910371e-7	-1.1242312122671402e-8	0.10428290194046774	0.054098098937216996	468738.2695279246	305284.3175994812
4.053924288e7	4.175354711963402	0.10716062424516581	-2.6891519518764833e-7	-1.1380930778835408e-8	0.10509929528698166	0.054267605507244264	470599.2724222931	306247.4949861892
4.062680064e7	4.151612089838051	0.10615789638111511	-2.73445503595975e-7	-1.1524242440613839e-8	0.10593940072158652	0.05443804784977054	472474.9963409897	307213.6940335903
4.07143584e7	4.127464533830384	0.1051424045685726	-2.7816614773301644e-7	-1.167251396530141e-8	0.1068044869348419	0.0546093240579521	474365.875195483	308182.93050345784
4.080191616e7	4.102894859419549	0.10411370356037103	-2.8309044939604044e-7	-1.182603278511779e-8	0.10769592033599949	0.054781313487825785	476272.3636569778	309155.21819546394
4.088947392e7	4.077884585248656	0.10307131983018224	-2.8823308713701886e-7	-1.1985110399265899e-8	0.10861518222713057	0.054953875098813956	478194.94366412633	310130.568610731
4.097703168e7	4.052413841210879	0.1020147513002878	-2.936102712468876e-7	-1.2150084690249461e-8	0.1095638802884882	0.05512684380342828	480134.124790202	311108.990277034
4.106458944e7	4.026461399247474	0.10094346721678137	-2.992399178919701e-7	-1.2321320963057844e-8	0.1105437565678144	0.055300025342480984	482090.4442600626	312090.4889999843
4.11521472e7	4.0000042302803145	0.09985690078237297	-3.051419567283912e-7	-1.2499217581615416e-8	0.11155671436383234	0.0554731933600648	484064.4742579096	313075.066438354
4.123970496e7	3.973017634321443	0.09875445225821533	-3.1133855531157306e-7	-1.2684206464986734e-8	0.11260482543448276	0.0556460817027363	486056.8190055234	314062.72029149905
4.132726272e7	3.9454746541786965	0.0976354781776562	-3.1785455148179255e-7	-1.2876760310843137e-8	0.11369036626087942	0.055818379972249296	488068.12531564827	315053.44268344867
4.141482048e7	3.917346156793538	0.09649929474515614	-3.2471779620427635e-7	-1.3077393817737585e-8	0.11481583120521623	0.055989723278284054	490099.0796805599	316047.2199931623
4.150237824e7	3.8886004551678486	0.0953451712828129	-3.319596736894818e-7	-1.3286669163766414e-8	0.11598396590692997	0.05615968296214127	492150.41478511464	317044.03173897765
4.1589936e7	3.8592027772015274	0.09417232278798386	-3.396157590487067e-7	-1.3505203172961287e-8	0.11719781059902089	0.05632775565190105	494222.91741907416	318043.8487100701
4.167749376e7	3.8291151483670696	0.0929799100838364	-3.4772649008237674e-7	-1.3733670444379588e-8	0.11846073086818854	0.05649334693020521	496317.42901488894	319046.63226913975
4.176505152e7	3.7982958150587334	0.09176703211300474	-3.563381036987484e-7	-1.3972810660889067e-8	0.11977647179240936	0.056655753860896156	498434.8540948796	320052.33233203314
4.185260928e7	3.7666986460618017	0.09053271914984774	-3.6550377592569835e-7	-1.4223435967238408e-8	0.12114921950152716	0.05681414270220617	500576.16828347434	321060.8851142293
4.194016704e7	3.7342724604272783	0.08927592672910364	-3.7528503542157593e-7	-1.4486438548333807e-8	0.12258367366415186	0.0569675207592525	502742.42645375605	322072.2104765629
4.20277248e7	3.7009603042587544	0.08799552893374367	-3.8575351920011913e-7	-1.4762797286273725e-8	0.12408513169760585	0.05711470054914583	504934.7716453679	323086.209104314
4.211528256e7	3.666698411844467	0.08669030997181179	-3.969932588522409e-7	-1.505358615462301e-8	0.12565959889001324	0.05725425499606327	507154.44733636646	324102.7584613396
4.220284032e7	3.6314150835398493	0.08535895623953689	-4.0910358005670313e-7	-1.5359980094775155e-8	0.1273139178077488	0.05738445923079978	509402.81012450124	325121.70834935753
4.229039808e7	3.595029047208732	0.08400004586416741	-4.2220297439721573e-7	-1.5683262089112534e-8	0.12905594142143023	0.057503215947815274	511681.3478562551	326142.8744822973
4.237795584e7	3.55744767567042	0.08261204012749548	-4.3643413740798467e-7	-1.6024823179123215e-8	0.13089473952045505	0.05760795621569565	513991.6980208585	327166.0314028622
4.24655136e7	3.518564496506667	0.0811932737023436	-4.5197083361683575e-7	-1.638615760331664e-8	0.13284087363634023	0.057695508090746715	516335.67264454934	328190.9026648337
4.255307136e7	3.4782561904465137	0.07974194687243076	-4.6902722796786454e-7	-1.676884069852577e-8	0.13490674409971587	0.05776191833653077	518715.2866734807	329217.1490107755
4.264062912e7	3.436378384881563	0.07825611969091731	-4.878710551817599e-7	-1.7174483361856903e-8	0.1371070617809614	0.057802207721592905	521132.79593271326	330244.3519502119
4.272818688e7	3.3927602989282555	0.07673371329872128	-5.088423728173305e-7	-1.760463202145126e-8	0.13945946936836787	0.057810027243740875	523590.7423165793	331271.99304734287
4.281574464e7	3.347197243520226	0.07517252282511064	-5.323812374506379e-7	-1.8060573672837447e-8	0.1419854044403939	0.057777165418104195	526092.0135965383	332299.4253414252
4.29033024e7	3.299440245497678	0.07357025457912467	-5.590696548631267e-7	-1.8542949828395966e-8	0.1447113080740002	0.05769282317074894	528639.9203937176	333325.83446617075
4.299086016e7	3.249180721474183	0.07192461369274618	-5.896978389984598e-7	-1.90509989304642e-8	0.147670397447575	0.057542512978920185	531238.3013028693	334350.18282786803
4.307841792e7	3.1960280637750285	0.07023348457296653	-6.253728838352947e-7	-1.9581006388079848e-8	0.15090529963071142	0.05730632742583041	533891.6643446845	335371.13040592876
4.316597568e7	3.1394745257275205	0.06849531486650692	-6.677070320309978e-7	-2.0123044766812656e-8	0.15447218245349223	0.056956093258852356	536605.3870978646	336386.9155993541
4.325353344e7	3.0788370699579004	0.06670993653535537	-7.191655971420535e-7	-2.0653727699898513e-8	0.15844759546874446	0.05645042662834938	539386.0149385617	337395.1675611375
4.33410912e7	3.0131565377186367	0.06488038353782347	-7.837622968770474e-7	-2.111871201939935e-8	0.1629404424776664	0.05572553767030092	542241.7162359569	338392.6002564924
4.342864896e7	2.9410030567415286	0.06301732938215907	-8.686094455799142e-7	-2.138539890357031e-8	0.16811509474866557	0.05467645136502144	545183.0424357876	339374.4661897461
4.351620672e7	2.860059572985138	0.06115121680144337	-9.879274136277788e-7	-2.1090851441663796e-8	0.17424129497387483	0.05311348950864537	548224.2938892088	340333.49718540773
4.360376448e7	2.766048509221664	0.05937329745150754	-1.1761298349917768e-6	-1.900331798057455e-8	0.18182388885784462	0.05063987465277242	551386.3471042471	341257.51322443667
4.369132224e7	2.6489547688794715	0.0580370645361332	-1.5529615997609049e-6	-8.659214892068273e-9	0.1920673795922513	0.046167835642925724	554703.9757580624	342122.5372444633
4.377888e7	2.4610630151216295	0.06096342902655765	-3.6445261694298285e-6	2.0982218618185853e-7	0.2111527123027985	0.032679446975060124	558259.1395786498	342856.0522795846