0	7.764705882352941	0.29411764705882354	-4.446738939933036e-8	-2.6522647655111196e-9	0.03999154808762513	0.028775211118723405	0.	0.
63072.	7.7618997071049485	0.293950284971367	-4.451586326199331e-8	-2.6547531057242676e-9	0.040017875815060944	0.02879061866874422	512.2691183268582	368.57155497956745
126144.	7.759090470796351	0.2937827657673294	-4.456445561397852e-8	-2.6572469281011385e-9	0.04004425167793834	0.028806049933286223	1024.8756756223959	737.3405581004181
189216.	7.756278165917774	0.2936150890993209	-4.4613166914231734e-8	-2.6597462524856787e-9	0.04007067583345725	0.02882150498039452	1537.8202910374885	1106.307314329061
252288.	7.753462784943223	0.29344725461929494	-4.466199762391676e-8	-2.6622510988097867e-9	0.040097148439443946	0.02883698387833603	2051.1035846166687	1475.4721289190425
315360.	7.750644320338439	0.293279261978856	-4.471094820628469e-8	-2.664761487084877e-9	0.0401236696542814	0.028852486695558094	2564.7261769432625	1844.8353073432681
378432.	7.747822764508612	0.29311111082698477	-4.476001912758491e-8	-2.667277437455257e-9	0.040150239637378154	0.02886801350095838	3078.6886928386734	2214.3971569198507
441504.	7.744998109884567	0.29294280081377283	-4.4809210855598815e-8	-2.669798970111057e-9	0.04017685854840398	0.028883564363442152	3592.9917553285973	2584.157984184394
504576.	7.74217034879374	0.2927743315848404	-4.4858523861870405e-8	-2.672326105420154e-9	0.040203526548442906	0.02889913935258697	4107.63599463785	2954.118098792689
567648.	7.739339473613832	0.2926057027879841	-4.490795861907895e-8	-2.6748588637719807e-9	0.040230243798625845	0.02891473853785302	4622.622037481719	3324.277808875915
630720.	7.736505476624136	0.2924369140667479	-4.495751560361159e-8	-2.67739726572973e-9	0.04025701046146059	0.02893036198934871	5137.950517413248	3694.6374255233045
693792.	7.733668350105052	0.2922679650647274	-4.500719529386426e-8	-2.6799413319294146e-9	0.04028382669994755	0.02894600977731994	5653.622067892441	4065.1972597778804
756864.	7.7308280863266425	0.2920988554250709	-4.505699817045154e-8	-2.6824910830917718e-9	0.04031069267768288	0.02896168197220882	6169.637323101009	4435.957622996094
819936.	7.72798467749294	0.2919295847880824	-4.510692471718366e-8	-2.685046540080068e-9	0.04033760855936326	0.028977378644941754	6685.996921772756	4806.9188284905695
883008.	7.725138115761675	0.29176015279206474	-4.5156975420744685e-8	-2.687607723880259e-9	0.040364574510610894	0.028993099866829915	7202.701505858863	5178.081190965681
946080.	7.722288393311466	0.2915905590762206	-4.520715076953887e-8	-2.6901746555327335e-9	0.04039159069737483	0.029008845709222072	7719.751715869789	5549.445024506373
1.009152e6	7.7194355022847505	0.2914208032782006	-4.525745125469399e-8	-2.6927473561912755e-9	0.04041865728644579	0.02902461624379988	8237.148194786818	5921.010644251075
1.072224e6	7.716579434739108	0.2912508850319984	-4.5307877370926575e-8	-2.6953258471738394e-9	0.040445774445897725	0.029040411542831122	8754.891591447487	6292.778367857124
1.135296e6	7.713720182732153	0.29108080397159974	-4.535842961508088e-8	-2.697910149875622e-9	0.040472942344328515	0.029056231678731816	9272.982554722908	6664.748513009045
1.198368e6	7.710857738317106	0.29091055973080504	-4.540910848621757e-8	-2.7005002857740238e-9	0.04050016115090375	0.029072076724089103	9791.421733771946	7036.921397509677
1.26144e6	7.707992093484535	0.29074015194073327	-4.54599144866459e-8	-2.7030962764897597e-9	0.04052743103588089	0.029087946751964078	10310.209782007954	7409.297340967195
1.324512e6	7.705123240180941	0.29056958023058826	-4.5510848121618414e-8	-2.7056981437677252e-9	0.04055475217045202	0.029103841835796528	10829.347355946085	7781.876664345492
1.387584e6	7.702251170352016	0.2903988442295363	-4.556190989858765e-8	-2.7083059094330263e-9	0.040582124726351185	0.02911976204918244	11348.835112167362	8154.659688640225
1.450656e6	7.699375875913186	0.29022794356546194	-4.561310032773635e-8	-2.7109195954220655e-9	0.040609548876127256	0.029135707466025538	11868.673709257866	8527.64673567992
1.513728e6	7.696497348711423	0.2900568778632976	-4.5664419922665666e-8	-2.7135392238228276e-9	0.040637024793491384	0.02915167816073837	12388.863810534936	8900.838129330567
1.5768e6	7.693615580584607	0.289885646747573	-4.571586919937013e-8	-2.7161648168134288e-9	0.040664552652785076	0.029167674207934306	12909.406079985432	9274.234193761116
1.639872e6	7.690730563376983	0.2897142498431083	-4.5767448675975735e-8	-2.718796396647008e-9	0.04069213262884151	0.02918369568234791	13430.30118109567	9647.835252903365
1.702944e6	7.687842288861501	0.28954268677168704	-4.581915887412639e-8	-2.7214339857331464e-9	0.04071976489769353	0.029199742659238383	13951.549782139422	10021.641632701409
1.766016e6	7.684950748715357	0.2893709571509338	-4.5871000319440597e-8	-2.7240776066635214e-9	0.04074744963680231	0.0292158152145206	14473.152558120119	10395.653662036815
1.829088e6	7.682055934612886	0.2891990605983478	-4.5922973539885316e-8	-2.726727282116253e-9	0.04077518702421781	0.02923191342428158	14995.110184246169	10769.871669882037
1.89216e6	7.679157838228422	0.2890269967314283	-4.597507906573955e-8	-2.7293830348531617e-9	0.04080297723855522	0.029248037364766874	15517.423335725984	11144.295985209523
1.955232e6	7.6762564512362985	0.28885476516767455	-4.602731742960623e-8	-2.7320448877202092e-9	0.040830820458998114	0.029264187112380366	16040.092687767976	11518.926936991724
2.018304e6	7.673351765310851	0.2886823655245858	-4.6079689166425586e-8	-2.734712863647925e-9	0.0408587168652993	0.029280362743685305	16563.118915580555	11893.764854201087
2.081376e6	7.6704437720626	0.2885097974169862	-4.6132194814626064e-8	-2.737386985719381e-9	0.04088666663836701	0.0292965643357357	17086.502698497887	12268.810067485978
2.144448e6	7.667532462941956	0.2883370604528455	-4.618483491786761e-8	-2.7400672772721704e-9	0.04091466996114767	0.029312791966581847	17610.244726734974	12644.062912115118
2.20752e6	7.66461782939926	0.2881641542400415	-4.623761002221235e-8	-2.7427537617300214e-9	0.04094272701717682	0.02932904571443932	18134.345690842936	13019.523723619146
2.270592e6	7.661699862885092	0.28799107838646143	-4.6290520676130696e-8	-2.745446462603738e-9	0.040970837990575465	0.02934532565768657	18658.80628135817	13395.19283752307
2.333664e6	7.6587785548500324	0.2878178324999929	-4.6343567430519284e-8	-2.7481454034918342e-9	0.040999003066056194	0.029361631874865502	19183.627188817074	13771.07058935189
2.396736e6	7.655853896744661	0.28764441618852327	-4.639675083871432e-8	-2.7508506080809566e-9	0.04102722242892471	0.02937796444468323	19708.80910375604	14147.157314630616
2.459808e6	7.652925880018731	0.28747082905990595	-4.6450071456520783e-8	-2.753562100147135e-9	0.04105549626508939	0.029394323446016106	20234.352716762514	14523.453348904019
2.52288e6	7.649994495993132	0.2872970707166141	-4.650352984453242e-8	-2.756279903693269e-9	0.04108382476223826	0.0294107089585778	20760.258726676486	14899.95903103962
2.585952e6	7.647059735859414	0.2871231407555295	-4.655712656817374e-8	-2.7590040429494397e-9	0.04111220810985365	0.02942712106292802	21286.527841328018	15276.674703794435
2.649024e6	7.644121590831483	0.2869490387743976	-4.6610862194988945e-8	-2.7617345422121937e-9	0.04114064649782811	0.02944355983968113	21813.160767375237	15653.60070955266
2.712096e6	7.64118005212324	0.28677476437096355	-4.6664737295055874e-8	-2.7644714258696916e-9	0.041169140116669535	0.02946002536962171	22340.15821147626	16030.737390698496
2.775168e6	7.6382351109485915	0.28660031714297257	-4.671875244100141e-8	-2.7672147184018696e-9	0.04119768915750271	0.029476517733704573	22867.52088028921	16408.085089616136
2.83824e6	7.635286758521441	0.2864256966881699	-4.6772908208014876e-8	-2.7699644443810394e-9	0.041226293812073884	0.029493037013055806	23395.2494804722	16785.64414868978
2.901312e6	7.6323349860479315	0.2862509026039818	-4.682720517400414e-8	-2.7727206284807513e-9	0.04125495427282434	0.029509583289013142	23923.344719162196	17163.41491048953
2.964384e6	7.629379784549921	0.2860759344801419	-4.688164392282428e-8	-2.7754832956667476e-9	0.041283670734516505	0.029526156644050786	24451.80731529157	17541.397722332746
3.027456e6	7.626421144970343	0.28590079190288004	-4.693622504239899e-8	-2.7782524710830454e-9	0.04131244339328323	0.029542757161235708	24980.6379936197	17919.592934177355
3.090528e6	7.623459058273655	0.2857254744592781	-4.699094912291094e-8	-2.7810281799454375e-9	0.04134127244570054	0.029559384923699306	25509.837477700024	18298.00089556147
3.1536e6	7.620493515424317	0.28554998173641793	-4.704581675720547e-8	-2.7838104475657947e-9	0.041370158088987946	0.02957604001474945	26039.406491085985	18676.621956023206
3.216672e6	7.61752450738679	0.28537431332138147	-4.710082854080728e-8	-2.7865992993522035e-9	0.04139910052101126	0.029592722517871678	26569.345757331015	19055.45646510067
3.279744e6	7.614552025125531	0.2851984688012506	-4.7155985071934254e-8	-2.789394760809716e-9	0.041428099940286754	0.029609432516728675	27099.65599998856	19434.50477233198
3.342816e6	7.611576059581607	0.28502244776214447	-4.721128695194355e-8	-2.7921968575662204e-9	0.041457156546197964	0.029626170095284312	27630.337944058643	19813.767227818236
3.405888e6	7.608596601477707	0.28484624978105033	-4.726673478893621e-8	-2.795005615585111e-9	0.04148627054080831	0.02964293533882873	28161.392328582217	20193.24418733642
3.46896e6	7.6056136415042275	0.28466987443339625	-4.7322329194378485e-8	-2.7978210609626984e-9	0.041515442127153114	0.029659728333009026	28692.819895446464	20572.93600810538
3.532032e6	7.602627170365404	0.2844933212951632	-4.737807078226756e-8	-2.800643219880308e-9	0.04154467150881137	0.029676549163582807	29224.62138574514	20952.84304705975
3.595104e6	7.599637178765475	0.28431658994233183	-4.743396016940161e-8	-2.8034721186198284e-9	0.0415739588900349	0.029693397916491705	29756.797540572	21332.965661134167
3.658176e6	7.596643657408676	0.28413967995088313	-4.748999797539597e-8	-2.8063077835642882e-9	0.04160330447575306	0.029710274677861383	30289.349101020794	21713.30420726327
3.721248e6	7.593646596999244	0.2839625908967978	-4.754618482269905e-8	-2.8091502411983467e-9	0.04163270847157483	0.029727179534002193	30822.27680818528	22093.859042381693
3.78432e6	7.590645988191256	0.28378532235399073	-4.760252133753997e-8	-2.8119995181640012e-9	0.0416621710842589	0.029744112571673833	31355.58140626877	22474.63052463754
3.847392e6	7.587641821406873	0.28360787388664715	-4.765900815333054e-8	-2.8148556414604117e-9	0.04169169252341446	0.02976107387904643	31889.263654503306	22855.619018299203
3.910464e6	7.5846340870738524	0.2834302450589905	-4.771564590629568e-8	-2.817718638183533e-9	0.041721272999303234	0.029778063544455252	32423.32431248244	23236.824888053452
3.973536e6	7.5816227756263235	0.28325243543550016	-4.777243523547244e-8	-2.820588535527408e-9	0.041750912722831206	0.029795081656391966	32957.76413942825	23618.248498451245
4.036608e6	7.578607877498413	0.2830744445806555	-4.7829376782844425e-8	-2.823465360791749e-9	0.041780611905608576	0.02981212830353957	33492.58389456278	23999.89021404353
4.09968e6	7.5755893831242505	0.28289627205893586	-4.7886471193360176e-8	-2.826349141382305e-9	0.0418103707599558	0.029829203574772447	34027.78433710809	24381.750399381268
4.162752e6	7.572567282937963	0.2827179174348206	-4.79437191149491e-8	-2.8292399048116534e-9	0.04184018949890417	0.029846307559157438	34563.366226286256	24763.829419015405
4.225824e6	7.5695415674702	0.2825393802769711	-4.8001121196726965e-8	-2.8321376785940793e-9	0.04187006833529359	0.02986344034543936	35099.330314578794	25146.127634570596
4.288896e6	7.566512227049834	0.28236066014554945	-4.805867809460668e-8	-2.8350424905739127e-9	0.041900007484573114	0.02988060202362602	35635.67736767161	25528.645413097485
4.351968e6	7.563479251668428	0.28218175658627465	-4.8116390473898666e-8	-2.8379543690752567e-9	0.04193000716609513	0.02989779268571544	36172.408174179545	25911.38313138421
4.41504e6	7.560442631314257	0.2820026691447246	-4.817425900307815e-8	-2.840873342537056e-9	0.0419600675999841	0.029915012423922995	36709.523522943	26294.341166315407
4.478112e6	7.557402355975592	0.281823397366477	-4.823228435374177e-8	-2.8437994395101437e-9	0.041990189007110275	0.029932261330664955	37247.02420280237	26677.519894775705
4.541184e6	7.554358415640708	0.2816439407971097	-4.829046720062568e-8	-2.8467326886578167e-9	0.042020371609091035	0.02994953949855905	37784.91100259805	27060.91969364973
4.604256e6	7.5513108002978795	0.28146429898220043	-4.834880822162486e-8	-2.8496731187562264e-9	0.04205061562829731	0.029966847020424438	38323.18471117043	27444.540939822113
4.667328e6	7.548259499935378	0.28128447146732705	-4.840730809781101e-8	-2.8526207586951917e-9	0.04208092128785572	0.029984183989283306	38861.846117359906	27828.384010177488
4.7304e6	7.54520450454148	0.2811044577980673	-4.8465967513451644e-8	-2.855575637478577e-9	0.042111288811652	0.030001550498360893	39400.89601000688	28212.449281600482
4.793472e6	7.5421458041044565	0.28092425751999894	-4.852478715602904e-8	-2.8585377842250313e-9	0.042141718424335804	0.03001894664108656	39940.33517795173	28596.737130975725
4.856544e6	7.539083388612583	0.28074387017869984	-4.858376771625939e-8	-2.8615072281684458e-9	0.042172210351323416	0.030036372511093673	40480.16441003488	28981.24793518785
4.919616e6	7.536017248054131	0.2805632953197477	-4.8642909888111724e-8	-2.864483998658605e-9	0.04220276481880238	0.030053828202220828	41020.384495096696	29365.982071121485
4.982688e6	7.532947372417376	0.28038253248872036	-4.870221436882765e-8	-2.8674681251617064e-9	0.04223338205373346	0.030071313808512908	41560.996221977584	29750.93991566126
5.04576e6	7.529873751687713	0.2802015812310782	-4.876168185899536e-8	-2.8704596372643157e-9	0.04226406228388538	0.030088829424235766	42102.00037969302	30136.121845759008
5.108832e6	7.526796375631875	0.2800204410831165	-4.882131306670659e-8	-2.8734585649164426e-9	0.04229480573988352	0.030106375145030378	42643.39777141822	30521.528244133664
5.171904e6	7.523715233660001	0.27983911156597713	-4.8881108710259554e-8	-2.87646493858719e-9	0.04232561265654211	0.03012395106865821	43185.1892241404	30907.159503462815
5.234976e6	7.520630315150627	0.27965759219942493	-4.894106951198191e-8	-2.8794787889028966e-9	0.042356483269788144	0.03014155729326664	43727.37556707485	31293.016017397254
5.298048e6	7.517541609482292	0.27947588250322486	-4.900119619764578e-8	-2.8825001466129204e-9	0.042387417816364965	0.030159193917218996	44269.95762943686	31679.098179587774
5.36112e6	7.514449106033535	0.2792939819971419	-4.906148949648911e-8	-2.8855290425901568e-9	0.04241841653383461	0.03017686103909716	44812.936240441704	32065.406383685164
5.424192e6	7.5113527941828915	0.2791118902009409	-4.912195014123661e-8	-2.8885655078317377e-9	0.04244947966058219	0.030194558757700232	45356.31222930467	32451.941023340223
5.487264e6	7.508252663308902	0.2789296066343869	-4.918257886811981e-8	-2.8916095734597843e-9	0.04248060743582145	0.030212287172046833	45900.08642524105	32838.70249220374
5.550336e6	7.505148702790103	0.2787471308172448	-4.924337641690063e-8	-2.894661270721694e-9	0.042511800099597395	0.03023004638137477	46444.259657466115	33225.69118392651
5.613408e6	7.5020409020050325	0.27856446226927956	-4.930434353088942e-8	-2.897720630991256e-9	0.04254305789279118	0.03024783648514205	46988.83275519516	33612.90749215931
5.67648e6	7.498929250332229	0.27838160051025607	-4.936548095696913e-8	-2.900787685768998e-9	0.04257438105712403	0.030265657583027624	47533.806547643464	34000.35181055296
5.739552e6	7.49581373715023	0.27819854505993935	-4.94267894456162e-8	-2.9038624666828684e-9	0.04260576983516164	0.030283509774932132	48079.18186402632	34388.02453275823
5.802624e6	7.4926943518375735	0.2780152954380943	-4.948826975092157e-8	-2.906945005489063e-9	0.04263722447031764	0.03030139316097859	48624.959533559006	34775.92605242592
5.865696e6	7.489571083772798	0.27783185116448583	-4.95499226306137e-8	-2.9100353340725217e-9	0.042668745206858996	0.03031930784151256	49171.14038545681	35164.05676320682
5.928768e6	7.4864439222956065	0.2776482117572882	-4.9611748846839804e-8	-2.913133484492342e-9	0.04270033229028257	0.030337253917312103	49717.725251321586	35552.41705967765
5.99184e6	7.483312856349008	0.2774643767180719	-4.967374917320664e-8	-2.9162394893923364e-9	0.042731985970761235	0.030355231491515658	50264.71498835791	35941.0073468111
6.054912e6	7.480177874652603	0.2772803455388305	-4.973592439146804e-8	-2.9193533818036566e-9	0.04276370650150962	0.030373240668701035	50812.11046896676	36329.82803603008
6.117984e6	7.47703896592419	0.27709611771146647	-4.979827528722313e-8	-2.922475194894856e-9	0.04279549413665226	0.03039128155369016	51359.91256572124	36718.87953884755
6.181056e6	7.4738961188815685	0.27691169272788196	-4.9860802649903296e-8	-2.9256049619707835e-9	0.042827349131214	0.03040935425154076	51908.12215119443	37108.162266776475
6.244128e6	7.470749322242538	0.27672707007997915	-4.992350727279804e-8	-2.928742716472929e-9	0.04285927174112201	0.030427458867545887	52456.740097959424	37497.67663132982
6.3072e6	7.467598564724899	0.27654224925966037	-4.9986389953077075e-8	-2.931888491980501e-9	0.04289126222321206	0.03044559550723571	53005.76727858931	37887.42304402054
6.370272e6	7.464443835046449	0.27635722975882787	-5.004945149181456e-8	-2.935042322211068e-9	0.04292332083523202	0.030463764276377685	53555.20456565717	38277.40191636162
6.433344e6	7.46128512192499	0.2761720110693838	-5.0112692694014084e-8	-2.9382042410210787e-9	0.0429554478358477	0.03048196528097748	54105.05283173611	38667.613659865994
6.496416e6	7.458122414078321	0.2759865926832305	-5.0176114368631824e-8	-2.941374282406944e-9	0.04298764348464545	0.03050019862727994	54655.3129493992	39058.05868604664
6.559488e6	7.454955700224242	0.27580097409227017	-5.0239717328601566e-8	-2.944552480505517e-9	0.04301990804214009	0.03051846442176922	55205.985791219544	39448.73740641652
6.62256e6	7.451784969080552	0.2756151547884051	-5.0303502390860003e-8	-2.947738869594918e-9	0.043052241769775595	0.03053676277117028	55757.07222977022	39839.65023248859
6.685632e6	7.44861020936505	0.2754291342635375	-5.036747037637034e-8	-2.9509334840952894e-9	0.04308464492993436	0.0305550937824493	56308.573137624335	40230.79757577582
6.748704e6	7.445431409795528	0.27524291200956924	-5.043162211014855e-8	-2.95413635856959e-9	0.04311711778593736	0.030573457562814557	56860.48938735538	40622.179847791296
6.811776e6	7.442248558925654	0.2750564875116777	-5.049595842457041e-8	-2.9573475279167505e-9	0.04314966060364801	0.030591854220604373	57412.821861629025	41013.797463965624
6.874848e6	7.439061644832417	0.27486986023501275	-5.05604801656914e-8	-2.960567027736232e-9	0.04318227365453247	0.03061028386699359	57965.57147412485	41405.65085240933
6.93792e6	7.4358706555151235	0.27468302964130387	-5.062518818534118e-8	-2.9637948938656626e-9	0.04321495721180268	0.03062874661383475	58518.73914411477	41797.740443710885
7.000992e6	7.432675578973081	0.2744959951922805	-5.069008333959918e-8	-2.9670311622928942e-9	0.04324771154965579	0.030647242573235946	59072.325790870666	42190.06666845876
7.064064e6	7.429476403205596	0.2743087563496721	-5.075516648882017e-8	-2.970275869157063e-9	0.043280536943282995	0.030665771857560385	59626.33233366444	42582.62995724144
7.127136e6	7.426273116211976	0.27412131257520805	-5.082043849766242e-8	-2.973529050749028e-9	0.04331343366887424	0.030684334579427756	60180.75969176798	42975.430740647396
7.190208e6	7.4230657059915295	0.27393366333061786	-5.08859002351142e-8	-2.9767907435125774e-9	0.04334640200361987	0.030702930851715042	60735.60878445319	43368.46944926511
7.25328e6	7.419854160543562	0.2737458080776309	-5.0951552574520916e-8	-2.9800609840449694e-9	0.04337944222572267	0.03072156078755729	61290.88053099195	43761.74651368306
7.316352e6	7.416638467867381	0.2735577462779767	-5.101739639361396e-8	-2.9833398090978366e-9	0.04341255461439599	0.030740224500348228	61846.575850656176	44155.26236448971
7.379424e6	7.413418615962295	0.2733694773933846	-5.1083432574536486e-8	-2.9866272555781967e-9	0.043445739449873094	0.03075892210374161	62402.69566271776	44549.01743227355
7.442496e6	7.41019459282761	0.27318100088558406	-5.1149662003873306e-8	-2.9899233605490345e-9	0.043478997013412256	0.03077765371165139	62959.240886448584	44943.01214762305
7.505568e6	7.406966386462633	0.2729923162163046	-5.121608557267823e-8	-2.9932281612302625e-9	0.04351232758730019	0.030796419438253102	63516.21244112055	45337.24694112669
7.56864e6	7.403733984866673	0.2728034228472756	-5.1282704176502524e-8	-2.9965416949995917e-9	0.04354573145485976	0.030815219397984518	64073.61124600557	45731.72224337295
7.631712e6	7.40049737602357	0.2726143202396102	-5.134951871573882e-8	-2.999863999412029e-9	0.04357920890060505	0.0308340537056302	64631.43822126723	46126.4384852742
7.694784e6	7.397256547532132	0.2724250078385769	-5.141653010321894e-8	-3.0031951126416258e-9	0.04361276021389082	0.030852922478340896	65189.69431097442	46521.39610710734
7.757856e6	7.394011486619843	0.2722354850737013	-5.1483739264032974e-8	-3.006535073464622e-9	0.04364638568881391	0.030871825835576145	65748.38048383243	46916.595559388756
7.820928e6	7.390762180502658	0.2720457513739558	-5.155114712822789e-8	-3.009883920836671e-9	0.0436800856206763	0.030890763897135774	66307.49770953144	47312.03729312058
7.884e6	7.38750861639653	0.2718558061683126	-5.161875463060295e-8	-3.013241693880478e-9	0.04371386030587092	0.030909736783097386	66867.0469577616	47707.72175930494
7.947072e6	7.384250781517414	0.2716656488857442	-5.1686562710739606e-8	-3.0166084318869973e-9	0.043747710041893186	0.03092874461381619	67427.02919821309	48103.649408944
8.010144e6	7.380988663081265	0.27147527895522283	-5.1754572313032016e-8	-3.019984174316251e-9	0.04378163512734112	0.03094778750992712	67987.44540057602	48499.82069303989
8.073216e6	7.377722248304037	0.2712846958057209	-5.1822784386718925e-8	-3.023368960798186e-9	0.04381563586192442	0.030966865592344617	68548.29653454058	48896.236062594755
8.136288e6	7.374451524401684	0.27109389886621066	-5.189119988591519e-8	-3.026762831133715e-9	0.043849712546471485	0.030985978982263938	69109.58356979693	49292.89596861073
8.19936e6	7.3711764785901615	0.27090288756566455	-5.195981976964206e-8	-3.0301658252956406e-9	0.04388386548293107	0.03100512780116227	69671.30747603522	49689.80086208996
8.262432e6	7.367897098085423	0.27071166133305485	-5.202864500186056e-8	-3.0335779834296375e-9	0.04391809497438391	0.03102431217079934	70233.4692229456	50086.95119403459
8.325504e6	7.364613370103421	0.270520219597354	-5.209767655150245e-8	-3.0369993458551716e-9	0.04395240132504178	0.03104353221321878	70796.06978021824	50484.34741544676
8.388576e6	7.361325281860114	0.2703285617875342	-5.216691539250351e-8	-3.0404299530664086e-9	0.04398678484026156	0.031062788050748406	71359.11011754329	50881.98997732861
8.451648e6	7.358032820571453	0.2701366873325679	-5.223636250383494e-8	-3.043869845733318e-9	0.04402124582654553	0.03108207980600154	71922.5912046109	51279.879330682284
8.51472e6	7.354735973354155	0.2699445956574262	-5.230601887161281e-8	-3.047319064823903e-9	0.044055784592536805	0.03110140760242251	72486.51401699184	51678.01592870952
8.577792e6	7.351434726752394	0.2697522861634028	-5.2375885499071037e-8	-3.0507776521798146e-9	0.044090401453767226	0.031120771566900057	73050.87956619551	52076.400238834205
8.640864e6	7.348129067125635	0.2695597582438188	-5.244596339855803e-8	-3.0542456500473757e-9	0.04412509672882112	0.03114017182764645	73615.68887645927	52475.03273393214
8.703936e6	7.344818980834467	0.26936701129203094	-5.251625358769246e-8	-3.057723100856743e-9	0.04415987073747743	0.031159608513169484	74180.94297198625	52873.9138868787
8.767008e6	7.341504454239478	0.2691740447013961	-5.258675708941981e-8	-3.0612100472247532e-9	0.044194723800730515	0.03117908175227888	74746.64287697956	53273.04417054928
8.83008e6	7.338185473701254	0.26898085786527104	-5.2657474932049504e-8	-3.064706531955736e-9	0.04422965624079279	0.031198591674087915	75312.78961564226	53672.42405781927
8.893152e6	7.334862025580383	0.26878745017701244	-5.2728408149289046e-8	-3.0682125980425727e-9	0.044264668381106445	0.03121813840801329	75879.3842121775	54072.05402156406
8.956224e6	7.331534096237452	0.26859382102997714	-5.2799557780280515e-8	-3.0717282886679416e-9	0.044299760546345456	0.031237722083777706	76446.42769078833	54471.93453465902
9.019296e6	7.32820167203305	0.26839996981752196	-5.287092486963579e-8	-3.0752536472052537e-9	0.04433493306242298	0.03125734283140991	77013.92107567789	54872.066069979555
9.082368e6	7.3248647393277615	0.2682058959330036	-5.294251046747378e-8	-3.0787887172197706e-9	0.044370186256502395	0.03127700078124515	77581.86539104926	55272.44910040105
9.14544e6	7.321523284482176	0.2680115987697789	-5.3014315629457234e-8	-3.082333542469572e-9	0.04440552045699858	0.03129669606392755	78150.26166110556	55673.08409879888
9.208512e6	7.31817729385688	0.2678170777212046	-5.3086341416828026e-8	-3.0858881669069677e-9	0.044440935993588386	0.03131642881041006	78719.11091004987	56073.97153804844
9.271584e6	7.314826753812461	0.2676223321806375	-5.3158588896445965e-8	-3.0894526346792497e-9	0.04447643319721585	0.0313361991519561	79288.41416208529	56475.111891025124
9.334656e6	7.311471650707404	0.26742736154135327	-5.323105914087099e-8	-3.0930269901326372e-9	0.04451201240012114	0.03135600722015119	79858.1724415274	56876.505630641666
9.397728e6	7.308111970585355	0.2672321651838794	-5.330375323510146e-8	-3.0966112782029336e-9	0.04454767393900887	0.03137585314863815	80428.38679153236	57278.15323692975
9.4608e6	7.3047476989214095	0.26703674246503756	-5.3376672282127964e-8	-3.1002055447287665e-9	0.04458341815765689	0.031395737074543864	80999.05829158651	57680.05520452903
9.523872e6	7.301378821140742	0.26684109273940554	-5.34498173919201e-8	-3.103809835814768e-9	0.04461924540169152	0.03141565913560353	81570.18802491296	58082.212029777525
9.586944e6	7.298005322668531	0.26664521536156127	-5.352318968039858e-8	-3.1074241977729147e-9	0.044655156018078866	0.03143561946988151	82141.77707473487	58484.62420901326
9.650016e6	7.294627188929954	0.2664491096860826	-5.359679026947377e-8	-3.111048677123854e-9	0.04469115035513831	0.031455618215771995	82713.82652427541	58887.29223857426
9.713088e6	7.291244405350186	0.26625277506754724	-5.3670620287088506e-8	-3.1146833205979235e-9	0.0447272287625446	0.03147565551200037	83286.33745675774	59290.21661479853
9.77616e6	7.287856957354407	0.2660562108605332	-5.374468086725725e-8	-3.1183281751365834e-9	0.044763391591340566	0.03149573149762381	83859.310955405	59693.39783402412
9.839232e6	7.284464830367792	0.26585941641961824	-5.381897315010802e-8	-3.121983287893449e-9	0.044799639193941136	0.03151584631203275	84432.74810344038	60096.836392589044
9.902304e6	7.28106800981552	0.2656623910993802	-5.3893498281924115e-8	-3.125648706235614e-9	0.04483597192414034	0.03153600009495237	85006.64998408701	60500.53278683131
9.965376e6	7.277666481122767	0.265465134254397	-5.3968257415186e-8	-3.1293244777448846e-9	0.044872390137123755	0.031556192986442466	85581.01768056805	60904.48751308896
1.0028448e7	7.274260229714711	0.2652676452392464	-5.4043251708612994e-8	-3.133010650219012e-9	0.044908894189471235	0.031576425126899996	86155.85227610667	61308.70106770001
1.009152e7	7.270849241016529	0.26506992340850627	-5.4118482327206184e-8	-3.136707271673074e-9	0.04494548443916769	0.031596696657059185	86731.15485392603	61713.17394700248
1.0154592e7	7.267433500453397	0.2648719681167545	-5.4193950442292315e-8	-3.140414390340319e-9	0.0449821612456105	0.03161700771799269	87306.92649724927	62117.90664733439
1.0217664e7	7.2640129934035205	0.26467377871671177	-5.426965723259419e-8	-3.144132054734244e-9	0.04501892497009645	0.031637358451375136	87883.16829196046	62522.89966598204
1.0280736e7	7.260587704644712	0.264475354536661	-5.434560389644545e-8	-3.147860314350991e-9	0.04505577598151518	0.031657749002582294	88459.88136029705	62928.153514128484
1.0343808e7	7.257157618578772	0.2642766948890047	-5.442179164702068e-8	-3.1515992193857175e-9	0.0450927146541032	0.03167817951945918	89037.06684918964	63333.66871312004
1.040688e7	7.253722719605745	0.2640777990860124	-5.449822170419669e-8	-3.155348820266375e-9	0.045129741363603156	0.03169865015022089	89614.7259058804	63739.44578449924
1.0469952e7	7.250282992125681	0.26387866643995395	-5.4574895294560327e-8	-3.159109167653367e-9	0.04516685648725904	0.03171916104344132	90192.8596776115	64145.485249808684
1.0533024e7	7.246838420538624	0.26367929626309883	-5.465181365145416e-8	-3.1628803124411122e-9	0.04520406040381937	0.03173971234805603	90771.46931162509	64551.7876305909
1.0596096e7	7.24338898924462	0.2634796878677168	-5.4728978015024696e-8	-3.1666623057592986e-9	0.04524135349355083	0.03176030421336157	91350.55595516332	64958.353448388465
1.0659168e7	7.239934682643717	0.26327984056607745	-5.4806389632268196e-8	-3.17045519897445e-9	0.04527873613823868	0.03178093678901874	91930.12075546834	65365.183224743945
1.072224e7	7.236475485135961	0.2630797536704505	-5.488404975707932e-8	-3.1742590436910867e-9	0.04531620872120644	0.03180161022505185	92510.1648597823	65772.2774811999
1.0785312e7	7.233011381121398	0.26287942649310553	-5.496195965029925e-8	-3.178073891753389e-9	0.04535377162731533	0.03182232467185138	93090.68941534737	66179.63673929888
1.0848384e7	7.229542355000074	0.26267885834631227	-5.5040120579764215e-8	-3.1818997952463683e-9	0.045391425242979684	0.03184308028017408	93671.6955694057	66587.26152058346
1.0911456e7	7.226068391172037	0.2624780485423403	-5.5118533820353354e-8	-3.1857368064976758e-9	0.045429169956170475	0.03186387720114518	94253.18446919945	66995.15234659621
1.0974528e7	7.222589474037331	0.26227699639345936	-5.519720065403992e-8	-3.1895849780786695e-9	0.04546700615642714	0.03188471558625911	94835.15726197076	67403.30973887966
1.10376e7	7.219105587996005	0.26207570121193907	-5.5276122369939586e-8	-3.193444362806014e-9	0.04550493423486963	0.03190559558737976	95417.6150949618	67811.73421897642
1.1100672e7	7.215616717232934	0.26187416230148414	-5.535530026919912e-8	-3.197315014023515e-9	0.045542954586433225	0.03192651735795491	96000.5591277979	68220.42631292045
1.1163744e7	7.212122845163898	0.26167237893430445	-5.5434735677579934e-8	-3.2011969863188292e-9	0.04558106761568525	0.03194748105615578	96583.99056729556	68629.38656501591
1.1226816e7	7.20862395506221	0.261470350376385	-5.5514429931524654e-8	-3.2050903347172664e-9	0.04561927373033775	0.03196848684135755	97167.91063031266	69038.61552393463
1.1289888e7	7.205120030201637	0.26126807589372714	-5.5594384375001614e-8	-3.2089951145032866e-9	0.045657573339765285	0.03198953487332585	97752.32053368633	69448.11373834296
1.135296e7	7.2016110538559435	0.2610655547523323	-5.567460035956765e-8	-3.2129113812232134e-9	0.04569596685501892	0.032010625312219265	98337.22149425372	69857.88175690733
1.1416032e7	7.1980970092988965	0.26086278621820186	-5.575507924442308e-8	-3.2168391906863264e-9	0.04573445468883264	0.03203175831859264	98922.61472885199	70267.9201282941
1.1479104e7	7.194577879804261	0.26065976955733716	-5.5835822396466166e-8	-3.2207785989667357e-9	0.04577303725564235	0.03205293405339616	99508.50145431826	70678.22940116968
1.1542176e7	7.191053648645804	0.2604565040357396	-5.591683119034777e-8	-3.2247296624048664e-9	0.04581171497158124	0.03207415267797913	100094.8828874897	71088.81012420046
1.1605248e7	7.187524299097291	0.2602529889194107	-5.599810700852679e-8	-3.2286924376091577e-9	0.04585048825450606	0.032095414354088886	100681.76024520343	71499.66284605282
1.166832e7	7.183989814432488	0.26004922347435167	-5.607965124132657e-8	-3.2326669814577176e-9	0.04588935752399205	0.032116719243874034	101269.13474429662	71910.78811539315
1.1731392e7	7.18045017792516	0.259845206966564	-5.6161465286990375e-8	-3.2366533510999424e-9	0.04592832320135295	0.0321380675098848	101857.0076016064	72322.18648088786
1.1794464e7	7.176905372849074	0.259640938662049	-5.624355055173943e-8	-3.240651603958169e-9	0.04596738570964954	0.03215945931507414	102445.38003396992	72733.85849120333
1.1857536e7	7.173355382477996	0.2594364178268082	-5.632590844982926e-8	-3.2446617977293255e-9	0.046006545473699485	0.03218089482279985	103034.25325822431	73145.80469500594
1.1920608e7	7.169800190071519	0.25923164372629687	-5.640854040393459e-8	-3.2486839904055284e-9	0.0460458029202347	0.03220237419690503	103623.62849196253	73558.02564121276
1.198368e7	7.166239778329446	0.25902661560358026	-5.649144785780407e-8	-3.252718241000979e-9	0.04608515848367217	0.03222389760482345	104213.50698534945	73970.52189069473
1.2046752e7	7.16267412930864	0.2588213326750895	-5.6574632278378e-8	-3.2567646096592284e-9	0.046124612607064665	0.032245465218082275	104803.89002899622	74383.29402034427
1.2109824e7	7.15910322504232	0.2586157941561052	-5.665809514163001e-8	-3.260823156844451e-9	0.04616416573557745	0.03226707720877665	105394.77891556737	74796.3426080702
1.2172896e7	7.1555270475637	0.2584099992619078	-5.67418379320837e-8	-3.26489394331402e-9	0.04620381831624348	0.0322887337494327	105986.17493772744	75209.66823178138
1.2235968e7	7.151945578905998	0.2582039472077778	-5.6825862142875e-8	-3.2689770301206172e-9	0.046243570797974906	0.03231043501300897	106578.07938814098	75623.2714693866
1.229904e7	7.1483588011024315	0.25799763720899566	-5.691016927581489e-8	-3.2730724786137702e-9	0.04628342363158289	0.03233218117289663	107170.49355947254	76037.1528987947
1.2362112e7	7.144766696186216	0.257791068480842	-5.699476084145294e-8	-3.2771803504416513e-9	0.04632337726977168	0.03235397240292315	107763.41874438667	76451.31309791449
1.2425184e7	7.14116924619057	0.2575842402385972	-5.707963835914151e-8	-3.2813007075533754e-9	0.046363432167166214	0.03237580887735174	108356.8562355479	76865.75264465481
1.2488256e7	7.137566433148708	0.25737715169754183	-5.7164803357100855e-8	-3.2854336122004854e-9	0.046403588780316474	0.032397690770883954	108950.80732562077	77280.47211692449
1.2551328e7	7.1339582390938485	0.25716980207295637	-5.7250257372483465e-8	-3.289579126939061e-9	0.04644384756770496	0.03241961825866103	109545.27330726985	77695.47209263234
1.26144e7	7.130344646059207	0.2569621905801213	-5.733600195144133e-8	-3.293737314631403e-9	0.046484208989773235	0.032441591516264405	110140.25547315966	78110.75314968718
1.2677472e7	7.126725636078001	0.2567543164343171	-5.742203864919047e-8	-3.2979082384482367e-9	0.0465246735089151	0.0324636107197185	110735.75511595476	78526.31586599785
1.2740544e7	7.123101191183448	0.25654617885082437	-5.750836903007959e-8	-3.3020919618704706e-9	0.0465652415895029	0.03248567604549095	111331.77352831968	78942.16081947317
1.2803616e7	7.1194712932849376	0.2563377770400841	-5.759499467058474e-8	-3.3062885488604703e-9	0.04660591369921114	0.0325077876712034	111928.31200975079	79358.288590385
1.2866688e7	7.115835923386765	0.2561291101761307	-5.768191717793729e-8	-3.3104980649219336e-9	0.04664669031743665	0.03252994578012626	112525.37191307773	79774.69977883597
1.292976e7	7.112195062148212	0.2559201774183877	-5.77691381771003e-8	-3.314720576343677e-9	0.04668757192936534	0.03255215055799275	113122.95461386982	80191.3949943027
1.2992832e7	7.108548690232641	0.2557109779264005	-5.785665930260474e-8	-3.318956149738125e-9	0.046728559022220034	0.03257440219098741	113721.06148759475	80608.37484627694
1.3055904e7	7.104896788303416	0.2555015108597147	-5.794448219871321e-8	-3.3232048520496185e-9	0.0467696520853345	0.03259670086576686	114319.69390972018	81025.63994425049
1.3118976e7	7.1012393370239	0.25529177537787556	-5.803260851949614e-8	-3.3274667505566252e-9	0.04681085161016215	0.0326190467694628	114918.85325571382	81443.19089771509
1.3182048e7	7.097576317057456	0.25508177064042864	-5.81210399289054e-8	-3.3317419128740642e-9	0.04685215809027817	0.03264144008968419	115518.54090104332	81861.02831616251
1.324512e7	7.093907709067447	0.2548714958069194	-5.820977810084584e-8	-3.3360304069545903e-9	0.04689357202140545	0.03266388101451773	116118.75822117637	82279.15280908454
1.3308192e7	7.090233493717237	0.2546609500368934	-5.8298824719254263e-8	-3.3403323010918694e-9	0.04693509390142052	0.032686369732530404	116719.50659158065	82697.56498597295
1.3371264e7	7.086553651670188	0.25445013248989584	-5.838818147817409e-8	-3.3446476639226637e-9	0.0469767242303676	0.032708906432770565	117320.78738772383	83116.2654563195
1.3434336e7	7.082868163589664	0.25423904232547234	-5.8477850081828155e-8	-3.3489765644277218e-9	0.04701846351047479	0.03273149130476958	117922.60198507359	83535.25482961594
1.3497408e7	7.079177010139028	0.2540276787031684	-5.856783224470168e-8	-3.3533190719355025e-9	0.04706031224617255	0.03275412453854242	118524.95175909762	83954.53371535407
1.356048e7	7.075480171981643	0.25381604078252934	-5.865812969161575e-8	-3.3576752561240764e-9	0.047102270944083084	0.032776806324592934	119127.83808526357	84374.10272302567
1.3623552e7	7.071777629780335	0.25360412772308083	-5.874874415782027e-8	-3.36204518702357e-9	0.047144340113079074	0.032799536853912806	119731.26233906535	84793.96246213013
1.3686624e7	7.068069363750165	0.25339193866677273	-5.883967739995014e-8	-3.3664289356427427e-9	0.04718652026912716	0.0328223163205724	120335.22592095187	85214.11355090163
1.3749696e7	7.064355353130917	0.25317947271595825	-5.893093120907989e-8	-3.3708265746972173e-9	0.047228811941124826	0.03284514492480724	120939.73029002789	85634.55662983113
1.3812768e7	7.060635577069317	0.2529667289687842	-5.90225073895038e-8	-3.3752381773986487e-9	0.04727121566131207	0.03286802286792183	121544.77691239373	86055.29234258429
1.387584e7	7.056910014712086	0.25275370652339735	-5.911440775654496e-8	-3.3796638173315562e-9	0.047313731964330086	0.032890950351735865	122150.36725414975	86476.32133282667
1.3938912e7	7.053178645205948	0.25254040447794446	-5.9206634136657746e-8	-3.3841035684591436e-9	0.04735636138716619	0.03291392757859376	122756.5027813963	86897.64424422393
1.4001984e7	7.049441447697626	0.2523268219305724	-5.9299188367494794e-8	-3.3885575051222206e-9	0.04739910446921048	0.032936954751361366	123363.18496023372	87319.26172044166
1.4065056e7	7.045698401333843	0.2521129579794279	-5.939207229801475e-8	-3.3930257020459362e-9	0.047441961752257386	0.032960032073429596	123970.41525676237	87741.17440514549
1.4128128e7	7.041949485261322	0.25189881172265777	-5.9485287788549334e-8	-3.397508234337634e-9	0.047484933780505494	0.03298315974871806	124578.1951370826	88163.382942001
1.41912e7	7.038194678626785	0.25168438225840883	-5.957883671090396e-8	-3.402005177492628e-9	0.047528021100610406	0.03300633798167179	125186.52606729475	88585.88797467385
1.4254272e7	7.034433960576957	0.2514696686848279	-5.967272094843966e-8	-3.4065166073946813e-9	0.04757122426165664	0.033029566977269054	125795.40951349918	89008.69014682963
1.4317344e7	7.030667310258559	0.2512546701000617	-5.976694239621228e-8	-3.411042600329609e-9	0.04761454381516321	0.03305284694102376	126404.84694179623	89431.79010213395
1.4380416e7	7.0268947068183145	0.2510393856022571	-5.986150296092685e-8	-3.4155832329582415e-9	0.047657980315251515	0.03307617807896862	127014.83981828626	89855.18848425243
1.4443488e7	7.023116129402948	0.25082381428956085	-5.995640456119377e-8	-3.420138582354551e-9	0.04770153431847363	0.033099560597680065	127625.3896090696	90278.8859368507
1.450656e7	7.01933155710484	0.25060795525804347	-6.005164912888285e-8	-3.424708726065999e-9	0.04774520638443532	0.03312299470459489	128236.49778309102	90702.8831045164
1.4569632e7	7.0155409680708845	0.2503918075664448	-6.014723863155349e-8	-3.4292937433908354e-9	0.047788997085791735	0.03314648061320725	128848.16586270013	91127.18065081457
1.4632704e7	7.0117443397642925	0.2501753702452884	-6.024317506623207e-8	-3.4338937150002553e-9	0.047832907005423315	0.033170018541589553	129460.39541283884	91551.77925601257
1.4695776e7	7.0079416496478375	0.24995864232490014	-6.033946044252789e-8	-3.4385087219908906e-9	0.04787693672882407	0.03319360870839843	130073.18799906074	91976.67960082648
1.4758848e7	7.004132875184292	0.24974162283560572	-6.043609678269769e-8	-3.4431388458836926e-9	0.04792108684419869	0.03321725133285894	130686.54518691938	92401.8823659724
1.482192e7	7.000317993836431	0.24952431080773096	-6.053308612176517e-8	-3.4477841686314123e-9	0.04796535794242609	0.03324094663477337	131300.4685419683	92827.38823216643
1.4884992e7	6.996496983067026	0.24930670527160165	-6.063043050760444e-8	-3.452444772617826e-9	0.04800975061711363	0.03326469483451866	131914.95962976106	93253.19788012464
1.4948064e7	6.99266982033885	0.24908880525754357	-6.072813200105877e-8	-3.457120740663424e-9	0.04805426546455759	0.03328849615305522	132530.02001585122	93679.31199056315
1.5011136e7	6.988836483114678	0.2488706097958825	-6.082619267603294e-8	-3.4618121560267146e-9	0.0480989030838253	0.03331235081192099	133145.65126579234	94105.731244198
1.5074208e7	6.984996948857282	0.24865211791694422	-6.092461461960256e-8	-3.466519102407994e-9	0.04814366407674224	0.033336259033237434	133761.854945138	94532.45632174534
1.513728e7	6.981151195029436	0.24843332865105455	-6.102339993211813e-8	-3.4712416639518563e-9	0.048188549047909056	0.03336022103971087	134378.63261944175	94959.48790392121
1.5200352e7	6.9772991990939115	0.24821424102853926	-6.112255072731158e-8	-3.475979925250757e-9	0.048233558604722226	0.033384237054634766	134995.9858542571	95386.82667144174
1.5263424e7	6.973440938513484	0.2479948540797241	-6.122206913240445e-8	-3.480733971347846e-9	0.0482786933573956	0.033408307301891156	135613.9162151377	95814.47330502298
1.5326496e7	6.969576390750926	0.2477751668349349	-6.132195728821409e-8	-3.4855038877397825e-9	0.04832395391898076	0.03343243200595167	136232.425267637	96242.42848538107
1.5389568e7	6.965705532971329	0.24755517831302556	-6.142221735691542e-8	-3.490289760817101e-9	0.0483693409087204	0.033456611393631826	136851.51459321007	96670.69289852401
1.545264e7	6.961828341030251	0.2473348874808026	-6.152285154830815e-8	-3.4950916793385113e-9	0.04841485496348954	0.03348084570008593	137471.1858483795	97099.26725756474
1.5515712e7	6.9579447905109895	0.2471142932933184	-6.162386209351541e-8	-3.4999097329265592e-9	0.04846049672625403	0.033505135162720925	138091.44070829375	97528.15228350891
1.5578784e7	6.95405485700091	0.246893394705767	-6.172525123801359e-8	-3.504744011683146e-9	0.048506266842942465	0.03352948001955307	138712.28084793309	97957.34869732641
1.5641856e7	6.950158516087377	0.2466721906733423	-6.182702124185293e-8	-3.5095946061980965e-9	0.04855216596252502	0.03355388050923163	139333.70794227772	98386.85721998716
1.5704928e7	6.946255743357755	0.24645068015123836	-6.192917437977815e-8	-3.5144616075534907e-9	0.04859819473703472	0.033578336871041566	139955.7236663078	98816.67857246107
1.5768e7	6.942346514399407	0.24622886209464906	-6.20317129413491e-8	-3.5193451073264346e-9	0.04864435382158226	0.03360284934490576	140578.3296950036	99246.81347571804
1.5831072e7	6.938430804799699	0.24600673545876842	-6.21346392310612e-8	-3.5242451975928343e-9	0.048690643874377944	0.0336274181713868	141201.52770334535	99677.26265072801
1.5894144e7	6.934508590145996	0.2457842991987904	-6.223795556846957e-8	-3.5291619709308703e-9	0.04873706555675127	0.03365204359168984	141825.3193663132	100108.02681846087
1.5957216e7	6.930579846025661	0.245561552269909	-6.234166428831145e-8	-3.5340955204241074e-9	0.04878361953317741	0.03367672584766384	142449.70635888743	100539.10669988654
1.6020288e7	6.926644548026059	0.24533849362731813	-6.244576774063264e-8	-3.5390459396659156e-9	0.04883030647130027	0.03370146518180283	143074.6903560482	100970.50301597493
1.608336e7	6.9227026717345534	0.24511512222621185	-6.255026829091383e-8	-3.5440133227622753e-9	0.048877127041938626	0.033726261837250984	143700.2730327758	101402.21648769596
1.6146432e7	6.91875419273851	0.24489143702178404	-6.26551683201985e-8	-3.5489977643354447e-9	0.04892408191912121	0.03375111605780202	144326.45606405038	101834.24783601954
1.6209504e7	6.9147990866134315	0.24466743696878834	-6.276047022553348e-8	-3.5539993595462463e-9	0.0489711717802452	0.033776028087971345	144953.241125432	102266.59778208635
1.6272576e7	6.910837328059299	0.2444431209881012	-6.286617644297866e-8	-3.5590182053939255e-9	0.04901839731595467	0.033800998178137115	145580.62993969343	102699.2670629359
1.6335648e7	6.906868890606467	0.2442184879534582	-6.297228945582283e-8	-3.564054401149171e-9	0.049065759233651	0.033826026586349145	146208.62429874283	103132.256441369
1.639872e7	6.902893747746963	0.2439935367365687	-6.307881176494714e-8	-3.569108046686545e-9	0.04911325824460772	0.033851113571592456	146837.22599830342	103565.56668218612
1.6461792e7	6.89891187297281	0.24376826620914205	-6.318574588794679e-8	-3.574179242437463e-9	0.049160895063544215	0.033876259393551794	147466.43683409828	103999.19855018781
1.6524864e7	6.894923239776033	0.24354267524288756	-6.32930943592729e-8	-3.5792680893945776e-9	0.049208670408646835	0.03390146431261298	148096.25860185066	104433.15281017452
1.6587936e7	6.89092782164866	0.24331676270951458	-6.340085973037488e-8	-3.584374689115812e-9	0.04925658500159547	0.03392672858986638	148726.69309728366	104867.43022694679
1.6651008e7	6.886925592082712	0.24309052748073245	-6.350904456984363e-8	-3.5894991437283313e-9	0.04930463956758313	0.033952052487108336	149357.74211612044	105302.0315653051
1.671408e7	6.882916524570218	0.24286396842825053	-6.361765146355609e-8	-3.5946415559326808e-9	0.04935283483534987	0.03397743626684305	149989.40745408423	105736.95759004995
1.6777152e7	6.878900592603201	0.24263708442377815	-6.372668301482322e-8	-3.5998020290068457e-9	0.04940117153719521	0.03400288019228628	150621.69090689812	106172.20906598185
1.6840224e7	6.874877769673686	0.24240987433902467	-6.383614184453712e-8	-3.6049806668106467e-9	0.04944965040901178	0.03402838452736631	151254.59427028534	106607.78675790131
1.6903296e7	6.8708480292736995	0.2421823370456994	-6.394603059132184e-8	-3.610177573789852e-9	0.04949827219030759	0.034053949536726955	151888.119339969	107043.6914306088
1.6966368e7	6.8668113448952655	0.24195447141551168	-6.40563519116814e-8	-3.6153928549801967e-9	0.049547037624231106	0.03407957548572912	152522.26791167227	107479.92384890486
1.702944e7	6.8627676900304095	0.24172627632017088	-6.4167108480157e-8	-3.6206266160118574e-9	0.04959594745759806	0.03410526264045349	153157.04178111834	107916.48477758995
1.7092512e7	6.858717038004932	0.2414977506251141	-6.427830299400644e-8	-3.625878963371555e-9	0.04964500244284158	0.0341310112686987	153792.4427524829	108353.37498410317
1.7155584e7	6.854659360603475	0.24126889313577482	-6.438993821098533e-8	-3.6311500065185863e-9	0.04969420335406621	0.03415682164826415	154428.4727142355	108790.59526475464
1.7218656e7	6.8505946289522415	0.24103970263029054	-6.450201692582547e-8	-3.6364398565299353e-9	0.0497435509769519	0.03418269406170581	155065.13359617436	109228.14643214202
1.7281728e7	6.846522814194262	0.2408101778873056	-6.461454195205066e-8	-3.6417486250925716e-9	0.04979304610090782	0.034208628792254336	155702.42732765232	109666.02929890105
1.73448e7	6.842443887472563	0.2405803176854643	-6.472751612259878e-8	-3.6470764245364164e-9	0.04984268951928612	0.03423462612391715	156340.35583802217	110104.24467766748
1.7407872e7	6.838357819930177	0.24035012080341098	-6.484094228999029e-8	-3.652423367839182e-9	0.04989248202941655	0.0342606863414792	156978.92105663684	110542.79338107703
1.7470944e7	6.834264582710132	0.24011958601978997	-6.495482332650126e-8	-3.6577895686307592e-9	0.0499424244326302	0.034286809730506726	157618.1249128491	110981.67622176546
1.7534016e7	6.830164146955457	0.23988871211324556	-6.506916212433217e-8	-3.6631751411985355e-9	0.04999251753429366	0.034312996577348515	158257.96933601185	111420.89401236849
1.7597088e7	6.826056483809182	0.2396574978624221	-6.518396159578582e-8	-3.6685802004917467e-9	0.05004276214382956	0.034339247169139886	158898.45625547788	111860.44756552188
1.766016e7	6.821941564414336	0.2394259420459639	-6.529922467344127e-8	-3.6740048621268833e-9	0.05009315907475534	0.03436556179380365	159539.5876006001	112300.33769386137
1.7723232e7	6.817819359913949	0.2391940434425153	-6.541495431033234e-8	-3.679449242392578e-9	0.050143709144704715	0.03439194074005351	160181.3653007313	112740.56521002266
1.7786304e7	6.81368984145105	0.23896180083072058	-6.553115348012679e-8	-3.6849134582544727e-9	0.05019441317546185	0.03441838429739626	160823.79128522435	113181.13092664153
1.7849376e7	6.809552980168669	0.23872921298922412	-6.564782517730911e-8	-3.6903976273602425e-9	0.05024527199298884	0.03444489275613403	161466.86748343206	113622.03565635372
1.7912448e7	6.805408747209834	0.2384962786966702	-6.576497241736214e-8	-3.69590186804517e-9	0.05029628642745851	0.034471466407367014	162110.59582470733	114063.28021179493
1.797552e7	6.801257113033305	0.23826299670576012	-6.588259825620941e-8	-3.7014263004228975e-9	0.05034745732137248	0.03449810554714188	162754.97827360034	114504.865416766
1.8038592e7	6.797098046295779	0.23802936569836472	-6.600070582217938e-8	-3.7069710481446173e-9	0.05039878554295417	0.034524810483299244	163400.01689534183	114946.792130393
1.8101664e7	6.792931515497054	0.23779538434901443	-6.611929827027372e-8	-3.7125362358239475e-9	0.05045027196678973	0.034551581525513145	164045.7137676653	115389.06121764837
1.8164736e7	6.78875748913731	0.2375610513322533	-6.623837877794166e-8	-3.718121988813387e-9	0.05050191747197417	0.03457841898431398	164692.07096828724	115831.67354350028
1.8227808e7	6.7845759357167275	0.23732636532262535	-6.635795054529406e-8	-3.723728433210547e-9	0.050553722942140354	0.03460532317109548	165339.09057492422	116274.62997291694
1.829088e7	6.780386823735485	0.23709132499467464	-6.647801679530582e-8	-3.729355695864067e-9	0.05060568926549976	0.03463229439811546	165986.7746652928	116717.93137086654
1.8353952e7	6.776190121693765	0.23685592902294514	-6.65985807740227e-8	-3.735003904379155e-9	0.05065781733487337	0.0346593329784994	166635.1253171095	117161.57860231727
1.8417024e7	6.771985798091745	0.2366201760819809	-6.671964575077071e-8	-3.740673187123236e-9	0.05071010804772323	0.0346864392262432	167284.1446080908	117605.57253223732
1.8480096e7	6.767773821429606	0.23638406484632596	-6.684121501836323e-8	-3.746363673232416e-9	0.050762562306192936	0.03471361345621508	167933.83461595332	118049.91402559489
1.8543168e7	6.763554160207527	0.23614759399052437	-6.696329189331792e-8	-3.7520754926168335e-9	0.050815181017136266	0.03474085598415942	168584.19741841356	118494.60394735816
1.860624e7	6.759326782925689	0.23591076218912013	-6.708587971606853e-8	-3.75780877596663e-9	0.05086796509215413	0.034768167126698335	169235.23509318806	118939.64316249533
1.8669312e7	6.755091658084272	0.23567356811665727	-6.72089818511835e-8	-3.763563654758451e-9	0.05092091544763392	0.03479554720133457	169886.94971799338	119385.03253597458
1.8732384e7	6.750848754183455	0.23543601044767984	-6.733260168758572e-8	-3.7693402612611035e-9	0.05097403300477929	0.034822996526454354	170539.34337054603	119830.77293276411
1.8795456e7	6.746598039658402	0.23519808785433952	-6.745674264065939e-8	-3.775138728648715e-9	0.05102731869042925	0.03485051542172674	171192.41813167752	120276.86521872383
1.8858528e7	6.742339481315837	0.23495979894674623	-6.758140819797659e-8	-3.780959193551601e-9	0.05108077345596557	0.03487810421769664	171846.17616695364	120723.31028701019
1.89216e7	6.73807304464993	0.23472114228230082	-6.770660191091656e-8	-3.7868017955335745e-9	0.05113439827374794	0.03490576325394306	172500.6197187918	121170.1090591026
1.8984672e7	6.73379869517596	0.2344821164186774	-6.783232735635785e-8	-3.792666674970941e-9	0.05118819412107076	0.03493349287087969	173155.75103019137	121617.26245736852
1.9047744e7	6.729516398409205	0.2342427199135501	-6.795858813752258e-8	-3.798553973101545e-9	0.05124216198044135	0.03496129340987735	173811.57234415173	122064.77140417535
1.9110816e7	6.725226119864943	0.23400295132459314	-6.808538788422429e-8	-3.804463832030893e-9	0.0512963028396189	0.03498916521326653	174468.08590367236	122512.6368218905
1.9173888e7	6.720927825058454	0.23376280920948062	-6.821273025311219e-8	-3.8103963947398564e-9	0.05135061769165366	0.03501710862434061	175125.29395175257	122960.85963288139
1.923696e7	6.716621479505016	0.2335222921258867	-6.834061892792356e-8	-3.816351805091052e-9	0.05140510753493192	0.03504512398735806	175783.19873139184	123409.44075951542
1.9300032e7	6.712307048719908	0.2332813986314856	-6.846905761973638e-8	-3.822330207835917e-9	0.051459773373209304	0.03507321164754623	176441.80248558952	123858.38112416003
1.9363104e7	6.707984498218408	0.23304012728395135	-6.859805006722527e-8	-3.828331748621932e-9	0.0515146162156595	0.03510137195110311	177101.10745734503	124307.68164918263
1.9426176e7	6.703653793515793	0.23279847664095818	-6.872760003691945e-8	-3.834356573999811e-9	0.051569637076910486	0.03512960524520091	177761.11588965778	124757.34325695063
1.9489248e7	6.699314900127344	0.2325564452601802	-6.88577113234652e-8	-3.840404831430423e-9	0.05162483697708895	0.03515791187798869	178421.83002552716	125207.36686983143
1.955232e7	6.694967783568338	0.23231403169929163	-6.898838774988917e-8	-3.8464766692924905e-9	0.05168021694186105	0.035186292198595	179083.2521079526	125657.75341019247
1.9615392e7	6.690612409354055	0.23207123451596653	-6.911963316786765e-8	-3.852572236889405e-9	0.05173577800247788	0.03521474655713058	179745.38437993344	126108.50380040116
1.9678464e7	6.686248742545066	0.23182805225099543	-6.925145147164427e-8	-3.858691685223001e-9	0.05179152120139425	0.035243275307501376	180408.22910674717	126559.61896943019
1.9741536e7	6.681876745769159	0.23158448335184603	-6.938384665803411e-8	-3.864835170301465e-9	0.0518474476167423	0.035271878819716475	181071.78868226867	127011.0998885172
1.9804608e7	6.677496381133991	0.2313405262437128	-6.951682276991832e-8	-3.871002849953857e-9	0.051903558339065334	0.035300557468112385	181736.06553516458	127462.94754330904
1.986768e7	6.673107610769758	0.23109617935255153	-6.965038388028465e-8	-3.877194882970534e-9	0.0519598544646389	0.03532931162795221	182401.0620932348	127915.1629193002
1.9930752e7	6.668710396806662	0.23085144110431813	-6.978453409319809e-8	-3.883411429149879e-9	0.052016337095796165	0.03535814167556576	183066.78078427922	128367.74700198515
1.9993824e7	6.664304701374899	0.2306063099249685	-6.991927754409816e-8	-3.889652649307442e-9	0.05207300734097223	0.03538704798835353	183733.22403609773	128820.70077685834
2.0056896e7	6.659890486604669	0.23036078424045847	-7.005461840010387e-8	-3.895918705283587e-9	0.05212986631475647	0.03541603094478848	184400.39427649023	129274.02522941427
2.0119968e7	6.6554677146261705	0.23011486247674393	-7.019056086031844e-8	-3.902209759952108e-9	0.052186915137937016	0.03544509092442021	185068.2939332566	129727.72134514741
2.018304e7	6.651036347569603	0.22986854305978072	-7.032710915613905e-8	-3.908525977228923e-9	0.05224415493755398	0.03547422830787713	185736.9254341967	130181.79010955222
2.0246112e7	6.646596347565165	0.22962182441552476	-7.046426755157138e-8	-3.914867522080304e-9	0.05230158684694277	0.03550344347687008	186406.29120711045	130636.2325081232
2.0309184e7	6.642147676743055	0.22937470496993187	-7.060204034354509e-8	-3.921234560531848e-9	0.05235921200579189	0.03553273681419477	187076.39367979774	131091.0495263548
2.0372256e7	6.637690297233472	0.22912718314895797	-7.074043186223438e-8	-3.927627259677143e-9	0.05241703156018747	0.03556210870373484	187747.23528005843	131546.2421497415
2.0435328e7	6.633224171166615	0.2288792573785589	-7.087944647138233e-8	-3.934045787686663e-9	0.05247504666266641	0.03559155953046475	188418.81843569243	132001.81136377776
2.04984e7	6.62874926066565	0.22863092608443955	-7.101908856884845e-8	-3.940490313828603e-9	0.05253325847235691	0.03562108968049648	189091.1455748128	132457.75815403726
2.0561472e7	6.624265526334288	0.22838218763573678	-7.115936263398015e-8	-3.946961011097016e-9	0.052591668173986174	0.035650699550544396	189764.2192004791	132914.08352854903
2.0624544e7	6.619772926463652	0.22813304031145482	-7.130027325334208e-8	-3.95345805756024e-9	0.05265027698815149	0.03568038955301336	190438.04194241468	133370.7885387557
2.0687616e7	6.615271419328148	0.22788348238847653	-7.144182505018985e-8	-3.9599816324597934e-9	0.05270908614266066	0.03571016010162565	191112.61643584474	133827.8742397768
2.0750688e7	6.610760963202182	0.2276335121436848	-7.158402268429535e-8	-3.9665319162143445e-9	0.052768096872336336	0.03574001161129319	191787.94531599435	134285.34168673193
2.081376e7	6.60624151636016	0.22738312785396247	-7.172687085231e-8	-3.973109090430291e-9	0.052827310419076776	0.035769944498118864	192464.03121808864	134743.19193474058
2.0876832e7	6.601713037076488	0.2271323277961924	-7.187037428813226e-8	-3.979713337911642e-9	0.05288672803191196	0.03579995917940014	193140.87677735277	135201.4260389223
2.0939904e7	6.597175483625572	0.2268811102472575	-7.201453776328349e-8	-3.986344842669924e-9	0.052946350967060726	0.035830056073632655	193818.48462901177	135660.04505439667
2.1002976e7	6.592628814281818	0.22662947348404058	-7.215936608728168e-8	-3.99300378993508e-9	0.05300618048799132	0.035860235600513254	194496.85740829085	136119.0500362832
2.1066048e7	6.588072987319633	0.22637741578342455	-7.230486410802646e-8	-3.99969036616508e-9	0.05306621786548072	0.03589049818094258	195175.9977504151	136578.44203970145
2.112912e7	6.583507961013422	0.22612493542229223	-7.24510367121837e-8	-4.006404759057107e-9	0.053126464377671836	0.03592084423702851	195855.9082906096	137038.22211977094
2.1192192e7	6.578933693637592	0.2258720306775265	-7.259788882557729e-8	-4.013147157557673e-9	0.053186921310140606	0.0359512741920888	196536.59166409954	137498.39133161126
2.1255264e7	6.574350143466548	0.22561869982601027	-7.274542541358456e-8	-4.019917751873568e-9	0.05324758995595	0.035981788470654384	197218.05050610998	137958.95073034192
2.1318336e7	6.569757268774697	0.22536494114462638	-7.289365148153604e-8	-4.026716733482728e-9	0.05330847161571603	0.03601238749847201	197900.28745186608	138419.90137108247
2.1381408e7	6.565155027590481	0.22511075290134183	-7.304257208303534e-8	-4.033544295586344e-9	0.053369567600810124	0.03604307170405905	198583.30514798427	138881.24431204854
2.144448e7	6.560543375007284	0.22485613325422485	-7.319219240725673e-8	-4.040400637905721e-9	0.053430879267926897	0.0360738415357588	199267.10638785755	139342.98065631793
2.1507552e7	6.5559222648076005	0.2246010803082346	-7.334251772812974e-8	-4.0472859637865985e-9	0.05349240799870583	0.0361046974516006	199951.69404287857	139805.1115360899
2.1570624e7	6.551291650853153	0.22434559217078487	-7.349355336020137e-8	-4.054200477808178e-9	0.053554155181960356	0.03613563991044817	200637.0709820609	140267.6380835082
2.1633696e7	6.5466514870056605	0.22408966694928947	-7.364530466161796e-8	-4.061144385944391e-9	0.05361612221474408	0.03616666937249446	201323.24007441805	140730.5614307166
2.1696768e7	6.542001727126846	0.2238333027511622	-7.37977770345779e-8	-4.068117895576058e-9	0.053678310502421674	0.03619778629926401	202010.20418896354	141193.88270985876
2.175984e7	6.537342325078429	0.22357649768381685	-7.395097592578904e-8	-4.07512121550329e-9	0.05374072145873775	0.03622899115361726	202697.9661947109	141657.60305307843
2.1822912e7	6.532673234722131	0.2233192498546672	-7.41049068269319e-8	-4.082154555957845e-9	0.053803356505889965	0.036260284399753206	203386.5289606737	142121.72359251938
2.1885984e7	6.527994409919673	0.22306155737112704	-7.425957527512739e-8	-4.089218128616283e-9	0.05386621707459821	0.03629166650321189	204075.89535586542	142586.2454603253
2.1949056e7	6.523305804532776	0.22280341834061018	-7.44149868534137e-8	-4.096312146612065e-9	0.05392930460417951	0.03632313793087847	204766.0682492996	143051.16978863993
2.2012128e7	6.518607372423162	0.22254483087053042	-7.457114719122465e-8	-4.103436824548984e-9	0.05399262054262116	0.0363546991509857	205457.0505099898	143516.497709607
2.20752e7	6.5138990674525505	0.22228579306830154	-7.472806196487748e-8	-4.110592378513878e-9	0.05405616634665344	0.036386350633116106	206148.84500694947	143982.23035537027
2.2138272e7	6.509180843482663	0.22202630304133736	-7.488573689806516e-8	-4.117779026090145e-9	0.05411994348182534	0.03641809284820631	206841.45460919224	144448.36885807343
2.2201344e7	6.504452654375221	0.22176635889705165	-7.504417776235447e-8	-4.124996986370837e-9	0.054183953422580824	0.036449926268548434	207534.88218573158	144914.91434986025
2.2264416e7	6.499714452808304	0.2215059586997695	-7.520339041725503e-8	-4.132246482159789e-9	0.05424819766779796	0.036481851375358205	208229.13066101927	145381.86797824388
2.2327488e7	6.494966187760245	0.22124510037400935	-7.536338089567448e-8	-4.139527744583265e-9	0.05431267777406575	0.036513868675001934	208924.20314846392	145849.23095016126
2.239056e7	6.490207808004441	0.22098378183316789	-7.55241552886973e-8	-4.146841006715044e-9	0.05437739531031201	0.03654597867670356	209620.10278227404	146317.00448334607
2.2453632e7	6.485439262326958	0.22072200099107728	-7.56857197388508e-8	-4.1541865032529145e-9	0.054442351854952976	0.03657818189109096	210316.83269614316	146785.1897954245
2.2516704e7	6.480660499513862	0.22045975576156973	-7.584808044108672e-8	-4.161564470557191e-9	0.054507548996143726	0.03661047883027944	211014.39602376483	147253.78810402274
2.2579776e7	6.475871468351217	0.22019704405847743	-7.601124364334685e-8	-4.168975146665822e-9	0.0545729883318639	0.03664287000787465	211712.79589883256	147722.80062676693
2.2642848e7	6.471072117625091	0.2199338637956326	-7.617521564713562e-8	-4.1764187713098674e-9	0.05463867147000215	0.03667535593897576	212412.03545503988	148192.22858128327
2.270592e7	6.46626239612155	0.21967021288686742	-7.63400028080997e-8	-4.183895585929064e-9	0.054704600028445544	0.03670793714017799	213112.11782608033	148662.07318519792
2.2768992e7	6.461442252626659	0.21940608924601412	-7.6505611536616e-8	-4.191405833687695e-9	0.05477077563516639	0.036740614129576625	213813.04614564741	149132.3356561371
2.2832064e7	6.456611635926484	0.2191414907869049	-7.667204829838762e-8	-4.198949759489805e-9	0.05483719992831378	0.03677338742676802	214514.82354743473	149603.0172117269
2.2895136e7	6.451770494807091	0.21887641542337194	-7.683931961504585e-8	-4.206527609995897e-9	0.05490387455630077	0.03680625755285402	215217.45316513575	150074.11906959358
2.2958208e7	6.446918778054546	0.21861086106924746	-7.70074320647605e-8	-4.214139633638971e-9	0.05497080117789826	0.0368392250304432	215920.93813244402	150545.64244736327
2.302128e7	6.442056434454915	0.21834482563836366	-7.717639228286059e-8	-4.221786080640461e-9	0.05503798146232547	0.03687229038365453	216625.28158305306	151017.58856266213
2.3084352e7	6.437183412714874	0.21807830704175427	-7.734620696521022e-8	-4.229467203180327e-9	0.05510541709040162	0.03690545413863053	217330.48665410146	151489.95863395088
2.3147424e7	6.432299658330749	0.2178113030733022	-7.751688297778177e-8	-4.237183261381441e-9	0.055173109796550095	0.03693871684381538	218036.5566340846	151962.75392213668
2.3210496e7	6.427405114045511	0.21754381141992107	-7.768842734305672e-8	-4.244934522408318e-9	0.055241061363314053	0.03697207906721271	218743.4949609308	152435.9757387031
2.3273568e7	6.422499722774993	0.2172758297731736	-7.786084713967232e-8	-4.25272125502661e-9	0.055309273582353165	0.037005541377399774	219451.30506943012	152909.62539646786
2.333664e7	6.417583427435027	0.21700735582462247	-7.80341495090746e-8	-4.260543729979103e-9	0.055377748256806233	0.037039104344615215	220159.99039437255	153383.7042082487
2.3399712e7	6.412656170941444	0.21673838726583042	-7.820834165622303e-8	-4.26840222000462e-9	0.0554464872013997	0.03707276854076306	220869.55437054814	153858.21348686327
2.3462784e7	6.407717896210078	0.21646892178836016	-7.838343085030455e-8	-4.27629699985703e-9	0.05551549224254771	0.03710653453941489	221580.00043274695	154333.15454512928
2.3525856e7	6.402768546156757	0.2161989570837744	-7.85594244254589e-8	-4.284228346324019e-9	0.055584765218465206	0.037140402915812415	222291.33201575893	154808.52869586443
2.3588928e7	6.397808063697317	0.21592849084363586	-7.873632978150959e-8	-4.292196538247323e-9	0.055654307979271615	0.037174374246869875	223003.5525543742	155284.33725188646
2.3652e7	6.392836391747587	0.21565752075950723	-7.891415438471149e-8	-4.3002018565411105e-9	0.055724122387103586	0.037208449111176774	223716.66548338273	155760.58152601303
2.3715072e7	6.387853473223401	0.21538604452295124	-7.909290576849933e-8	-4.30824458421326e-9	0.055794210316223385	0.03724262808899954	224430.6742375746	156237.26283106187
2.3778144e7	6.382859251040589	0.21511405982553064	-7.927259153425462e-8	-4.316325006384475e-9	0.05586457365313246	0.03727691176228382	225145.58225173978	156714.38247985067
2.3841216e7	6.377853668114984	0.21484156435880808	-7.945321935207988e-8	-4.324443410308563e-9	0.05593521429668331	0.03731130071465706	225861.39296066834	157191.94178519712
2.3904288e7	6.372836667362417	0.21456855581434633	-7.963479696158083e-8	-4.3326000853934195e-9	0.056006134158195414	0.037345795531429	226578.10979915032	157669.94205991892
2.396736e7	6.367808190668515	0.2142950318464363	-7.98173322098929e-8	-4.340795325252154e-9	0.05607733517566714	0.0373803968063397	227295.73624951052	158148.38462971634
2.4030432e7	6.362768174263849	0.2140209899007627	-8.000083322073351e-8	-4.349029436812103e-9	0.056148819377525104	0.03741510517197572	228014.2760672423	158627.27089980332
2.4093504e7	6.357716554367206	0.21374642741773572	-8.018530819317095e-8	-4.357302729276119e-9	0.05622058880596826	0.037449921262943414	228733.73302317035	159106.60228617257
2.4156576e7	6.3526532674061365	0.21347134184511052	-8.03707653944066e-8	-4.365615513793868e-9	0.05629264551393841	0.03748484571433739	229454.11087912036	159586.38020266144
2.4219648e7	6.347578249808186	0.21319573063064234	-8.055721316817894e-8	-4.373968103899384e-9	0.05636499156809598	0.03751987916310397	230175.41339691795	160066.60606310747
2.428272e7	6.342491438000905	0.21291959122208642	-8.074465993565851e-8	-4.38236081553509e-9	0.0564376290489475	0.03755502224804401	230897.64433838872	160547.28128134803
2.4345792e7	6.337392768411839	0.21264292106719798	-8.093311419635855e-8	-4.390793967074993e-9	0.05651056005098121	0.03759027560981381	231620.80746535838	161028.40727122058
2.4408864e7	6.33228217746854	0.21236571761373224	-8.11225845290555e-8	-4.3992678793493454e-9	0.05658378668279754	0.037625639890927105	232344.90653965247	161509.98544656258
2.4471936e7	6.327159601598552	0.21208797830944448	-8.13130795927254e-8	-4.4077828756686295e-9	0.05665731106724527	0.03766111573575678	233069.9453230967	161992.01722121143
2.4535008e7	6.322024977229427	0.21180970060208984	-8.150460812748802e-8	-4.41633928184879e-9	0.05673113534155945	0.03769670379053546	233795.92757751665	162474.5040090046
2.459808e7	6.316878240788711	0.21153088193942363	-8.169717895557373e-8	-4.424937426235199e-9	0.05680526165749638	0.03773240470335724	234522.857064738	162957.4472237795
2.4661152e7	6.311719328703953	0.21125151976920103	-8.189080098229252e-8	-4.4335776397290435e-9	0.05687969218147622	0.0377682191241779	235250.73754658634	163440.8482793736
2.4724224e7	6.306548177184434	0.21097161153160834	-8.208548320520611e-8	-4.4422602562614235e-9	0.05695442909776733	0.03780414770625594	235979.57279417233	163924.7085918027
2.4787296e7	6.301364718089033	0.21069115451013543	-8.228123487066975e-8	-4.450985621240504e-9	0.05702947466655496	0.03784019113354393	236709.36677932861	164409.02963160502
2.4850368e7	6.296168880509039	0.21041014588075696	-8.247806541780337e-8	-4.459754088301522e-9	0.057104831202651245	0.0378763501104721	237440.1236225883	164893.8129189024
2.491344e7	6.2909605936852975	0.21012858282341143	-8.267598437072345e-8	-4.4685660135535735e-9	0.05718050103481969	0.03791262534255572	238171.8474414025	165379.05997465024
2.4976512e7	6.285739786858655	0.2098464625180373	-8.287500134521763e-8	-4.4774217559391235e-9	0.05725648650798337	0.03794901753735763	238904.54235322223	165864.77231980395
2.5039584e7	6.280506389269958	0.20956378214457302	-8.307512604986242e-8	-4.486321677262938e-9	0.05733278998338262	0.03798552740449036	239638.2124754986	166350.95147531893
2.5102656e7	6.275260330160053	0.20928053888295708	-8.327636828715461e-8	-4.495266142221967e-9	0.05740941383873878	0.038022155655615425	240372.8619256827	166837.59896215057
2.5165728e7	6.270001538769787	0.20899672991312793	-8.347873795466341e-8	-4.504255518434557e-9	0.05748636046841643	0.03805890300444438	241108.49482122555	167324.71630125426
2.52288e7	6.2647299443400035	0.20871235241502403	-8.368224504619519e-8	-4.513290176471178e-9	0.057563632283588184	0.03809577016673897	241845.11527957825	167812.3050135854
2.5291872e7	6.259445476111551	0.20842740356858389	-8.388689965297816e-8	-4.522370489884297e-9	0.05764123171240423	0.038132757860310375	242582.72741819185	168300.3666200994
2.5354944e7	6.2541480633252755	0.2081418805537459	-8.409271196486388e-8	-4.53149683523941e-9	0.057719161200158485	0.038169866805019714	243321.33535451745	168788.9026417517
2.5418016e7	6.248837635222022	0.20785578055044857	-8.4299692271544e-8	-4.54066959214668e-9	0.05779742320946263	0.038207097722776376	244060.94320600608	169277.91459949763
2.5481088e7	6.243514121028971	0.20756910073816065	-8.450785096432138e-8	-4.549889143320794e-9	0.05787602022061388	0.03824445133762897	244801.5550906564	169767.404014405
2.554416e7	6.238177447035166	0.20728183819086274	-8.471719865166474e-8	-4.55915588076498e-9	0.057954954773682656	0.03828192839536197	245543.17525896116	170257.37244217572
2.5607232e7	6.232827534522322	0.20699398979602207	-8.492774624357582e-8	-4.568470210108701e-9	0.05803422949899253	0.038319529677592425	246285.80820929038	170747.82151317655
2.5670304e7	6.22746430451281	0.20670555242934874	-8.513950476930596e-8	-4.577832540825394e-9	0.05811384704958236	0.03835725596997547	247029.4584597259	171238.75286651135
2.5733376e7	6.222087678028998	0.20641652296655272	-8.535248536863612e-8	-4.587243285775892e-9	0.05819381009763558	0.038395108060424815	247774.1305283496	171730.16814128403
2.5796448e7	6.2166975760932575	0.20612689828334405	-8.556669929328331e-8	-4.596702861243503e-9	0.05827412133467482	0.03843308673911118	248519.82893324338	172222.0689765985
2.585952e7	6.211293919727956	0.20583667525543273	-8.578215790832378e-8	-4.606211686971054e-9	0.05835478347176203	0.03847119279846143	249266.55819248906	172714.4570115586
2.5922592e7	6.205876629955465	0.20554585075852883	-8.599887269363941e-8	-4.615770186197717e-9	0.05843579923969984	0.03850942703315624	250014.32282416848	173207.33388526828
2.5985664e7	6.2004456277981514	0.20525442166834232	-8.621685524538481e-8	-4.625378785696777e-9	0.058517171389235505	0.03854779024012859	250763.1273463636	173700.70123683137
2.6048736e7	6.195000834278386	0.20496238486058324	-8.643611727747988e-8	-4.6350379158130905e-9	0.05859890269126711	0.03858628321856079	251512.9762771562	174194.56070535176
2.6111808e7	6.189542170418539	0.20466973721096163	-8.66566706231201e-8	-4.644748010502029e-9	0.05868099593705299	0.038624906769881784	252263.8741346282	174688.9139299334
2.617488e7	6.184069557240979	0.2043764755951875	-8.68785272363156e-8	-4.65450950736791e-9	0.058763453938424394	0.03866366169776473	253015.8254368614	175183.7625496801
2.6237952e7	6.178582915768075	0.20408259688897087	-8.710169919344965e-8	-4.6643228477034405e-9	0.05884627952799766	0.038702548808121934	253768.83470193774	175679.10820369583
2.6301024e7	6.173082164795873	0.20378809789041002	-8.732619878539441e-8	-4.674188481412431e-9	0.058929475592008174	0.0387415689241576	254522.9065432637	176174.95255380508
2.6364096e7	6.1675672161059625	0.203492975142715	-8.755203871615881e-8	-4.684106877424165e-9	0.05901304514141675	0.03878072291903527	255278.0459026406	176671.29735309441
2.6427168e7	6.162037981175406	0.20319722517088395	-8.777923183468847e-8	-4.694078509203949e-9	0.05909699121441902	0.03882001167059478	256034.25775548283	177168.14437218718
2.649024e7	6.156494371510613	0.20290084450087706	-8.80077911230254e-8	-4.704103854227361e-9	0.05918131687161276	0.038859436058959876	256791.54707611378	177665.49538152316
2.6553312e7	6.150936298617994	0.2026038296586545	-8.823772969927351e-8	-4.714183394091563e-9	0.05926602519666816	0.038898996966730555	257549.9188388568	178163.3521515422
2.6616384e7	6.145363674003959	0.20230617717017646	-8.846906081940701e-8	-4.724317614560645e-9	0.0593511192965769	0.03893869527897882	258309.3780180352	178661.7164526841
2.6679456e7	6.139776409174918	0.2020078835614031	-8.870179787910373e-8	-4.7345070056126875e-9	0.05943660230190144	0.03897853188324385	259069.92958797238	179160.59005538872
2.6742528e7	6.134174415637281	0.20170894535829462	-8.89359544156138e-8	-4.7447520614857254e-9	0.05952247736702924	0.03901850766952607	259831.57852299162	179659.97473009588
2.68056e7	6.128557604897457	0.2014093590868112	-8.917154410964917e-8	-4.755053280726479e-9	0.059608747670430805	0.03905862353028101	260594.32979741629	180159.87224724537
2.6868672e7	6.122925888461857	0.20110912127291303	-8.940858078731309e-8	-4.765411166237262e-9	0.05969541641491703	0.03909888036041374	261358.18838556972	180660.28437727704
2.6931744e7	6.117279177836891	0.20080822844256024	-8.96470784220501e-8	-4.775826225326419e-9	0.05978248682790766	0.039139279057270465	262123.15926177526	181161.21289063073
2.6994816e7	6.1116173845289685	0.20050667712171308	-8.988705113663622e-8	-4.78629896975668e-9	0.05986996216169406	0.03917982052063181	262889.2474003563	181662.65955774623
2.7057888e7	6.105940418594037	0.20020446378554776	-9.012851326669542e-8	-4.7968299190781146e-9	0.05995784571550223	0.03922050566263636	263656.4578379177	182164.62616398605
2.712096e7	6.100248181020484	0.19990158458534135	-9.037147968802754e-8	-4.8074196178712986e-9	0.06004614095083202	0.039261335460146464	264424.79601896426	182667.11460098813
2.7184032e7	6.0945405722774915	0.1995980356459623	-9.061596546059485e-8	-4.818068616589425e-9	0.0601348513642761	0.03930231089643347	265194.2674340551	183170.12678237003
2.7247104e7	6.088817493193977	0.19929381310447286	-9.086198579340205e-8	-4.82877746979602e-9	0.06022398047441312	0.039343432955012664	265964.8775594616	183673.66461885965
2.7310176e7	6.08307884459886	0.19898891309793523	-9.110955606195854e-8	-4.839546737043981e-9	0.06031353182749363	0.03938470262208673	266736.63187145494	184177.73002118486
2.7373248e7	6.077324527321056	0.1986833317634117	-9.135869181058893e-8	-4.850376982933816e-9	0.060403508997750585	0.03942612088653724	267509.53584630653	184682.3249000736
2.743632e7	6.071554442189484	0.1983770652379645	-9.160940875478242e-8	-4.8612687771714506e-9	0.060493915587711944	0.03946768873991375	268283.5949602877	185187.45116625377
2.7499392e7	6.065768490033062	0.19807010965865585	-9.186172278358192e-8	-4.872222694627263e-9	0.060584755228518646	0.03950940717642383	269058.8146896697	185693.11073045328
2.7562464e7	6.059966571680708	0.19776246116254798	-9.211564996200782e-8	-4.883239315397284e-9	0.060676031580247286	0.03955127719292005	269835.2005107238	186199.30550339998
2.7625536e7	6.054148587961341	0.19745411588670317	-9.237120653352938e-8	-4.894319224862874e-9	0.06076774833223528	0.03959329978888908	270612.7578997213	186706.03739582186
2.7688608e7	6.048314439703876	0.19714506996818362	-9.262840892256928e-8	-4.905463013754068e-9	0.06085990920341341	0.03963547596643719	271391.4923329336	187213.30831844677
2.775168e7	6.042464026693239	0.19683531950873875	-9.288727378311063e-8	-4.9166712806774204e-9	0.06095251795866645	0.03967780673748546	272171.4093288007	187721.12019094586
2.7814752e7	6.036597240043965	0.19652486030572422	-9.314781833992259e-8	-4.927944650035488e-9	0.06104557852698296	0.039720293176694635	272952.5147838577	188229.47502647026
2.7877824e7	6.030713968406905	0.1962136880580013	-9.341006012259573e-8	-4.939283757537473e-9	0.061139094907673185	0.03976293637888991	273734.8147321656	188738.37488545963
2.7940896e7	6.024814100663767	0.19590179847139794	-9.367401685003752e-8	-4.950689244261057e-9	0.06123307112915036	0.03980573744022157	274518.31520057167	189247.8218278301
2.8003968e7	6.018897525696257	0.19558918725174218	-9.393970644348793e-8	-4.962161757287579e-9	0.061327511252821196	0.03984869745972761	275303.022215923	189757.81791349777
2.806704e7	6.012964132386083	0.1952758501048621	-9.420714702944976e-8	-4.973701949773766e-9	0.06142241937347264	0.03989181753931653	276088.9418050669	190268.3652023787
2.8130112e7	6.00701380961495	0.19496178273658565	-9.447635694266774e-8	-4.985310481025482e-9	0.061517799619658926	0.03993509878375062	276876.0799948504	190779.465754389
2.8193184e7	6.001046446264567	0.19464698085274088	-9.474735472915862e-8	-4.996988016572629e-9	0.061613656154098057	0.039978542300627806	277664.4428121208	191291.12162944477
2.8256256e7	5.99506193121664	0.19433144015915582	-9.502015914929752e-8	-5.008735228243685e-9	0.061709993174072275	0.04002214920036186	278454.03628372523	191803.3348874621
2.8319328e7	5.9890601533528764	0.19401515636165848	-9.529478918095604e-8	-5.020552794242171e-9	0.061806814911833756	0.04006592059616267	279244.86643651087	192316.10758835703
2.83824e7	5.983041001554983	0.19369812516607687	-9.557126402269002e-8	-5.032441399225492e-9	0.06190412563501662	0.040109857604014525	280036.9392973249	192829.4417920457
2.8445472e7	5.977004363582876	0.19338034223965328	-9.584960314858524e-8	-5.044401737106057e-9	0.062001929664725695	0.04015396135049907	280830.26093968743	193343.3395690145
2.8508544e7	5.970950117287307	0.1930618029015847	-9.61298267183458e-8	-5.056434532403135e-9	0.06210023151508788	0.040198233034458984	281624.8378683894	193857.80309607091
2.8571616e7	5.96487813796986	0.19274250237294338	-9.641195524848962e-8	-5.068540522626739e-9	0.06219903577910352	0.04024267387580961	282420.67672181275	194372.83459281342
2.8634688e7	5.958788301294455	0.19242243588661065	-9.669600948265359e-8	-5.080720451561257e-9	0.062298347083142705	0.04028728509501334	283217.78412498906	194888.43627660238
2.869776e7	5.952680482925016	0.19210159867546772	-9.698201041185987e-8	-5.092975070248789e-9	0.06239817009309602	0.04033206791557301	284016.1667029498	195404.6103647981
2.8760832e7	5.946554558525465	0.19177998597239587	-9.726997927825834e-8	-5.105305137079922e-9	0.06249850951485371	0.0403770235640069	284815.8310807266	195921.35907476096
2.8823904e7	5.9404104037597225	0.19145759301027643	-9.755993757893563e-8	-5.1177114178856885e-9	0.06259937009479254	0.040422153269819364	285616.78388335084	196438.68462385124
2.8886976e7	5.934247894291714	0.19113441502199058	-9.785190706978984e-8	-5.130194686032503e-9	0.06270075662026882	0.040467458265472704	286419.03173585417	196956.58922942934
2.8950048e7	5.928066905785358	0.19081044724041968	-9.814590976948032e-8	-5.1427557225163294e-9	0.06280267392012097	0.04051293978635562	287222.581263268	197475.07510885558
2.901312e7	5.921867313904579	0.19048568489844492	-9.844196796344652e-8	-5.155395316059378e-9	0.06290512686517616	0.04055859907075159	288027.439090624	197994.1444794903
2.9076192e7	5.9156489932449965	0.19016012319284348	-9.874010425909904e-8	-5.168114265901018e-9	0.06300812038597799	0.04060443736734428	288833.6118854245	198513.7995674238
2.9139264e7	5.909411808974583	0.18983375699106167	-9.90403419926108e-8	-5.180913402799935e-9	0.06311165960878178	0.040650455994464214	289641.10671952716	199034.04269581905
2.9202336e7	5.903155622223837	0.18950658101059412	-9.934270498246748e-8	-5.19379357576813e-9	0.06321574977073774	0.0406966563023301	290449.93086253956	199554.87624607247
2.9265408e7	5.89688029419622	0.1891785899707661	-9.964721733876447e-8	-5.206755642206907e-9	0.06332039615421829	0.040743039643841884	291260.09158292046	200076.30260017148
2.932848e7	5.890585686095189	0.18884977859090285	-9.995390347131187e-8	-5.219800468219125e-9	0.06342560408856006	0.040789607375045216	292071.5961491285	200598.32414010353
2.9391552e7	5.884271659124208	0.18852014159032968	-1.0026278809436037e-7	-5.232928928722355e-9	0.06353137895065482	0.040836360855091486	292884.45182962244	201120.9432478561
2.9454624e7	5.877938074486734	0.18818967368837183	-1.0057389623141518e-7	-5.246141907564632e-9	0.06363772616555377	0.040883301446196035	293698.6658928609	201644.16230541666
2.9517696e7	5.871584793386228	0.1878583696043546	-1.0088725322014206e-7	-5.259440297640482e-9	0.06374465120707754	0.04093043051359499	294514.24560730264	202167.98369477259
2.9580768e7	5.865211677026151	0.18752622405760322	-1.0120288471736336e-7	-5.272825001010895e-9	0.06385215959843661	0.040977749425498096	295331.19824140635	202692.4097979114
2.964384e7	5.858818586609962	0.18719323176744299	-1.0152081670414944e-7	-5.286296929024031e-9	0.06396025691286279	0.04102525955304201	296149.53106363065	203217.44299682052
2.9706912e7	5.852405381548726	0.18685938739329533	-1.0184107558033529e-7	-5.299857007119812e-9	0.0640689488038197	0.04107296228301343	296969.25141258806	203743.08568740272
2.9769984e7	5.845971909609802	0.18652468519114523	-1.0216368866485906e-7	-5.313506200478261e-9	0.06417824116932445	0.041120859088389944	297790.3671188826	204269.3403803991
2.9833056e7	5.839518015149057	0.18618911928739074	-1.0248868379980506e-7	-5.327245492955939e-9	0.06428814001855707	0.04116895146995731	298612.88618615235	204796.20963966797
2.9896128e7	5.833043542633678	0.18585268381163178	-1.0281608918181638e-7	-5.3410758784729065e-9	0.06439865141434079	0.04121724093094277	299436.816614994	205323.69602909018
2.99592e7	5.826548336530854	0.18551537289346834	-1.0314593337352583e-7	-5.354998361456076e-9	0.06450978147568867	0.04126572897774153	300262.1664060043	205851.80211254666
3.0022272e7	5.820032241307771	0.18517718066250038	-1.0347824530958063e-7	-5.369013956982816e-9	0.06462153637854309	0.04131441711985772	301088.9435597799	206380.53045391833
3.0085344e7	5.813495101431619	0.18483810124832792	-1.0381305430278815e-7	-5.383123690925365e-9	0.06473392235652713	0.04136330686984188	301917.15607691754	206909.88361708604
3.0148416e7	5.8069367613695855	0.18449812878055089	-1.0415039005037913e-7	-5.3973286000993105e-9	0.06484694570170757	0.041412399743226275	302746.8119580139	207439.86416593072
3.0211488e7	5.800357065588856	0.18415725738876926	-1.0449028264039808e-7	-5.411629732412698e-9	0.06496061276537086	0.04146169725845732	303577.91920366575	207970.47466433325
3.027456e7	5.7937558585566205	0.183815481202583	-1.0483276255821918e-7	-5.42602814701814e-9	0.06507492995881006	0.04151120093682478	304410.48581446975	208501.71767617456
3.0337632e7	5.787132981687691	0.1834727942507281	-1.0517786085196159e-7	-5.440524922748831e-9	0.06518990380575679	0.04156091232435776	305244.5199080455	209033.5957874211
3.0400704e7	5.780488261975533	0.18312919006659895	-1.0552560973694765e-7	-5.455121188842552e-9	0.06530554113714085	0.04161083307409667	306080.03020092763	209566.11171921412
3.0463776e7	5.773821524098002	0.18278466208948643	-1.0587604198407165e-7	-5.4698180927355934e-9	0.06542184888926413	0.041660964859233963	306917.02554148843	210099.26823829245
3.0526848e7	5.767132592864287	0.182439203762643	-1.0622919080075176e-7	-5.4846167941138475e-9	0.06553883406306601	0.04171130935516679	307755.514773991	210633.068111065
3.058992e7	5.760421293083574	0.1820928085293211	-1.0658508984533624e-7	-5.499518465458477e-9	0.0656565037272461	0.04176186824035026	308595.5067426986	211167.51410394054
3.0652992e7	5.753687449565052	0.18174546983277332	-1.0694377323487757e-7	-5.514524292226026e-9	0.06577486501919452	0.041812643196210024	309437.0102918743	211702.60898332793
3.0716064e7	5.746930887117908	0.18139718111625203	-1.0730527555305886e-7	-5.529635473033885e-9	0.0658939251459399	0.0418636359070501	310280.0342657812	212238.355515636
3.0779136e7	5.7401514305513315	0.18104793582300976	-1.076696318582863e-7	-5.544853219848133e-9	0.06601369138511023	0.04191484805995851	311124.5875086826	212774.75646727366
3.0842208e7	5.733348904674508	0.180697727396299	-1.0803687769194902e-7	-5.560178758174529e-9	0.06613417108591282	0.04196628134470653	311970.67886484164	213311.81460464967
3.090528e7	5.726523134296628	0.18034654927937221	-1.0840704908685172e-7	-5.575613327251219e-9	0.06625537167012828	0.042017937453647	312818.31717852136	213849.5326941729
3.0968352e7	5.719673938537071	0.17999439472668452	-1.087801828853765e-7	-5.591158196213992e-9	0.06637730073197642	0.042069818123016	313667.5115138555	214387.9135446419
3.1031424e7	5.712801119098617	0.17964125639776482	-1.0915631739655606e-7	-5.606814697106063e-9	0.0664999662452138	0.0421219252187647	314518.2716496317	214926.9601222888
3.1094496e7	5.705904478505999	0.17928712696587715	-1.0953549142571549e-7	-5.62258417451988e-9	0.06662337624965457	0.0421742606040448	315370.6073659995	215466.67540924725
3.1157568e7	5.6989838194312625	0.17893199910901336	-1.0991774432021202e-7	-5.63846798807888e-9	0.06674753886360427	0.042226826143760714	316224.5284378077	216007.0623868141
3.122064e7	5.692038944546455	0.17857586550516538	-1.1030311598730744e-7	-5.654467513083261e-9	0.0668724622875698	0.042279623705514274	317080.04463990516	216548.12403628608
3.1283712e7	5.6850696565236225	0.17821871883232507	-1.1069164690428001e-7	-5.670584140742517e-9	0.06699815480543893	0.04233265515947518	317937.16574714065	217089.86333895996
3.1346784e7	5.6780757580348125	0.1778605517684843	-1.1108337812874927e-7	-5.686819278413349e-9	0.06712462478568319	0.04238592237824625	318795.90153436305	217632.2832761325
3.1409856e7	5.6710570517520695	0.177501356991635	-1.1147835130923164e-7	-5.703174349839407e-9	0.06725188068257998	0.04243942723672362	319656.26177642116	218175.38682910052
3.1472928e7	5.664013340347441	0.17714112717976901	-1.1187660869591859e-7	-5.719650795396432e-9	0.06737993103745522	0.04249317161195094	320518.2562481638	218719.17697916072
3.1536e7	5.656944416606617	0.1767798546779725	-1.1227819371284004e-7	-5.736250100863586e-9	0.06750878465618022	0.042547157455703054	321381.8951227607	219263.65679257567