0	11.25	0.25	-5.5585694923385504e-8	-1.2313771961061416e-9	-0.02599636628037323	0.012396193802305455	0.	0.
29721.6	11.248347022031652	0.2499633937312303	-5.564508227670875e-8	-1.2318999172917407e-9	-0.026003362788244798	0.012395795425217215	-156.88944451443885	74.80042075736218
59443.2	11.246692276470545	0.24992677192804882	-5.57046394875693e-8	-1.23242252248698e-9	-0.02601036985349275	0.012395393488267176	-313.8211392683454	149.59842694998486
89164.8	11.245035758307631	0.24989013459396703	-5.576436736596837e-8	-1.2329450050450763e-9	-0.026017387510710022	0.012394987974743353	-470.79514742262734	224.39399726512525
118886.4	11.243377462376852	0.24985348173280258	-5.5824266732262474e-8	-1.2334673582971862e-9	-0.026024415795204692	0.012394578867779244	-627.8115340155144	299.18710972403755
148608.	11.241717383566312	0.2498168133485323	-5.588433840946555e-8	-1.233989575462208e-9	-0.026031454742154177	0.012394166150434803	-784.8703632994485	373.9777425804551
178329.6	11.240055516746766	0.24978012944536707	-5.5944583225907014e-8	-1.234511649676077e-9	-0.02603850438689216	0.012393749805668425	-941.9716996301446	448.7658740165456
208051.2	11.238391856725856	0.24974343002777166	-5.600500201696497e-8	-1.2350335740099315e-9	-0.026045564765093263	0.01239332981631771	-1099.1156080508931	523.5514819483778
237772.8	11.236726398244059	0.24970671510101033	-5.606559562528485e-8	-1.2355553414735647e-9	-0.026052635912784908	0.012392906165094121	-1256.3021540607908	598.3345440142418
267494.4	11.235059136201414	0.24966998466901896	-5.612636489237327e-8	-1.2360769449088673e-9	-0.026059717865456307	0.012392478834683352	-1413.5314017784774	673.1150385182217
297216.	11.233390065493477	0.24963323873576393	-5.618731066471094e-8	-1.2365983770643344e-9	-0.026066810658704687	0.012392047807674325	-1570.8034153650779	747.8929437456372
326937.6	11.23171918063881	0.24959647730821216	-5.62484338077369e-8	-1.2371196307641122e-9	-0.026073914329709513	0.01239161306639007	-1728.1182623190537	822.6682364080111
356659.2	11.23004647636605	0.2495597003916667	-5.630973518399248e-8	-1.237640698638724e-9	-0.026081028914913477	0.012391174593148837	-1885.4760082744738	897.4408940938554
386380.8	11.228371947609778	0.2495229079897949	-5.637121565324601e-8	-1.2381615731256955e-9	-0.026088154450037086	0.012390732370263361	-2042.8767170403967	972.2108952514565
416102.4	11.226695588813861	0.2494861001102798	-5.643287609868338e-8	-1.2386822467872557e-9	-0.02609529097283592	0.01239028637972552	-2200.3204567210482	1046.978216283847
445824.	11.22501739452567	0.24944927675992293	-5.649471740470346e-8	-1.239202712036623e-9	-0.026102438520752752	0.012389836603472643	-2357.807294530495	1121.742834024531
475545.6	11.223337359616739	0.24941243794286003	-5.6556740448579654e-8	-1.239722961036995e-9	-0.026109597130041733	0.01238938302348951	-2515.337294851481	1196.504726657724
505267.2	11.221655478573464	0.24937558366650223	-5.661894612724595e-8	-1.240242986024421e-9	-0.026116766838577485	0.01238892562148271	-2672.910525383691	1271.263870766048
534988.8	11.21997174583288	0.2493387139386461	-5.6681335344729076e-8	-1.2407627791526061e-9	-0.026123947684528557	0.0123884643790331	-2830.5270542666117	1346.0202427258453
564710.4	11.218286156157198	0.24930182876430648	-5.6743908997969155e-8	-1.2412823323209808e-9	-0.026131139704872335	0.012387999277768907	-2988.1869468462473	1420.7738202651897
594432.	11.216598703968755	0.2492649281514564	-5.6806668002075397e-8	-1.2418016374774092e-9	-0.02613834293803126	0.012387530299056591	-3145.890271369812	1495.5245797018683
624153.6	11.214909383557783	0.24922801210920956	-5.68696132825572e-8	-1.242320686521555e-9	-0.0261455574230525	0.012387057424094681	-3303.637097214942	1570.2724968049554
653875.2	11.213218189624302	0.2491910806431077	-5.693274575469287e-8	-1.2428394710568404e-9	-0.0261527831974569	0.012386580634168526	-3461.4274902631255	1645.017549043486
683596.8	11.211525116574572	0.24915413376129272	-5.699606635037774e-8	-1.2433579827101192e-9	-0.026160020300031124	0.012386099910319347	-3619.2615188887366	1719.7597126700546
713318.4	11.20983015855874	0.24911717147415977	-5.705957601682742e-8	-1.2438762131123799e-9	-0.02616726877068191	0.012385615233358327	-3777.1392536444196	1794.498962875894
743040.	11.208133310185943	0.24908019378803115	-5.712327568920481e-8	-1.2443941535728755e-9	-0.026174528647594848	0.012385126584206603	-3935.0607611909572	1869.2352767524355
772761.6	11.206434565917245	0.2490432007105829	-5.7187166313897686e-8	-1.2449117953536148e-9	-0.026181799969645224	0.012384633943607263	-4093.0261094323014	1943.9686307805116
802483.2	11.204733919836228	0.24900619225289697	-5.72512488574652e-8	-1.245429129772607e-9	-0.02618908277731401	0.012384137292010688	-4251.035369455496	2018.6989998815986
832204.8	11.203031366201552	0.2489691684244222	-5.731552428544669e-8	-1.2459461479504032e-9	-0.026196377110492164	0.012383636609840468	-4409.088610887641	2093.4263596971523
861926.4	11.201326899282106	0.24893212923451344	-5.7379993568730825e-8	-1.246462840884303e-9	-0.026203683009135437	0.012383131877413779	-4567.185903270126	2168.1506859107685
891648.	11.199620513346783	0.24889507469252553	-5.744465768399644e-8	-1.2469791994514377e-9	-0.026211000513305896	0.01238262307493528	-4725.32731614434	2242.8719542060453
921369.6	11.197912202664472	0.24885800480781334	-5.7509517613752085e-8	-1.2474952144080176e-9	-0.02621832966317241	0.01238211018249592	-4883.5129190516745	2317.5901402665786
951091.2	11.19620196146604	0.24882091959014677	-5.757457434787442e-8	-1.248010876404535e-9	-0.026225670499162135	0.012381593180054842	-5041.742781832457	2392.3052196234557
980812.8	11.194489783785142	0.2487838190512936	-5.7639828889877856e-8	-1.2485261760580927e-9	-0.026233023062596304	0.01238107204735614	-5200.016975923994	2467.0171670069985
1.0105344e6	11.192775663681429	0.24874670320254533	-5.7705282248302074e-8	-1.249041103846175e-9	-0.026240387394805244	0.012380546764042188	-5358.335572617351	2541.7259572395315
1.040256e6	11.191059595224656	0.24870957205507432	-5.7770935437365413e-8	-1.2495556501148927e-9	-0.02624776353719005	0.012380017309642846	-5516.6986431268	2616.431565183359
1.0699776e6	11.18934157248458	0.2486724256200529	-5.783678947741369e-8	-1.2500698050815133e-9	-0.026255151531263406	0.01237948366357008	-5675.106258666613	2691.133965700784
1.0996992e6	11.187621589530952	0.2486352639086534	-5.7902845394969994e-8	-1.2505835588328994e-9	-0.026262551418650054	0.012378945805116889	-5833.5584904510615	2765.833133654108
1.1294208e6	11.18589964041074	0.24859808693231739	-5.7969104223678294e-8	-1.2510969013351566e-9	-0.026269963241178116	0.012378403713445178	-5992.0554098680095	2840.529043815739
1.1591424e6	11.184175718958109	0.2485608947048399	-5.8035567011883034e-8	-1.251609822518578e-9	-0.026277387041638036	0.012377857367485699	-6150.597089972901	2915.2216701078887
1.188864e6	11.1824498190226	0.24852368723956125	-5.81022348137086e-8	-1.2521223121696172e-9	-0.026284822862877942	0.012377306746055989	-6309.183603783461	2989.9109864951165
1.2185856e6	11.180721934477292	0.24848646454952097	-5.816910868878241e-8	-1.2526343599273399e-9	-0.026292270747768805	0.012376751827863111	-6467.815024144806	3064.596967033271
1.2483072e6	11.178992059195267	0.2484492266477586	-5.8236189703216855e-8	-1.2531459552926942e-9	-0.0262997307392987	0.012376192591490082	-6626.491423902054	3139.2795857782003
1.2780288e6	11.1772601870496	0.24841197354731367	-5.8303478929661577e-8	-1.253657087626898e-9	-0.026307202880573328	0.01237562901539504	-6785.2128759003235	3213.958816785754
1.3077504e6	11.17552631190987	0.24837470526129546	-5.8370977447495695e-8	-1.2541677461517196e-9	-0.026314687214830428	0.012375061077908752	-6943.979453003076	3288.6346340998466
1.337472e6	11.173790427531745	0.2483374218044854	-5.843868634731776e-8	-1.2546779199995166e-9	-0.026322183785878583	0.012374488757172885	-7102.791228845885	3363.307011336407
1.3671936e6	11.17205252757257	0.24830012319225062	-5.8506606730386845e-8	-1.2551875982001298e-9	-0.026329692638045972	0.012373912031151285	-7261.6482779816015	3437.9759216853718
1.3969152e6	11.17031260569258	0.2482628094397206	-5.8574739704658064e-8	-1.2556967696343446e-9	-0.02633721381577347	0.012373330877681287	-7420.550675000598	3512.641338334663
1.4266368e6	11.16857065555201	0.2482254805620247	-5.8643086384958566e-8	-1.2562054230346184e-9	-0.026344747363624983	0.012372745274469707	-7579.498494493252	3587.3032344722046
1.4563584e6	11.1668266708111	0.24818813657429234	-5.87116478930453e-8	-1.256713546983061e-9	-0.026352293326287867	0.012372155199092702	-7738.491811049933	3661.9615832859176
1.48608e6	11.165080645131274	0.2481507774916558	-5.87804253576088e-8	-1.2572211299098987e-9	-0.026359851748568898	0.012371560628995122	-7897.530699246994	3736.6163579695212
1.5158016e6	11.163332572196772	0.24811340333008722	-5.8849419913492957e-8	-1.257728160086612e-9	-0.02636742267529769	0.01237096154149436	-8056.615233163	3811.267531878183
1.5455232e6	11.161582445465193	0.2480760141074475	-5.891863271181424e-8	-1.2582346257284332e-9	-0.02637500615234651	0.012370357913654593	-8215.745488833054	3885.9150774211694
1.5752448e6	11.159830258303911	0.2480386098418443	-5.898806491455782e-8	-1.258740514929845e-9	-0.026382602226086134	0.012369749722359448	-8374.921543218625	3960.558966598733
1.6049664e6	11.158076004080307	0.24800119055138525	-5.905771769102562e-8	-1.2592458156250562e-9	-0.026390210943017484	0.012369136944354426	-8534.143473281174	4035.1991714111246
1.634688e6	11.15631967616176	0.247963756254178	-5.912759221788309e-8	-1.2597505155874432e-9	-0.026397832349771975	0.01236851955624712	-8693.41135598217	4109.835663858596
1.6644096e6	11.154561267915646	0.24792630696833018	-5.9197689679231004e-8	-1.2602546024266556e-9	-0.026405466493112564	0.012367897534505548	-8852.725268283082	4184.468415941398
1.6941312e6	11.152800772709348	0.24788884271194944	-5.9268011266664235e-8	-1.2607580635867837e-9	-0.02641311341993423	0.012367270855457668	-9012.08528714537	4259.097399659782
1.7238528e6	11.15103818391024	0.2478513635031434	-5.933855817933072e-8	-1.261260886344957e-9	-0.026420773177265044	0.012366639495290124	-9171.491489530505	4333.722587014
1.7535744e6	11.149273494885703	0.24781386936001976	-5.940933162399505e-8	-1.2617630578091259e-9	-0.026428445812266516	0.01236600343004785	-9330.943952399948	4408.343950004302
1.783296e6	11.147506699003115	0.2477763603006861	-5.9480332815103564e-8	-1.2622645649159526e-9	-0.0264361313722347	0.012365362635632864	-9490.442752715171	4482.9614606309415
1.8130176e6	11.145737789629854	0.24773883634325009	-5.9551562974846105e-8	-1.2627653944290568e-9	-0.026443829904600664	0.012364717087803517	-9649.987967437635	4557.575090894168
1.8427392e6	11.143966760133301	0.24770129750581937	-5.962302333322297e-8	-1.2632655329366164e-9	-0.02645154145693141	0.012364066762173682	-9809.579673528808	4632.184812794234
1.8724608e6	11.142193603627133	0.24766374381026315	-5.96947151386714e-8	-1.2637649669668213e-9	-0.026459266077948632	0.012363411634060616	-9969.217949663653	4706.790597378162
1.9021824e6	11.140418312757054	0.24762617528442046	-5.9766639667158e-8	-1.2642636830777467e-9	-0.02646700381840178	0.012362751678361577	-10128.902877957304	4781.392413872487
1.931904e6	11.138640880489461	0.24758859195057636	-5.983879818946633e-8	-1.2647616674928318e-9	-0.026474754727905635	0.012362086870015438	-10288.634538589382	4855.990232657459
1.9616256e6	11.136861299802744	0.2475509938308269	-5.991119198408914e-8	-1.265258906245328e-9	-0.026482518856169764	0.012361417183817645	-10448.413011661625	4930.584024157704
1.9913472e6	11.135079563675298	0.2475133809472682	-5.998382233780004e-8	-1.2657553851813507e-9	-0.02649029625304772	0.012360742594410393	-10608.23837727578	5005.173758797845
2.0210688e6	11.133295665085516	0.24747575332199642	-6.005669054571892e-8	-1.2662510899581363e-9	-0.026498086968537702	0.012360063076282096	-10768.110715533592	5079.75940700251
2.0507904e6	11.131509597011794	0.24743811097710763	-6.012979791138703e-8	-1.2667460060413566e-9	-0.026505891052783344	0.012359378603767145	-10928.030106536802	5154.340939196323
2.080512e6	11.129721352432524	0.24740045393469798	-6.020314574683719e-8	-1.2672401187029996e-9	-0.026513708556074666	0.012358689151043765	-11087.996630387157	5228.918325803912
2.1102336e6	11.127930924326098	0.24736278221686353	-6.027673537266396e-8	-1.2677334130192812e-9	-0.026521539528848895	0.012357994692133799	-11248.010367186398	5303.4915372499
2.1399552e6	11.126138305670912	0.2473250958457004	-6.035056811809781e-8	-1.2682258738681425e-9	-0.026529384021691263	0.01235729520090149	-11408.07139703627	5378.060543958914
2.1696768e6	11.124343489445359	0.24728739484330473	-6.042464532108e-8	-1.2687174859268275e-9	-0.02653724208533599	0.012356590651052074	-11568.179800038513	5452.625316355578
2.1993984e6	11.122546468359285	0.24724967923606964	-6.049896833979147e-8	-1.2692082337925466e-9	-0.026545113771749007	0.0123558810159641	-11728.335658025986	5527.18582387726
2.22912e6	11.120747234442515	0.24721194906021768	-6.057353857040475e-8	-1.2696981021615694e-9	-0.02655299913580162	0.012355166268433722	-11888.539057512375	5601.742033392733
2.2588416e6	11.118945780199843	0.2471742043433121	-6.064835739798788e-8	-1.270187075297399e-9	-0.026560898230620446	0.012354446381391677	-12048.790082248965	5676.293913447848
2.2885632e6	11.117142098171918	0.24713644511231414	-6.072342621525839e-8	-1.2706751372347167e-9	-0.026568811109345045	0.012353721327624478	-12209.088815763997	5750.841432718389
2.3182848e6	11.115336180899384	0.24709867139418495	-6.079874642418463e-8	-1.271162271794185e-9	-0.026576737825273082	0.012352991079750832	-12369.435341585711	5825.384559880137
2.3480064e6	11.11352802092289	0.24706088321588568	-6.087431943607151e-8	-1.2716484625790896e-9	-0.026584678431860933	0.012352255610220735	-12529.829743242353	5899.923263608879
2.377728e6	11.111717610783082	0.2470230806043775	-6.09501466716388e-8	-1.2721336929731559e-9	-0.02659263298272504	0.012351514891313921	-12690.272104262167	5974.457512580398
2.4074496e6	11.109904943020606	0.24698526358662162	-6.102622956110045e-8	-1.2726179461381004e-9	-0.026600601531642596	0.01235076889513883	-12850.76250817339	6048.987275470477
2.4371712e6	11.108090010176108	0.2469474321895792	-6.110256954425268e-8	-1.2731012050104363e-9	-0.026608584132552456	0.012350017593632356	-13011.301038504267	6123.5125209549
2.4668928e6	11.106272804790235	0.2469095864402114	-6.11791680705572e-8	-1.2735834522988018e-9	-0.026616580839556453	0.012349260958557028	-13171.887778783039	6198.033217709448
2.4966144e6	11.104453319403635	0.24687172636547944	-6.125602659922105e-8	-1.2740646704817105e-9	-0.02662459170691994	0.012348498961501506	-13332.522812537953	6272.549334409909
2.526336e6	11.10263154635336	0.24683385199574345	-6.133314660818448e-8	-1.2745448418961642e-9	-0.02663261678989808	0.012347731573745455	-13493.206224577772	6347.060838993374
2.5560576e6	11.100807477203876	0.24679596337320073	-6.14105296191835e-8	-1.2750239489854003e-9	-0.02664065614705663	0.012346958765890832	-13653.93810486309	6421.567696524143
2.5857792e6	11.098981103944563	0.2467580605316665	-6.14881771456411e-8	-1.2755019737522088e-9	-0.026648709835426814	0.012346180508639133	-13814.718541037026	6496.069873523675
2.6155008e6	11.097152418625384	0.24672014350388885	-6.15660907086207e-8	-1.2759788979282185e-9	-0.026656777911967973	0.012345396772548475	-13975.547620377045	6570.5673367295585
2.6452224e6	11.095321413296297	0.246682212322616	-6.16442718395651e-8	-1.2764547029981642e-9	-0.026664860433813685	0.012344607527991673	-14136.425430160627	6645.060052879389
2.674944e6	11.09348808000726	0.2466442670205961	-6.17227220803894e-8	-1.2769293701967968e-9	-0.026672957458272643	0.012343812745155128	-14297.35205766524	6719.547988710758
2.7046656e6	11.091652410808235	0.24660630763057728	-6.180144298357241e-8	-1.2774028805060939e-9	-0.026681069042829894	0.01234301239403762	-14458.32759016836	6794.031110961254
2.7343872e6	11.08981439774918	0.2465683341853077	-6.188043611224813e-8	-1.2778752146523796e-9	-0.02668919524514764	0.012342206444449626	-14619.352114947449	6868.509386368471
2.7641088e6	11.087974032880055	0.24653034671753554	-6.195970304031022e-8	-1.278346353102281e-9	-0.02669733612306667	0.012341394866011084	-14780.425719279983	6942.982781669997
2.7938304e6	11.086131308250819	0.24649234526000893	-6.203924535250003e-8	-1.2788162760604524e-9	-0.02670549173460717	0.012340577628150811	-14941.548490443436	7017.451263603427
2.823552e6	11.084286215911431	0.24645432984547608	-6.211906464450809e-8	-1.2792849634658865e-9	-0.02671366213797006	0.01233975470010485	-15102.720515715278	7091.914798906351
2.8532736e6	11.082438747744416	0.24641630050961083	-6.219916253057432e-8	-1.2797523950631392e-9	-0.02672184739222025	0.012338926050801072	-15263.941883398089	7166.3733537185
2.8829952e6	11.08058889472356	0.24637825730289076	-6.227954067691536e-8	-1.2802185507220442e-9	-0.026730047560323343	0.012338091648354527	-15425.212687646364	7240.826890862969
2.9127168e6	11.078736648268105	0.2463402002664507	-6.236020074132745e-8	-1.2806834098269884e-9	-0.02673826270363788	0.012337251460989044	-15586.533020305063	7315.275374649378
2.9424384e6	11.076881999903044	0.24630212943948002	-6.244114438843939e-8	-1.2811469514335089e-9	-0.02674649288328368	0.012336405456797938	-15747.902972597867	7389.718769758434
2.97216e6	11.075024941153366	0.246264044861168	-6.252237329454966e-8	-1.2816091543125111e-9	-0.026754738160572847	0.012335553603670583	-15909.32263574845	7464.15704087084
3.0018816e6	11.073165463544065	0.24622594657070404	-6.260388914773737e-8	-1.2820699969461301e-9	-0.026762998597010954	0.012334695869290015	-16070.792100980485	7538.5901526673015
3.0316032e6	11.071303558600134	0.2461878346072774	-6.268569364796434e-8	-1.2825294575248357e-9	-0.026771274254298347	0.012333832221132221	-16232.311459517652	7613.018069828523
3.0613248e6	11.069439217846561	0.24614970901007746	-6.276778850718777e-8	-1.2829875139433507e-9	-0.026779565194331233	0.01233296262646449	-16393.880802583622	7687.440757035208
3.0910464e6	11.067572432808342	0.24611156981829355	-6.285017544947099e-8	-1.283444143796952e-9	-0.026787871479203088	0.012332087052343893	-16555.50022140208	7761.858178968064
3.120768e6	11.06570319501047	0.246073417071115	-6.293285621109487e-8	-1.2838993243777061e-9	-0.026796193171205657	0.012331205465616439	-16717.169807196697	7836.270300307795
3.1504896e6	11.063831495977931	0.24603525080773112	-6.301583254066915e-8	-1.2843530326708736e-9	-0.026804530332830607	0.012330317832914281	-16878.889651191148	7910.677085735105
3.1802112e6	11.06195732710959	0.24599707106961705	-6.309910620504706e-8	-1.284805245405604e-9	-0.026812883027287612	0.012329424120565683	-17040.659845365306	7985.078499486152
3.2099328e6	11.060080678783434	0.2459588779156915	-6.318267903067272e-8	-1.2852559394350963e-9	-0.02682125132218908	0.012328524293957185	-17202.480488094574	8059.4745021281415
3.2396544e6	11.058201541779859	0.2459206713957628	-6.326655283851199e-8	-1.28570509110392e-9	-0.026829635283728677	0.012327618318546804	-17364.3516758152	8133.865055524435
3.269376e6	11.05631990704308	0.24588245155651609	-6.3350729455053e-8	-1.2861526763592277e-9	-0.026838034977641874	0.012326706159684984	-17526.27350402152	8208.250122105386
3.2990976e6	11.054435765517317	0.24584421844463647	-6.343521071995883e-8	-1.2865986708176907e-9	-0.026846450469877166	0.012325787782495564	-17688.246068207878	8282.629664301347
3.3288192e6	11.052549108146783	0.24580597210680907	-6.351999848618178e-8	-1.287043049762311e-9	-0.026854881826597413	0.012324863151874492	-17850.269463868623	8357.00364454267
3.3585408e6	11.050659925875696	0.24576771258971902	-6.360509462009253e-8	-1.287485788137729e-9	-0.026863329114181347	0.012323932232487497	-18012.34378649809	8431.372025259709
3.3882624e6	11.04876820964827	0.2457294399400514	-6.369050100160649e-8	-1.2879268605459822e-9	-0.026871792399224746	0.012322994988769794	-18174.469131590635	8505.734768882814
3.417984e6	11.046873950408722	0.2456911542044913	-6.377621952431521e-8	-1.2883662412417228e-9	-0.02688027174854205	0.01232205138492314	-18336.64559464059	8580.091837842343
3.4477056e6	11.044977139101269	0.2456528554297239	-6.386225209560867e-8	-1.2888039041286385e-9	-0.026888767229167776	0.012321101384914754	-18498.873271142304	8654.443194568643
3.4774272e6	11.043077766670127	0.24561454366243426	-6.3948600636817e-8	-1.2892398227537527e-9	-0.026897278908357955	0.012320144952475411	-18661.15225659012	8728.788801492072
3.5071488e6	11.041175823970255	0.24557621895098558	-6.403526708754552e-8	-1.2896739703418552e-9	-0.02690580685395981	0.012319182051031786	-18823.482647001772	8803.128620732736
3.5368704e6	11.039271300726622	0.24553788136394789	-6.412225345503232e-8	-1.2901063202271832e-9	-0.026914351138722346	0.012318212642931158	-18985.86454528358	8877.462610413051
3.566592e6	11.037364187001229	0.245499530961445	-6.420956174534167e-8	-1.2905368452138651e-9	-0.026922911834261484	0.01231723669053318	-19148.298052900267	8951.790729684004
3.5963136e6	11.03545447310298	0.24546116779872562	-6.429719396767418e-8	-1.2909655176209256e-9	-0.026931489011412332	0.012316254156131813	-19310.783269927848	9026.112938538994
3.6260352e6	11.033542149340786	0.24542279193103853	-6.438515214613828e-8	-1.2913923093841913e-9	-0.02694008274124656	0.012315265001769734	-19473.32029644233	9100.429196971418
3.6557568e6	11.03162720602355	0.24538440341363235	-6.447343831989654e-8	-1.2918171920510792e-9	-0.026948693095074014	0.01231426918923651	-19635.909232519723	9174.739464974671
3.6854784e6	11.029709633460183	0.24534600230175588	-6.456205454330687e-8	-1.2922401367761224e-9	-0.026957320144444546	0.012313266680065577	-19798.55017823604	9249.043702542154
3.7152e6	11.027789421959588	0.24530758865065774	-6.465100288608076e-8	-1.2926611143146282e-9	-0.02696596396114934	0.01231225743553374	-19961.243233667294	9323.341869667262
3.7449216e6	11.025866561830673	0.24526916251558672	-6.474028543342234e-8	-1.2930800950186814e-9	-0.026974624617222703	0.012311241416658975	-20123.988498889492	9397.633926343393
3.7746432e6	11.023941043382347	0.24523072395179152	-6.482990428618448e-8	-1.2934970488312494e-9	-0.02698330218494361	0.012310218584198078	-20286.78607397865	9471.919832563945
3.8043648e6	11.022012856923515	0.24519227301452082	-6.491986156102542e-8	-1.2939119452805604e-9	-0.02699199673683752	0.012309188898645088	-20449.63605901077	9546.19954832231
3.8340864e6	11.020081992721396	0.24515380975983275	-6.50101593925762e-8	-1.2943247534926856e-9	-0.027000708345851113	0.01230815232019685	-20612.538554301194	9620.473033468681
3.863808e6	11.018148440064568	0.24511533426179727	-6.510079997910318e-8	-1.2947354425671087e-9	-0.027009437089259375	0.012307108808026095	-20775.493666028553	9694.74024442493
3.8935296e6	11.016212188254851	0.24507684659185147	-6.519178553488382e-8	-1.295143981148837e-9	-0.027018183044568007	0.012306058321050523	-20938.50150088614	9769.001137498113
3.9232512e6	11.01427322684243	0.2450383468162792	-6.528311827897407e-8	-1.2955503373364331e-9	-0.02702694628851726	0.012305000818103737	-21101.56216422395	9843.25566982607
3.9529728e6	11.012331545377483	0.2449998350013643	-6.537480044739644e-8	-1.295954478781176e-9	-0.027035726898111945	0.01230393625773774	-21264.675761391984	9917.503798546633
3.9826944e6	11.010387133410193	0.24496131121339065	-6.5466834293309e-8	-1.2963563726810806e-9	-0.027044524950623032	0.012302864598222418	-21427.84239774024	9991.74548079764
4.012416e6	11.00843998049074	0.24492277551864208	-6.555922208717721e-8	-1.2967559857747605e-9	-0.0270533405235898	0.012301785797541539	-21591.062178618726	10065.980673716918
4.0421376e6	11.006490076169309	0.2448842279834025	-6.565196611694903e-8	-1.2971532843352182e-9	-0.02706217369482152	0.012300699813392	-21754.335209377434	10140.209334442308
4.0718592e6	11.004537409996075	0.24484566867395574	-6.574506868822809e-8	-1.2975482341637556e-9	-0.027071024542399368	0.01229960660318124	-21917.661595366368	10214.431420111641
4.1015808e6	11.002581971521225	0.24480709765658565	-6.583853212445296e-8	-1.2979408005836154e-9	-0.027079893144678298	0.012298506124025195	-22081.041441935522	10288.646887862751
4.1313024e6	11.000623750294938	0.2447685149975761	-6.593235876707817e-8	-1.2983309484333153e-9	-0.027088779580289095	0.012297398332745716	-22244.474854434902	10362.855694833475
4.161024e6	10.998662735855799	0.24472992076344796	-6.602655097633373e-8	-1.2987186420649745e-9	-0.027097683928188784	0.012296283185858813	-22407.961938279353	10437.0577981228
4.1907456e6	10.996698917072814	0.24469131503339187	-6.612111116424908e-8	-1.2991038455964e-9	-0.027106606270424244	0.012295160639042936	-22571.5028028623	10511.253152515044
4.2204672e6	10.994732282477715	0.2446526978905989	-6.621604177852583e-8	-1.2994865227571522e-9	-0.027115546690771233	0.012294030647408619	-22735.097560129478	10585.441711461224
4.2501888e6	10.992762820758509	0.24461406941456718	-6.631134527827434e-8	-1.2998666366933944e-9	-0.02712450527265183	0.012292893165884139	-22898.746321267474	10659.623428900852
4.2799104e6	10.990790520603205	0.2445754296847948	-6.640702414199892e-8	-1.3002441500269387e-9	-0.027133482099784882	0.012291748149083098	-23062.449197462884	10733.798258773448
4.309632e6	10.988815370699813	0.24453677878077987	-6.650308086779254e-8	-1.3006190248486862e-9	-0.027142477256188444	0.012290595551300944	-23226.20629990228	10807.966155018521
4.3393536e6	10.98683735973634	0.2444981167820205	-6.659951797354825e-8	-1.3009912227102251e-9	-0.02715149082618161	0.012289435326513568	-23390.017739772262	10882.12707157559
4.3690752e6	10.984856476400795	0.2444594437680148	-6.669633799715861e-8	-1.3013607046171612e-9	-0.027160522894386686	0.012288267428375	-23553.883628259417	10956.280962384175
4.3987968e6	10.982872709381189	0.24442075981826086	-6.679354349672313e-8	-1.3017274310215754e-9	-0.027169573545731646	0.012287091810214099	-23717.80407655032	11030.427781383783
4.4285184e6	10.980886047365527	0.24438206501225682	-6.689113705076145e-8	-1.3020913618140214e-9	-0.02717864286545223	0.012285908425032162	-23881.77919583158	11104.56748251394
4.45824e6	10.97889647904182	0.24434335942950072	-6.698912125842502e-8	-1.3024524563159239e-9	-0.027187730939093987	0.012284717225501094	-24045.809097289763	11178.70001971415
4.4879616e6	10.976903993098489	0.24430464314948594	-6.708749873969299e-8	-1.3028106732714864e-9	-0.027196837852513103	0.012283518163960307	-24209.893892108495	11252.825346925561
4.5176832e6	10.974908578109936	0.2442659162537715	-6.71862721414511e-8	-1.3031659708828133e-9	-0.02720596369236362	0.012282311192319447	-24374.033692200686	11326.943417686205
4.5474048e6	10.972910222029176	0.2442271788336437	-6.728544416381638e-8	-1.3035183069786533e-9	-0.027215108548268672	0.012281096261639101	-24538.228613636235	11401.054183244005
4.5771264e6	10.970908912635839	0.24418843098292958	-6.738501753771147e-8	-1.3038676388423206e-9	-0.027224272510921996	0.012279873322489006	-24702.47877366569	11475.157594197319
4.606848e6	10.968904637709551	0.24414967279545624	-6.748499501628993e-8	-1.304213923140358e-9	-0.027233455671351083	0.012278642325085081	-24866.784289539588	11549.253601144494
4.6365696e6	10.966897385029943	0.24411090436505073	-6.758537937517175e-8	-1.3045571159138765e-9	-0.027242658120919694	0.012277403219286743	-25031.145278508473	11623.342154683889
4.6662912e6	10.964887142376643	0.2440721257855401	-6.768617341268399e-8	-1.3048971725697804e-9	-0.02725187995133003	0.012276155954594865	-25195.561857822897	11697.42320541386
4.6960128e6	10.962873897529278	0.24403333715075146	-6.778737995009992e-8	-1.3052340478720827e-9	-0.027261121254625865	0.012274900480146957	-25360.03414473339	11771.496703932751
4.7257344e6	10.960857638267479	0.24399453855451184	-6.788900183188732e-8	-1.3055676959326507e-9	-0.02727038212319456	0.012273636744716153	-25524.56225649051	11845.562600838926
4.755456e6	10.958838352370874	0.24395573009064833	-6.799104192596037e-8	-1.305898070201672e-9	-0.02727966264976985	0.012272364696707753	-25689.146310344786	11919.62084673073
4.7851776e6	10.956816027619093	0.24391691185298803	-6.809350312393014e-8	-1.3062251234584892e-9	-0.0272889629274345	0.012271084284155843	-25853.786423546764	11993.671392206521
4.8148992e6	10.954790651791761	0.24387808393535798	-6.819638834135678e-8	-1.3065488078024994e-9	-0.02729828304962298	0.012269795454720596	-26018.482713347003	12067.71418786465
4.8446208e6	10.952762212404538	0.24383924643697727	-6.829970053197712e-8	-1.3068690747382364e-9	-0.02730762311124782	0.012268498155453104	-26183.235298529835	12141.749183424556
4.8743424e6	10.950730696335182	0.24380039946745014	-6.840344270785243e-8	-1.3071858752842919e-9	-0.02731698321032349	0.012267192332474476	-26348.044302072474	12215.776326281924
4.904064e6	10.94869609040923	0.24376154313610757	-6.850761790900984e-8	-1.3074991597536971e-9	-0.02732636344547124	0.012265877931473245	-26512.90984750181	12289.795563557404
4.9337856e6	10.946658381452226	0.2437226775522805	-6.861222920103787e-8	-1.3078088777313155e-9	-0.027335763915688	0.012264554897740492	-26677.83205834474	12363.80684237165
4.9635072e6	10.944617556289714	0.24368380282529986	-6.871727967536585e-8	-1.3081149780633454e-9	-0.027345184720349535	0.012263223176165747	-26842.811058128147	12437.81010984532
4.9932288e6	10.942573601747236	0.24364491906449662	-6.882277244954749e-8	-1.3084174088468967e-9	-0.027354625959213178	0.012261882711234125	-27007.846970378923	12511.805313099068
5.0229504e6	10.940526504650338	0.24360602637920167	-6.892871066755667e-8	-1.3087161174183921e-9	-0.027364087732420782	0.012260533447023395	-27172.939918623957	12585.792399253549
5.052672e6	10.938476251824559	0.24356712487874596	-6.903509750007182e-8	-1.3090110503434e-9	-0.027373570140501985	0.012259175327199645	-27338.090026390135	12659.771315429418
5.0823936e6	10.936422830095445	0.2435282146724604	-6.914193614477848e-8	-1.3093021534047634e-9	-0.027383073284376832	0.012257808295014964	-27503.297417204343	12733.742008747327
5.1121152e6	10.934366226288539	0.24348929586967602	-6.924922982666515e-8	-1.3095893715917758e-9	-0.027392597265359152	0.012256432293303244	-27668.562214593483	12807.70442632794
5.1418368e6	10.932306427229383	0.24345036857972366	-6.935698179833447e-8	-1.3098726490878863e-9	-0.027402142185159562	0.012255047264476945	-27833.88454208443	12881.658515291903
5.1715584e6	10.930243419578225	0.24341143291557746	-6.946519534932697e-8	-1.3101519293169593e-9	-0.027411708146596336	0.012253653150371246	-27999.26452409907	12955.60422221836
5.20128e6	10.9281771892608	0.24337248900311156	-6.957387383754782e-8	-1.3104271551080598e-9	-0.027421295256069945	0.012252249891729875	-28164.70228968883	13029.541491073853
5.2310016e6	10.926107722005726	0.24333353697040616	-6.96830206607062e-8	-1.3106982684970054e-9	-0.027430903621264192	0.012250837428682684	-28330.19796939659	13103.470265045084
5.2607232e6	10.92403500354179	0.24329457694552972	-6.97926392460461e-8	-1.3109652106554751e-9	-0.02744053335028766	0.012249415700910139	-28495.751693765946	13177.390487318802
5.2904448e6	10.921959019597786	0.24325560905655064	-6.99027330506932e-8	-1.3112279218780967e-9	-0.02745018455167768	0.01224798464763901	-28661.36359334045	13251.302101081748
5.3201664e6	10.919879755902498	0.24321663343153732	-7.001330556199657e-8	-1.3114863415694102e-9	-0.027459857334403932	0.012246544207638783	-28827.033798663702	13325.20504952067
5.349888e6	10.917797198184719	0.24317765019855828	-7.012436029786832e-8	-1.3117404082311469e-9	-0.027469551807871775	0.012245094319217536	-28992.762440279268	13399.099275822307
5.3796096e6	10.915711332173233	0.24313865948568186	-7.023590080714379e-8	-1.3119900594478485e-9	-0.02747926808192585	0.012243634920218299	-29158.549648730725	13472.984723173411
5.4093312e6	10.91362214359683	0.24309966142097655	-7.034793066992865e-8	-1.3122352318739498e-9	-0.027489006266853674	0.012242165948015086	-29324.395554561666	13546.861334760726
5.4390528e6	10.911529618184304	0.24306065613251077	-7.04604534979636e-8	-1.312475861219398e-9	-0.027498766473389134	0.012240687339508463	-29490.30028831565	13620.729053770992
5.4687744e6	10.909433741664436	0.24302164374835292	-7.057347293498908e-8	-1.3127118822356992e-9	-0.02750854881271621	0.012239199031122139	-29656.26398053627	13694.587823390959
5.498496e6	10.907334499666899	0.24298262439946614	-7.068699266273298e-8	-1.3129432287367748e-9	-0.027518353396895012	0.012237700958699315	-29822.28676217681	13768.43758653826
5.5282176e6	10.905231876997682	0.2429435982325438	-7.080101644210215e-8	-1.3131698337970857e-9	-0.02752818034202948	0.01223619305681761	-29988.368769136963	13842.278283292737
5.5579392e6	10.90312585806111	0.2429045653992629	-7.091554809025729e-8	-1.3133916295860898e-9	-0.027538029766471267	0.012234675259188867	-30154.510140226397	13916.10985215611
5.5876608e6	10.901016427259046	0.24286552605128595	-7.103059145888158e-8	-1.3136085472413871e-9	-0.027547901789068352	0.012233147499010994	-30320.7110142809	13989.932231617195
5.6173824e6	10.898903568993356	0.24282648034027543	-7.114615043444154e-8	-1.3138205168535877e-9	-0.027557796529157925	0.012231609708965748	-30486.971530136274	14063.745360164807
5.647104e6	10.896787267665909	0.24278742841789394	-7.126222893860474e-8	-1.3140274674495432e-9	-0.027567714106570506	0.012230061821213922	-30653.291826628312	14137.549176287755
5.6768256e6	10.894667507678564	0.24274837043580394	-7.137883092865516e-8	-1.3142293269763608e-9	-0.02757765464163395	0.012228503767391492	-30819.672042592814	14211.343618474857
5.7065472e6	10.892544273433192	0.242709306545668	-7.14959603979145e-8	-1.3144260222848557e-9	-0.02758761825517781	0.012226935478603906	-30986.112316865583	14285.12862521493
5.7362688e6	10.890417549331653	0.2426702368991486	-7.16136213761755e-8	-1.3146174791124376e-9	-0.02759760506853731	0.01222535688542281	-31152.612788282404	14358.904134996781
5.7659904e6	10.888287319775817	0.24263116164790827	-7.173181793013524e-8	-1.3148036220660867e-9	-0.02760761520355796	0.012223767917879881	-31319.173595679084	14432.670086309234
5.795712e6	10.886153569167544	0.24259208094360957	-7.185055416383818e-8	-1.3149843746048898e-9	-0.027617648782599657	0.012222168505462936	-31485.79487789141	14506.426417641094
5.8254336e6	10.884016281908703	0.24255299493791496	-7.19698342191235e-8	-1.315159659022281e-9	-0.027627705928540962	0.012220558577111414	-31652.47677375519	14580.173067481179
5.8551552e6	10.881875442401157	0.24251390378248705	-7.208966227608319e-8	-1.3153293964279418e-9	-0.02763778676478413	0.0122189380612099	-31819.219422106216	14653.909974318307
5.8848768e6	10.879731034846536	0.2424748076339788	-7.221004256526094e-8	-1.3154935067892334e-9	-0.027647891416129493	0.01221730688538109	-31986.022962768493	14727.637076032717
5.9145984e6	10.87758304216953	0.2424357066762102	-7.233097943134019e-8	-1.3156519092057996e-9	-0.027658020013510896	0.012215664975400524	-32152.887542714467	14801.354306297342
5.94432e6	10.875431447068484	0.24239660109304484	-7.245247727273973e-8	-1.3158045215566086e-9	-0.027668172689455928	0.012214012256255178	-32319.813311050806	14875.061597704942
5.9740416e6	10.873276232271829	0.24235749106736004	-7.257454052743613e-8	-1.3159512604307121e-9	-0.027678349576931667	0.012212348652366341	-32486.800416778762	14948.75888292312
6.0037632e6	10.871117380507984	0.24231837678203305	-7.269717367524221e-8	-1.316092041117509e-9	-0.027688550809478553	0.012210674087551807	-32653.849008899586	15022.44609461948
6.0334848e6	10.86895487450538	0.24227925841994116	-7.282038123833271e-8	-1.3162267775850816e-9	-0.027698776521215152	0.012208988485020738	-32820.959236414514	15096.123165461611
6.0632064e6	10.86678869699244	0.24224013616396164	-7.294416778175871e-8	-1.3163553824603613e-9	-0.02770902684684334	0.012207291767368079	-32988.1312483248	15169.790028117124
6.092928e6	10.864618830697589	0.2422010101969718	-7.30685379139833e-8	-1.3164777670073056e-9	-0.0277193019216535	0.01220558385656869	-33155.36519363168	15243.44661525361
6.1226496e6	10.862445258349256	0.2421618807018489	-7.319349628742541e-8	-1.31659384110492e-9	-0.027729601881529793	0.012203864673971582	-33322.661221336406	15317.092859538672
6.1523712e6	10.860267962675863	0.24212274786147023	-7.331904759900298e-8	-1.3167035132256112e-9	-0.02773992686295523	0.012202134140294784	-33490.01948044023	15390.728693639912
6.1820928e6	10.858086926405836	0.24208361185871308	-7.344519659069702e-8	-1.3168066904119778e-9	-0.027750277003017118	0.012200392175619114	-33657.44011994438	15464.354050224925
6.2118144e6	10.855902132267603	0.24204447287645472	-7.357194805010793e-8	-1.3169032782548365e-9	-0.027760652439412548	0.012198638699381946	-33824.92328885012	15537.968861961317
6.241536e6	10.853713562989588	0.2420053310975724	-7.369930681104039e-8	-1.3169931808688344e-9	-0.02777105331045389	0.012196873630371403	-33992.46913615869	15611.57306151668
6.2712576e6	10.851521201193817	0.2419661867078537	-7.382727776058217e-8	-1.3170763008984437e-9	-0.02778147975554024	0.012195096886606171	-34160.077811353745	15685.16658125275
6.3009792e6	10.849325028137214	0.24192703992519524	-7.395586591668503e-8	-1.3171525398019944e-9	-0.027791931920730144	0.012193308383990204	-34327.74947102259	15758.749349243582
6.3307008e6	10.847125024536187	0.24188789097331984	-7.408507637912128e-8	-1.3172217975658402e-9	-0.02780240995518614	0.012191508037203059	-34495.48427576927	15832.321291386774
6.3604224e6	10.844921171168702	0.24184874007351034	-7.421491429396462e-8	-1.3172839725543552e-9	-0.02781291400847828	0.01218969576029161	-34663.28238605093	15905.882333704338
6.390144e6	10.842713448812733	0.24180958744704958	-7.434538485802475e-8	-1.317338961505146e-9	-0.027823444230853395	0.0121878714665929	-34831.1439623247	15979.43240221828
6.4198656e6	10.840501838246244	0.2417704333152204	-7.447649331950735e-8	-1.3173866595018763e-9	-0.027834000773241312	0.012186035068727126	-34999.06916504771	16052.971422950613
6.4495872e6	10.838286320247207	0.24173127789930565	-7.460824497868288e-8	-1.3174269599465904e-9	-0.02784458378726121	0.012184186478591173	-35167.0581546771	16126.499321923353
6.4793088e6	10.83606687559359	0.24169212142058813	-7.474064518855347e-8	-1.3174597545329608e-9	-0.027855193425227905	0.012182325607351403	-35335.111091670005	16200.016025158502
6.5090304e6	10.833843485063362	0.2416529641003507	-7.487369935554526e-8	-1.3174849332174492e-9	-0.027865829840158562	0.012180452365436694	-35503.228136483565	16273.521458678077
6.538752e6	10.83161612943449	0.24161380615987615	-7.500741294021426e-8	-1.317502384189684e-9	-0.027876493185779064	0.012178566662531391	-35671.4094495749	16347.015548504083
6.5684736e6	10.829384789484946	0.24157464782044738	-7.514179145794305e-8	-1.3175119938443071e-9	-0.027887183616530704	0.012176668407568104	-35839.655191401165	16420.498220658534
6.5981952e6	10.827149445992696	0.24153548930334717	-7.527684047966598e-8	-1.3175136467507337e-9	-0.02789790128757698	0.012174757508720652	-36007.96552241948	16493.96940116344
6.6279168e6	10.82491007973571	0.2414963308298584	-7.541256563260694e-8	-1.3175072256220238e-9	-0.027908646354810423	0.01217283387339595	-36176.34060308699	16567.42901604081
6.6576384e6	10.822666671453586	0.24145717262241256	-7.554897260346483e-8	-1.31749261129402e-9	-0.027919418975028913	0.012170897408183948	-36344.780594019525	16640.876991209083
6.68736e6	10.82041920056261	0.24141801493745582	-7.56860672212263e-8	-1.3174696829633522e-9	-0.027930219311671042	0.012168948017402018	-36513.28566224612	16714.313248627845
6.7170816e6	10.818167645479978	0.2413788580478567	-7.58238554379642e-8	-1.317438318013899e-9	-0.027941047533482113	0.012166985603482275	-36681.85598119138	16787.73770662807
6.7468032e6	10.815911984711397	0.24133970222195025	-7.596234326125296e-8	-1.3173983917774495e-9	-0.027951903809629693	0.012165010068136577	-36850.49172422998	16861.150283649484
6.7765248e6	10.813652196762574	0.24130054772807158	-7.610153676073977e-8	-1.317349777531351e-9	-0.027962788310086684	0.01216302131223517	-37019.19306473656	16934.550898131783
6.8062464e6	10.811388260139212	0.2412613948345557	-7.624144206899528e-8	-1.3172923464623576e-9	-0.02797370120563943	0.012161019235797694	-37187.9601760858	17007.939468514698
6.835968e6	10.809120153347024	0.24122224380973772	-7.638206538236654e-8	-1.3172259676308264e-9	-0.027984642667895097	0.01215900373798612	-37356.79323165236	17081.31591323793
6.8656896e6	10.80684785489171	0.2411830949219527	-7.652341296184109e-8	-1.3171505079348846e-9	-0.027995612869290212	0.012156974717094858	-37525.69240481089	17154.6801507412
6.8954112e6	10.80457134327898	0.2411439484395357	-7.666549113393348e-8	-1.3170658320725952e-9	-0.028006611983098617	0.012154932070542442	-37694.657868936076	17228.032099464217
6.9251328e6	10.802290597014537	0.24110480463082182	-7.680830629158557e-8	-1.3169718025039245e-9	-0.02801764018343956	0.012152875694863337	-37863.68979740256	17301.3716778467
6.9548544e6	10.80000559460409	0.2410656637641461	-7.695186489507706e-8	-1.3168682794122415e-9	-0.02802869764528638	0.012150805485698185	-38032.78836358502	17374.69880432836
6.984576e6	10.797716314553343	0.2410265261078436	-7.709617347295156e-8	-1.3167551206650924e-9	-0.028039784544474745	0.012148721337784874	-38201.953740858116	17448.01339734891
7.0142976e6	10.795422735368005	0.24098739193024946	-7.72412386229693e-8	-1.3166321817731345e-9	-0.028050901057711297	0.012146623144950101	-38371.186102596504	17521.315375348066
7.0440192e6	10.793124835549701	0.2409482614998302	-7.738706701333109e-8	-1.316499315850916e-9	-0.02806204736260067	0.012144510800094445	-38540.485622190376	17594.604656755164
7.0737408e6	10.790822592396326	0.24090913511840586	-7.753366546381693e-8	-1.316356373773406e-9	-0.028073223643053112	0.012142384193753318	-38709.85247848967	17667.88115656293
7.1034624e6	10.788515981619053	0.2408700131204142	-7.768104097305379e-8	-1.316203204110912e-9	-0.028084430091137588	0.012140243213672373	-38879.28685937498	17741.14478445314
7.133184e6	10.7862049790568	0.2408308958322636	-7.782920060651924e-8	-1.3160396528114562e-9	-0.028095666899342526	0.01213808774677908	-39048.78895287297	17814.395450163283
7.1629056e6	10.783889560548483	0.24079178358036246	-7.797815150638123e-8	-1.3158655632017614e-9	-0.028106934261123075	0.012135917678995264	-39218.358947010354	17887.63306343086
7.1926272e6	10.78156970193302	0.2407526766911191	-7.812790089259141e-8	-1.3156807759403091e-9	-0.028118232370910982	0.012133732895226734	-39387.99702981381	17960.85753399337
7.2223488e6	10.779245379049328	0.24071357549094188	-7.827845606399807e-8	-1.315485128969183e-9	-0.028129561424124747	0.012131533279352076	-39557.703389310016	18034.06877158831
7.2520704e6	10.776916567736324	0.24067448030623922	-7.842982439947299e-8	-1.3152784574659063e-9	-0.028140921617179876	0.012129318714212496	-39727.47821352568	18107.266685953182
7.281792e6	10.774583243832927	0.24063539146341942	-7.85820133590615e-8	-1.3150605937935704e-9	-0.028152313147499067	0.012127089081600656	-39897.321690487486	18180.45118682547
7.3115136e6	10.772245383178051	0.2405963092888909	-7.873503048515458e-8	-1.3148313674500609e-9	-0.028163736213523003	0.012124844262248805	-40067.23400822211	18253.622183942687
7.3412352e6	10.769902961610615	0.24055723410906196	-7.888888340367891e-8	-1.3145906050162816e-9	-0.028175191014720494	0.01212258413581961	-40237.21535475626	18326.779587042325
7.3709568e6	10.767555954969538	0.24051816625034103	-7.904357982530536e-8	-1.3143381301038113e-9	-0.0281866777515999	0.01212030858089197	-40407.26591811662	18399.923305861877
7.4006784e6	10.765204339093733	0.24047910603913644	-7.919912754669001e-8	-1.3140737633002759e-9	-0.02819819662571946	0.012118017474952503	-40577.38588632987	18473.053250138848
7.4304e6	10.762848089822121	0.2404400538018566	-7.935553445171858e-8	-1.3137973221154116e-9	-0.028209747839698925	0.012115710694381136	-40747.5754474227	18546.16932961073
7.4601216e6	10.760487182017858	0.24040100989360166	-7.951280858115871e-8	-1.313508621032207e-9	-0.028221331601670875	0.01211338811321284	-40917.83479360242	18619.271451339002
7.4898432e6	10.758121588195506	0.24036197472615226	-7.967095823083047e-8	-1.3132074715048708e-9	-0.0282329481316675	0.012111049601441735	-41088.16412907474	18692.359515100005
7.5195648e6	10.75575128102658	0.240322948698504	-7.982999177942392e-8	-1.312893681606239e-9	-0.028244597650231677	0.012108695028106829	-41258.56365865058	18765.433420543384
7.5492864e6	10.753376233189439	0.24028393220941668	-7.998991770091172e-8	-1.3125670560276772e-9	-0.02825628037904716	0.012106324261043123	-41429.03358711695	18838.493067335225
7.579008e6	10.75099641736244	0.24024492565765007	-8.015074456647519e-8	-1.3122273960159724e-9	-0.028267996540982207	0.01210393716685979	-41599.574119260855	18911.538355141598
7.6087296e6	10.748611806223945	0.24020592944196395	-8.03124810459649e-8	-1.3118744993091062e-9	-0.028279746360102474	0.012101533610926328	-41770.1854598693	18984.56918362858
7.6384512e6	10.746222372452308	0.24016694396111804	-8.047513590938925e-8	-1.3115081600705432e-9	-0.02829153006168421	0.012099113457358547	-41940.867813729295	19057.585452462252
7.6681728e6	10.743828088725893	0.24012796961387217	-8.063871802843005e-8	-1.3111281688222376e-9	-0.0283033478722273	0.012096676569006232	-42111.621385627834	19130.587061308677
7.6978944e6	10.741428927723057	0.24008900679898607	-8.080323637798456e-8	-1.310734312376415e-9	-0.028315200019469175	0.012094222807436852	-42282.44638035195	19203.57390983394
7.727616e6	10.739024862122156	0.24005005591521952	-8.096870003774994e-8	-1.3103263737644073e-9	-0.028327086732398272	0.01209175203292311	-42453.343002688605	19276.545897704113
7.7573376e6	10.736615864601552	0.2400111173613323	-8.113511819381302e-8	-1.3099041321664112e-9	-0.028339008241267998	0.01208926410442736	-42624.31145742485	19349.502924585267
7.7870592e6	10.734201907839601	0.23997219153608415	-8.130250014029213e-8	-1.3094673628376905e-9	-0.028350964777610836	0.012086758879588015	-42795.35194934766	19422.444890143484
7.8167808e6	10.731782964514666	0.23993327883823487	-8.147085528099967e-8	-1.3090158370339656e-9	-0.02836295657425282	0.012084236214703151	-42966.464683244056	19495.371694044836
7.8465024e6	10.729359006578868	0.23989437968920355	-8.164019318463604e-8	-1.308549321967605e-9	-0.028374983868672307	0.012081695963750647	-43137.64986683062	19568.283234049948
7.876224e6	10.726930002864247	0.2398554945945085	-8.18105237635408e-8	-1.308067580729313e-9	-0.028387046914172286	0.012079137975234697	-43308.907722407595	19641.179398836557
7.9059456e6	10.724495922204914	0.23981662404623055	-8.198185704808972e-8	-1.3075703720099116e-9	-0.028399145965568712	0.012076562096281001	-43480.238474282734	19714.060076182945
7.9356672e6	10.722056733498055	0.23977776853412075	-8.215420318502382e-8	-1.3070574500810046e-9	-0.028411281278825657	0.0120739681726242	-43651.64234656386	19786.92515400844
7.9653888e6	10.719612405640863	0.2397389285479302	-8.232757244402993e-8	-1.3065285647129093e-9	-0.028423453111359354	0.012071356048504307	-43823.11956335875	19859.774520232357
7.9951104e6	10.717162907530522	0.23970010457740998	-8.250197521969524e-8	-1.3059834610867548e-9	-0.028435661722055028	0.012068725566650063	-43994.670348775224	19932.60806277402
8.024832e6	10.714708208064224	0.23966129711231113	-8.267742203349191e-8	-1.3054218797049396e-9	-0.02844790737128374	0.012066076568261742	-44166.294926921095	20005.42566955275
8.0545536e6	10.712248276139158	0.2396225066423848	-8.285392353581317e-8	-1.304843556298589e-9	-0.02846019032092001	0.012063408892992282	-44337.99352190416	20078.22722848787
8.0842752e6	10.70978308065251	0.239583733657382	-8.303149050804777e-8	-1.3042482217330164e-9	-0.02847251083435949	0.012060722378929543	-44509.76635783223	20151.01262749871
8.1139968e6	10.707312590501472	0.23954497864705387	-8.321013386468504e-8	-1.3036356019120297e-9	-0.02848486917653653	0.012058016862578598	-44681.61365881312	20223.781754504573
8.1437184e6	10.704836774583232	0.23950624210115146	-8.338986465547167e-8	-1.303005417679301e-9	-0.028497265613942797	0.012055292178842	-44853.53564895462	20296.534497424796
8.17344e6	10.702355601794977	0.23946752450942585	-8.357069406761381e-8	-1.3023573847169842e-9	-0.028509700414645556	0.012052548161001653	-45025.532552364544	20369.270744178695
8.2031616e6	10.699869041033896	0.2394288263616281	-8.37526334280046e-8	-1.301691213444022e-9	-0.028522173848306704	0.012049784640698539	-45197.604593150696	20441.99038268559
8.2328832e6	10.697377060718757	0.23939014816336932	-8.393569424269087e-8	-1.301006608892738e-9	-0.028534686188432783	0.012047001447240883	-45369.75199722813	20514.69329967099
8.2626048e6	10.694879625437428	0.23935149053320864	-8.411988846028204e-8	-1.3003032703701603e-9	-0.02854723772816729	0.012044198402915363	-45541.97500701829	20587.37937135709
8.2923264e6	10.692376699318299	0.23931285408443534	-8.430522821578602e-8	-1.2995808913398283e-9	-0.028559828764706377	0.012041375327687507	-45714.27386964834	20660.048471441973
8.322048e6	10.689868246690253	0.23927423942239096	-8.449172578357204e-8	-1.2988391594219038e-9	-0.02857245959610185	0.012038532039992672	-45886.64883167659	20732.700474036563
8.3517696e6	10.687354231882171	0.23923564715241713	-8.467939359559439e-8	-1.2980777562742413e-9	-0.028585130522207132	0.012035668356425243	-46059.10013966137	20805.335253251797
8.3814912e6	10.684834619222935	0.23919707787985545	-8.486824424405167e-8	-1.2972963574690585e-9	-0.02859784184469954	0.012032784091716075	-46231.62804016101	20877.952683198597
8.4112128e6	10.682309373041425	0.2391585322100475	-8.505829048408665e-8	-1.2964946323684361e-9	-0.028610593867102938	0.012029879058709418	-46404.23277973383	20950.552637987894
8.4409344e6	10.679778457666524	0.2391200107483349	-8.524954523656413e-8	-1.2956722439945046e-9	-0.028623386894810775	0.012026953068339287	-46576.91460493814	21023.13499173061
8.470656e6	10.677241837427113	0.23908151410005923	-8.544202159089046e-8	-1.2948288488982116e-9	-0.02863622123510937	0.012024005929606181	-46749.67376233227	21095.699618537685
8.5003776e6	10.674699476652075	0.2390430428705621	-8.563573280789394e-8	-1.2939640970249415e-9	-0.02864909719720168	0.012021037449553513	-46922.51049847455	21168.246392520035
8.5300992e6	10.67215133967029	0.23900459766518511	-8.583069232277152e-8	-1.2930776315761437e-9	-0.028662015092231836	0.012018047433241247	-47095.4250599233	21240.7751877886
8.5598208e6	10.669597390810639	0.23896617908926987	-8.60269137480905e-8	-1.2921690888685114e-9	-0.028674975233309297	0.01201503568372341	-47268.41769323685	21313.285878454306
8.5895424e6	10.667037594402004	0.23892778774815795	-8.622441087686482e-8	-1.2912380981885617e-9	-0.02868797793553429	0.012012002002020863	-47441.488644973506	21385.77833862807
8.619264e6	10.66447191452308	0.23888942425598816	-8.642319770624599e-8	-1.2902842816126114e-9	-0.028701023517205958	0.012008946186724089	-47614.63816257397	21458.25244182921
8.6489856e6	10.661900310838918	0.23885108936759653	-8.66232887835382e-8	-1.2893072531898292e-9	-0.02871411231967222	0.012005868027812712	-47787.86651106281	21530.708050173973
8.6787072e6	10.659322741629925	0.23881278385664842	-8.682469896479296e-8	-1.288306618964048e-9	-0.02872724469324498	0.012002767311144783	-47961.17396450357	21603.145020514774
8.7084288e6	10.65673916564522	0.23877450847697046	-8.70274432688346e-8	-1.2872819771695332e-9	-0.02874042098828302	0.011999643821027691	-48134.56079577403	21675.563210588676
8.7381504e6	10.654149541633927	0.2387362639823893	-8.723153691952165e-8	-1.2862329180201161e-9	-0.02875364155741102	0.011996497339470783	-48308.027277751935	21747.96247813273
8.767872e6	10.651553828345163	0.23869805112673156	-8.743699534942085e-8	-1.2851590235350768e-9	-0.028766906755549104	0.011993327646156533	-48481.57368331509	21820.342680883998
8.7975936e6	10.648951984528047	0.23865987066382385	-8.764383420356491e-8	-1.2840598673604663e-9	-0.028780216939943457	0.011990134518409749	-48655.200285341256	21892.70367657954
8.8273152e6	10.646343968931703	0.23862172334749282	-8.785206934329395e-8	-1.2829350145857506e-9	-0.028793572470197176	0.011986917731166724	-48828.907356708216	21965.045322956405
8.8570368e6	10.643729740305247	0.23858360993156505	-8.806171685016923e-8	-1.2817840215576082e-9	-0.028806973708302104	0.011983677056943334	-49002.69517029376	22037.367477751668
8.8867584e6	10.641109257397801	0.2385455311698672	-8.827279302999688e-8	-1.2806064356861783e-9	-0.028820421018670717	0.011980412265803748	-49176.56399897563	22109.66999870237
8.91648e6	10.638482478958485	0.23850748781622588	-8.848531441692297e-8	-1.2794017952487597e-9	-0.028833914768168975	0.011977123125327074	-49350.514115631624	22181.952743545582
8.9462016e6	10.63584936373642	0.2384694806244677	-8.869929777762251e-8	-1.2781696291881395e-9	-0.028847455326149678	0.011973809400574522	-49524.54579313951	22254.21557001835
8.9759232e6	10.633209870480725	0.23843151034841933	-8.891476011559679e-8	-1.2769094569044225e-9	-0.02886104306448651	0.011970470854055504	-49698.65930437707	22326.458335857744
9.0056448e6	10.630563957869642	0.23839357774454262	-8.913171868173845e-8	-1.2756207880256551e-9	-0.028874678357948536	0.011967107245582023	-49872.85492245523	22398.68089864233
9.0353664e6	10.62791157983969	0.23835568373120763	-8.935019138701967e-8	-1.2743031209116733e-9	-0.028888361606788666	0.011963718324905736	-50047.132938006165	22470.883104398275
9.065088e6	10.625252687275344	0.23831782929858752	-8.957019666510753e-8	-1.2729559424994567e-9	-0.028902093228997124	0.01196030383438789	-50221.493657272316	22543.064789577544
9.0948096e6	10.622587232024847	0.23828001539369206	-8.979175313146039e-8	-1.2715787291888805e-9	-0.028915873640847946	0.01195686351508292	-50395.937384305835	22615.22579230351
9.1245312e6	10.61991516593644	0.23824224296353105	-9.001487967284738e-8	-1.270170946403424e-9	-0.02892970326150767	0.011953397105138593	-50570.46442315885	22687.365950699543
9.1542528e6	10.617236440858365	0.23820451295511433	-9.023959545254695e-8	-1.268732048337062e-9	-0.028943582513076795	0.011949904339753955	-50745.07507788353	22759.48510288902
9.1839744e6	10.614551008638863	0.23816682631545164	-9.046591991565555e-8	-1.2672614776959498e-9	-0.02895751182063098	0.011946384951139989	-50919.769652531984	22831.5830869953
9.213696e6	10.611858821126175	0.2381291839915528	-9.069387279453634e-8	-1.265758665431846e-9	-0.02897149161226406	0.011942838668476492	-51094.548451156355	22903.659741141757
9.2434176e6	10.609159830168544	0.2380915869304276	-9.092347411438897e-8	-1.2642230304692429e-9	-0.028985522319131297	0.011939265217870223	-51269.4117778088	22975.714903451768
9.2731392e6	10.60645398761421	0.23805403607908585	-9.11547441989453e-8	-1.2626539794258057e-9	-0.02899960437549378	0.011935664322310835	-51444.35993654145	23047.7484120487
9.3028608e6	10.603741245311415	0.23801653238453735	-9.138770367631817e-8	-1.261050906323708e-9	-0.02901373821876362	0.011932035701626877	-51619.39323140645	23119.760105055924
9.3325824e6	10.601021555108401	0.23797907679379188	-9.162237348497848e-8	-1.2594131922944539e-9	-0.029027924289549957	0.01192837907244055	-51794.51196645593	23191.749820596808
9.362304e6	10.59829486885341	0.23794167025385923	-9.185877487987906e-8	-1.25774020527537e-9	-0.029042163031705936	0.011924694148122096	-51969.71644574203	23263.717396794724
9.3920256e6	10.595561138394682	0.23790431371174922	-9.20969294387264e-8	-1.2560312996980953e-9	-0.029056454892376574	0.011920980638743127	-52145.0069733169	23335.662671773043
9.4217472e6	10.592820310577359	0.2378670082884153	-9.233685953372482e-8	-1.2542858140510707e-9	-0.029070800346645578	0.011917238242739122	-52320.383871356185	23407.58547163967
9.4514688e6	10.590072326518507	0.23782975527534617	-9.257858841430102e-8	-1.2525030697779043e-9	-0.029085199901531515	0.011913466645654857	-52495.84748651495	23479.485606891023
9.4811904e6	10.587317129833565	0.23779255586216663	-9.282213945606354e-8	-1.250682374312708e-9	-0.029099654055595777	0.011909665533556355	-52671.39815835356	23551.36289305101
9.510912e6	10.584554664138944	0.2377554112384657	-9.306753639973378e-8	-1.248823019791868e-9	-0.029114163311139474	0.011905834588784383	-52847.03622642911	23623.217145645787
9.5406336e6	10.58178487305106	0.2377183225938323	-9.331480335873257e-8	-1.2469242826798236e-9	-0.02912872817426577	0.01190197348989673	-53022.7620302987	23695.0481802015
9.5703552e6	10.57900770018633	0.23768129111785535	-9.356396482686384e-8	-1.244985423385008e-9	-0.02914334915493832	0.011898081911610984	-53198.5759095194	23766.855812244303
9.6000768e6	10.576223089161164	0.23764431800012384	-9.381504568620818e-8	-1.2430056858632427e-9	-0.029158026767040872	0.011894159524747814	-53374.47820364832	23838.639857300346
9.6297984e6	10.573430983591981	0.23760740443022668	-9.406807121518492e-8	-1.2409842972135996e-9	-0.029172761528438094	0.011890205996171996	-53550.469252242525	23910.400130895774
9.65952e6	10.570631327095196	0.2375705515977529	-9.432306709685342e-8	-1.2389204672587383e-9	-0.029187553961038015	0.01188622098873168	-53726.54939485911	23982.13644855674
9.6892416e6	10.56782406328722	0.23753376069229135	-9.458005942741206e-8	-1.2368133881154034e-9	-0.029202404590855106	0.011882204161198569	-53902.718971055154	24053.84862580939
9.7189632e6	10.565009135784472	0.23749703290343105	-9.483907472491429e-8	-1.2346622337525788e-9	-0.029217313948075772	0.01187815516820375	-54078.97832038776	24125.536478179878
9.7486848e6	10.562186488152529	0.23746036942282003	-9.510013994325287e-8	-1.232466159507893e-9	-0.029232282567376346	0.011874073660086056	-54255.32778256638	24197.199821091854
9.7784064e6	10.559356057593861	0.23742377168027098	-9.53632831074862e-8	-1.2302242979410346e-9	-0.0292473110195123	0.011869959271727515	-54431.767718672876	24268.838455844612
9.808128e6	10.556517776269871	0.23738724124768884	-9.562853320259894e-8	-1.2279357584430458e-9	-0.029262399905332102	0.011865811624861423	-54608.29851219079	24340.452169470438
9.8378496e6	10.553671577833024	0.2373507796244469	-9.589591954559258e-8	-1.2255996304629037e-9	-0.029277549823142228	0.011861630339217156	-54784.92054355881	24412.040751206816
9.8675712e6	10.550817395935782	0.23731438830991838	-9.616547194428285e-8	-1.2232149822241055e-9	-0.029292761376099524	0.011857415029745369	-54961.63419321561	24483.603990291223
9.8972928e6	10.54795516423061	0.23727806880347663	-9.643722070811288e-8	-1.2207808601719348e-9	-0.02930803517229096	0.011853165306541787	-55138.43984159989	24555.141675961146
9.9270144e6	10.545084816369974	0.23724182260449486	-9.671119665923776e-8	-1.218296288406522e-9	-0.029323371824815318	0.011848880774769456	-55315.337869150295	24626.653597454053
9.956736e6	10.542206286006335	0.2372056512123464	-9.698743114392615e-8	-1.2157602680971009e-9	-0.029338771951866686	0.011844561034579518	-55492.32865630552	24698.13954400743
9.9864576e6	10.539319506792161	0.2371695561264045	-9.726595604427031e-8	-1.2131717768789323e-9	-0.029354236176819825	0.011840205681030221	-55669.412583504265	24769.59930485876
1.00161792e7	10.536424412379915	0.2371335388460424	-9.754680379020296e-8	-1.2105297682333008e-9	-0.029369765128317647	0.011835814304003303	-55846.59003118519	24841.032669245513
1.00459008e7	10.53352093642206	0.23709760087063342	-9.78300073718721e-8	-1.2078331708460362e-9	-0.029385359440360206	0.011831386488120571	-56023.86137978699	24912.439426405184
1.00756224e7	10.53060901257106	0.23706174369955083	-9.811560035233934e-8	-1.2050808879481053e-9	-0.029401019752396278	0.011826921812656854	-56201.227009748334	24983.819365575237
1.0105344e7	10.527688574216237	0.2370259688421987	-9.840361690835665e-8	-1.2022717964353878e-9	-0.029416746710754466	0.011822419850965266	-56378.68730235215	25055.17227541094
1.01350656e7	10.524759546335629	0.23699027811110326	-9.869409270589631e-8	-1.199404739673047e-9	-0.02943254101034493	0.01181788015536083	-56556.242668097446	25126.49792491123
1.01647872e7	10.521821849722798	0.23695467343522567	-9.898706448538905e-8	-1.196478529271914e-9	-0.029448403373728668	0.011813302264715098	-56733.89353639546	25197.796071243414
1.01945088e7	10.518875406351507	0.23691915669235122	-9.92825695188846e-8	-1.1934919484810555e-9	-0.029464334523773495	0.01180868571400715	-56911.64033365932	25269.06647381637
1.02242304e7	10.515920138195517	0.23688372976026514	-9.958064574999092e-8	-1.1904437505234962e-9	-0.0294803351897157	0.0118040300320106	-57089.483486302124	25340.308892038964
1.0253952e7	10.512955967228589	0.2368483945167527	-9.988133180978592e-8	-1.187332657763374e-9	-0.0294964061072738	0.011799334741186603	-57267.423420736995	25411.52308532008
1.02836736e7	10.509982815424484	0.23681315283959914	-1.001846670331874e-7	-1.184157360847374e-9	-0.029512548018763934	0.01179459935757721	-57445.46056337706	25482.70881306859
1.03133952e7	10.507000604756962	0.2367780066065897	-1.0049069147580833e-7	-1.1809165178174801e-9	-0.02952876167321984	0.011789823390691486	-57623.595340635446	25553.865834693377
1.03431168e7	10.504009257199787	0.23674295769550965	-1.0079944593130378e-7	-1.177608753195637e-9	-0.029545047826514077	0.0117850063433939	-57801.82817892526	25624.993909603316
1.03728384e7	10.50100869472672	0.23670800798414426	-1.0111097194923937e-7	-1.1742326570376766e-9	-0.02956140724148349	0.011780147711786154	-57980.15950465962	25696.09279720727
1.040256e7	10.497998839311519	0.23667315935027877	-1.0142531185347422e-7	-1.170786783958167e-9	-0.029577840688056644	0.011775246985089591	-58158.589744251636	25767.16225691413
1.04322816e7	10.494979610929926	0.23663841375426264	-1.0174250898653872e-7	-1.1672696501651151e-9	-0.029594348953709042	0.011770303641605334	-58337.11933000783	25838.202044180613
1.04620032e7	10.491950916820894	0.23660377363959872	-1.0206260894880417e-7	-1.1636797212818734e-9	-0.029610932899536264	0.011765317127614534	-58515.74873647398	25909.21188646823
1.04917248e7	10.488912664353686	0.23656924138641464	-1.0238565819120974e-7	-1.1600154229297968e-9	-0.029627593394368015	0.011760286882219778	-58694.47844408611	25980.19150773278
1.05214464e7	10.485864761562743	0.2365348193442259	-1.0271170398297694e-7	-1.1562751403392989e-9	-0.029644331311815028	0.01175521233794159	-58873.30893165637	26051.140633042978
1.0551168e7	10.482807116482503	0.23650050986254798	-1.0304079450926789e-7	-1.1524572165193406e-9	-0.0296611475338381	0.01175009291925727	-59052.240677996895	26122.058987467557
1.05808896e7	10.479739637147404	0.23646631529089637	-1.0337297889453429e-7	-1.1485599510076216e-9	-0.029678042950909197	0.011744928042451154	-59231.274161919835	26192.946296075246
1.06106112e7	10.476662231591888	0.2364322379787866	-1.0370830722659548e-7	-1.144581598578648e-9	-0.029695018462176044	0.01173971711546419	-59410.409862237335	26263.80228393478
1.06403328e7	10.473574807850394	0.2363982802757341	-1.0404683058148205e-7	-1.1405203679062887e-9	-0.029712074975631678	0.011734459537737307	-59589.64825776155	26334.62667611488
1.06700544e7	10.470477273957362	0.2363644445312544	-1.0438860104904413e-7	-1.13637442018227e-9	-0.02972921340828801	0.011729154700052577	-59768.98982730461	26405.419197684274
1.0699776e7	10.46736953794723	0.23633073309486302	-1.0473367175941062e-7	-1.132141867682959e-9	-0.029746434686354264	0.011723801984369326	-59948.43504967866	26476.179573711695
1.07294976e7	10.464251507854438	0.2362971483160754	-1.0508209691026199e-7	-1.1278207722894714e-9	-0.029763739745419845	0.011718400763657167	-60127.984403695846	26546.907529265867
1.07592192e7	10.461123084661947	0.23626369282965304	-1.0543393264656195e-7	-1.1234091351119098e-9	-0.029781129567910927	0.011712950387214136	-60307.63838964359	26617.602775001913
1.07889408e7	10.457984155741233	0.2362303697700482	-1.0578923790703112e-7	-1.118904885363922e-9	-0.029798605218683896	0.011707450166889196	-60487.39755470445	26688.26499054664
1.08186624e7	10.45483461189774	0.2361971820990287	-1.0614807242640093e-7	-1.114305899157132e-9	-0.02981616775541483	0.011701899411529064	-60667.26243921196	26758.893860419757
1.0848384e7	10.451674343998622	0.23616413277571768	-1.0651049717523111e-7	-1.109609993784464e-9	-0.02983381824638327	0.011696297419701624	-60847.23358332759	26829.48906925783
1.08781056e7	10.448503242911041	0.23613122475923817	-1.06876574401421e-7	-1.1048149257832403e-9	-0.029851557771023635	0.011690643479363853	-61027.31152721276	26900.050301697407
1.09078272e7	10.445321199502155	0.23609846100871326	-1.0724636766538731e-7	-1.0999183890108352e-9	-0.029869387420158895	0.011684936867648738	-61207.49681102894	26970.57724237503
1.09375488e7	10.442128104639123	0.236065844483266	-1.0761994187649182e-7	-1.0949180126432892e-9	-0.029887308296240273	0.011679176850649427	-61387.789974937565	27041.069575927264
1.09672704e7	10.438923849189102	0.23603337814201952	-1.0799736333066242e-7	-1.0898113591046684e-9	-0.029905321513594093	0.011673362683195507	-61568.191559100065	27111.526986990644
1.0996992e7	10.435708324019252	0.23600106494409687	-1.083786997493579e-7	-1.084595921913516e-9	-0.029923428198675307	0.011667493608624485	-61748.70210367788	27181.949160201726
1.10267136e7	10.432481419516003	0.23596890787009822	-1.0876402038185284e-7	-1.0792691227293254e-9	-0.02994162949290761	0.011661568857501614	-61929.3221500788	27252.33577933223
1.10564352e7	10.42924301265246	0.23593691045584392	-1.0915339772213133e-7	-1.0738282889034234e-9	-0.02995992662274441	0.011655587619344964	-62110.05227915129	27322.686501358683
1.10861568e7	10.425992972516376	0.23590507648750514	-1.095469068801938e-7	-1.0682706573877848e-9	-0.029978320871251168	0.011649549054152119	-62290.89310298716	27393.000962903916
1.11158784e7	10.422731169417405	0.23587340968315618	-1.0994462447969455e-7	-1.0625933857209206e-9	-0.029996813529233685	0.011643452311269509	-62471.84523194131	27463.27880197166
1.11456e7	10.4194574736652	0.23584191376087127	-1.1034662886590617e-7	-1.0567935475350404e-9	-0.03001540590202708	0.011637296526380226	-62652.90927636869	27533.51965656567
1.11753216e7	10.416171755569415	0.2358105924387246	-1.1075300015664757e-7	-1.0508681297179288e-9	-0.030034099309822895	0.011631080821211802	-62834.085846624235	27603.72316468969
1.12050432e7	10.412873885439703	0.23577944943479048	-1.1116382029507691e-7	-1.0448140294617805e-9	-0.030052895088006137	0.011624804303235457	-63015.37555306286	27673.88896434747
1.12347648e7	10.409563733585717	0.2357484884671431	-1.1157917310440152e-7	-1.0386280511966739e-9	-0.030071794587502525	0.011618466065357472	-63196.77900603953	27744.01669354275
1.12644864e7	10.406241170317111	0.23571771325385676	-1.1199914434461464e-7	-1.03230690340026e-9	-0.03009079917513633	0.011612065185600559	-63378.29681590913	27814.105990279284
1.1294208e7	10.40290606594354	0.23568712751300566	-1.1242382177133386e-7	-1.0258471952800064e-9	-0.030109910233999018	0.011605600726777882	-63559.929593026616	27884.15649256081
1.13239296e7	10.399558285884002	0.2356567351751118	-1.1285329587442568e-7	-1.0192454241752955e-9	-0.03012912919071106	0.011599071725000992	-63741.6779611223	27954.167829222388
1.13536512e7	10.396197673504748	0.23562654106944714	-1.1328766235186463e-7	-1.0124979380873995e-9	-0.030148457610974854	0.011592477150062824	-63923.54261033805	28024.139584194025
1.13833728e7	10.392824073698751	0.2355965498939967	-1.1372701897604795e-7	-1.0056009733992972e-9	-0.030167897071245522	0.011585815958127004	-64105.52423333299	28094.071340359875
1.14130944e7	10.38943733204497	0.2355667663147442	-1.1417146578903087e-7	-9.98550649545922e-10	-0.030187449163434122	0.011579087089085784	-64287.62352111701	28163.962681757614
1.1442816e7	10.386037294122364	0.2355371949976734	-1.1462110527261756e-7	-9.913429634871883e-10	-0.03020711549912659	0.011572289464576476	-64469.841164700054	28233.813192424943
1.14725376e7	10.382623805509887	0.2355078406087679	-1.1507604242673189e-7	-9.839737852453321e-10	-0.03022689771006629	0.011565421987558762	-64652.17785509203	28303.622456399546
1.15022592e7	10.3791967117865	0.23547870781401148	-1.1553638485083744e-7	-9.764388532563177e-10	-0.030246797448652572	0.011558483541877572	-64834.63428330286	28373.390057719116
1.15319808e7	10.375755858531159	0.23544980127938783	-1.1600224282867033e-7	-9.687337695148425e-10	-0.030266816388455634	0.011551472991812564	-65017.211140342486	28443.115580421352
1.15617024e7	10.372301091316576	0.23542112567118254	-1.164737294171891e-7	-9.60853994506499e-10	-0.0302869562247837	0.011544389181598412	-65199.90911723519	28512.798608534118
1.1591424e7	10.368832241440776	0.2353926863002249	-1.1695096266519151e-7	-9.527948097001475e-10	-0.03030721875533001	0.011537230900650177	-65382.728942180474	28582.438700902447
1.16211456e7	10.36534912071984	0.23536448924746828	-1.17434066556436e-7	-9.44551296401237e-10	-0.030327605911575233	0.011529996870230267	-65565.67140446545	28652.035375298714
1.16508672e7	10.361851544147543	0.2353365403998085	-1.1792316781116401e-7	-9.361183785351637e-10	-0.030348119632701162	0.011522685796316505	-65748.73728988078	28721.588152006392
1.16805888e7	10.358339326717665	0.23530884564414142	-1.1841839647243933e-7	-9.274908095089867e-10	-0.030368761883771977	0.011515296361159002	-65931.92738421715	28791.09655130895
1.17103104e7	10.354812283423986	0.2352814108673628	-1.1891988602096309e-7	-9.186631655700354e-10	-0.030389534656419765	0.011507827222684997	-66115.24247326517	28860.56009348985
1.1740032e7	10.351270229260281	0.23525424195636846	-1.194277734947746e-7	-9.096298388609358e-10	-0.030410439969552942	0.011500277013887599	-66298.68334281554	28929.978298832568
1.17697536e7	10.347712979220331	0.23522734479805424	-1.1994219961409183e-7	-9.003850301542774e-10	-0.030431479870090646	0.011492644342192321	-66482.2507786589	28999.35068762057
1.17994752e7	10.34414034829791	0.23520072527931593	-1.2046330891155948e-7	-8.909227412485807e-10	-0.030452656433722924	0.011484927788802507	-66665.94556658591	29068.676780137328
1.18291968e7	10.340552149629788	0.2351743893734617	-1.2099125016497434e-7	-8.812367620444085e-10	-0.03047397177634073	0.011477125903339488	-66849.76849688252	29137.956093513836
1.18589184e7	10.336948167251817	0.23514834434642878	-1.2152618093251558e-7	-8.713205871042417e-10	-0.030495428211825996	0.011469237134284518	-67033.72043660481	29207.188091911474
1.188864e7	10.333328176153513	0.23512259776471064	-1.2206826463455805e-7	-8.611674542687143e-10	-0.030517028139929007	0.011461259877660848	-67217.80228708655	29276.372217152624
1.19183616e7	10.329691953951905	0.2350971570599846	-1.2261766889031888e-7	-8.507703657697906e-10	-0.03053877398004069	0.011453192504833067	-67402.0149445915	29345.507914792353
1.19480832e7	10.32603927826402	0.235072029663928	-1.2317456610946477e-7	-8.401220712198785e-10	-0.03056066818714927	0.011445033354992317	-67586.35930538342	29414.594630385727
1.19778048e7	10.322369926706884	0.23504722300821812	-1.2373913367259347e-7	-8.292150569643636e-10	-0.03058271325287035	0.011436780734278217	-67770.83626572607	29483.63180948781
1.20075264e7	10.318683676897528	0.23502274452453228	-1.2431155412001039e-7	-8.180415349140148e-10	-0.030604911706516198	0.011428432914870492	-67955.4467218832	29552.61889765366
1.2037248e7	10.314980306452979	0.23499860164454783	-1.2489201534944025e-7	-8.065934308084909e-10	-0.0306272661162058	0.011419988134047864	-68140.1915701186	29621.55534043835
1.20669696e7	10.311259586926994	0.23497480208331914	-1.2548071186652116e-7	-7.948623525931015e-10	-0.030649779125591754	0.011411444577172825	-68325.0717216179	29690.440573236578
1.20966912e7	10.307521252310181	0.23495135524358962	-1.2607785050902414e-7	-7.828394728092571e-10	-0.03067245364122745	0.011402800292799668	-68510.08818596939	29759.273964412245
1.21264128e7	10.303765035806515	0.23492827047671216	-1.266836445356292e-7	-7.705156236732621e-10	-0.03069529262023009	0.011394053287151608	-68695.24198243434	29828.054875706122
1.21561344e7	10.299990672292118	0.2349055570514635	-1.2729831347070474e-7	-7.578812900478117e-10	-0.030718299056890486	0.011385201528956893	-68880.53412654722	29896.78267139472
1.2185856e7	10.296197896643113	0.23488322423662042	-1.279220836562736e-7	-7.449265883254375e-10	-0.030741475993902163	0.011376242943792409	-69065.96563384253	29965.456715754568
1.22155776e7	10.292386443735621	0.2348612813009597	-1.285551885311128e-7	-7.316412496738641e-10	-0.0307648265238869	0.011367175412803842	-69251.53751985474	30034.076373062184
1.22452992e7	10.288556048018274	0.2348397375351432	-1.291978690025334e-7	-7.180146008241138e-10	-0.03078835379353331	0.011357996770191187	-69437.25080102301	30102.641006988768
1.22750208e7	10.284706422815969	0.23481860322053327	-1.2985037757784993e-7	-7.040354683126335e-10	-0.03081206112945791	0.011348704744601515	-69623.1065458222	30171.149945956022
1.23047424e7	10.280837254592253	0.23479788979667882	-1.3051297993433311e-7	-6.896921281782292e-10	-0.030835952076908	0.01133929694052128	-69809.10589711255	30239.60246758067
1.2334464e7	10.276948228532511	0.2347776087385288	-1.3118595073192471e-7	-6.749723725922074e-10	-0.030860030249589193	0.011329770905425708	-69995.25000288767	30307.997845901715
1.23641856e7	10.27303902982212	0.23475777152103203	-1.318695737693038e-7	-6.598634913261205e-10	-0.030884299324000167	0.01132012413141811	-70181.54001114111	30376.33535495816
1.23939072e7	10.269109343646468	0.23473838961913748	-1.3256414238500152e-7	-6.443522473784899e-10	-0.03090876304155675	0.011310354053467638	-70367.97706986648	30444.614268789002
1.24236288e7	10.265158855190935	0.234719474507794	-1.3326995988025695e-7	-6.284248511992555e-10	-0.03093342521080994	0.0113004580475755	-70554.56232705733	30512.833861433253
1.24533504e7	10.261187237888185	0.23470103824126548	-1.3398734228627688e-7	-6.120668832573076e-10	-0.030958289781663203	0.011290433394893187	-70741.2969569393	30580.99338883388
1.2483072e7	10.25719412499127	0.23468309470517837	-1.3471662459837397e-7	-5.952631354023251e-10	-0.030983361024047827	0.011280277196863675	-70928.18223647695	30649.092036693943
1.25127936e7	10.253179142334172	0.23466565806373627	-1.35458155133118e-7	-5.779977057127475e-10	-0.03100864333294011	0.011269986464695755	-71115.21946682068	30717.128974402247
1.25425152e7	10.249141915760436	0.23464874248055523	-1.3621229467477518e-7	-5.602539944739407e-10	-0.031034141185853868	0.01125955813762003	-71302.40994910974	30785.1033713558
1.25722368e7	10.245082071113611	0.23463236211925115	-1.369794170664652e-7	-5.420146678759472e-10	-0.03105985914590955	0.011248989080392114	-71489.7549844834	30853.014396951618
1.26019584e7	10.240999234237243	0.2346165311434401	-1.3775990983372624e-7	-5.232616195200831e-10	-0.03108580186498878	0.011238276080714725	-71677.25587408085	30920.861220586703
1.263168e7	10.236893022851708	0.2346012641377715	-1.3855417657091118e-7	-5.039758895175123e-10	-0.03111197413781754	0.011227415821934542	-71864.91393523985	30988.643000359683
1.26614016e7	10.232762998866914	0.23458657840536853	-1.39362647944348e-7	-4.841373761415666e-10	-0.031138381206101854	0.011216404735064087	-72052.73061216244	31056.35880682146
1.26911232e7	10.228608711516854	0.2345724916926812	-1.401857737695751e-7	-4.63724978016306e-10	-0.031165028497497353	0.011205239122494758	-72240.70739342396	31124.007680724942
1.27208448e7	10.224429711239955	0.2345590216742683	-1.4102402101821235e-7	-4.427166073322691e-10	-0.031191921543014804	0.011193915194835981	-72428.84576604371	31191.588663959414
1.27505664e7	10.220225548474648	0.23454618602468857	-1.4187787496450584e-7	-4.210891285134916e-10	-0.031219065988871916	0.011182429063687428	-72617.14721704095	31259.100798414147
1.2780288e7	10.215995773659365	0.23453400241850086	-1.427478401322568e-7	-3.988182990044254e-10	-0.03124646760109834	0.011170776737918164	-72805.61323343497	31326.543125978413
1.28100096e7	10.211739934258429	0.23452248868694203	-1.436344419842868e-7	-3.75878689089314e-10	-0.03127413228942961	0.011158954110337073	-72994.24530797597	31393.914684557523
1.28397312e7	10.207457506119482	0.2345116663080665	-1.4453824394355193e-7	-3.5224321094808107e-10	-0.03130206655458591	0.011146956734914311	-73183.04508242721	31461.21440890454
1.28694528e7	10.203147934462436	0.23450155808768658	-1.4545983993871855e-7	-3.278832397243839e-10	-0.03133027723920995	0.011134779946746828	-73372.01428254262	31528.44117637699
1.28991744e7	10.198810673036192	0.23449218634548588	-1.4639984691685081e-7	-3.027687491073736e-10	-0.03135877128372118	0.011122418978656737	-73561.1546208589	31595.59387364851
1.2928896e7	10.194445175589657	0.2344835734011481	-1.4735890817800032e-7	-2.7686817583474175e-10	-0.03138755578718063	0.01110986892887363	-73750.46780991278	31662.671387392755
1.29586176e7	10.19005089587173	0.2344757415743568	-1.4833769486193145e-7	-2.5014832549989326e-10	-0.0314166380142092	0.011097124755515405	-73939.95556224098	31729.672604283365
1.29883392e7	10.185627271625147	0.23446871403382427	-1.4933691152385404e-7	-2.2257416482002704e-10	-0.031446025507605516	0.011084181217595123	-74129.61962103649	31796.596389883645
1.30180608e7	10.181173640036825	0.23446251910152735	-1.5035731940818978e-7	-1.941081216804742e-10	-0.031475726657730616	0.011071032584858215	-74319.46193693491	31863.441466818735
1.30477824e7	10.176689329588847	0.23445718533292392	-1.5139971658876124e-7	-1.6471052042294164e-10	-0.031505750116760114	0.011057672927947182	-74509.484496013	31930.206533194603
1.3077504e7	10.172173672345313	0.23445274108265893	-1.5246493711220584e-7	-1.3433952753033896e-10	-0.03153610472722139	0.01104409614999821	-74699.68927837584	31996.890291224045
1.31072256e7	10.167626000370317	0.2344492147053772	-1.535538541344305e-7	-1.0295098410204803e-10	-0.03156679955553416	0.011030295966784407	-74890.07826412849	32063.491443119852
1.31369472e7	10.163045638783103	0.2344466349347476	-1.5466738421069638e-7	-7.049819720480107e-11	-0.03159784394955391	0.011016265874151266	-75080.6534456665	32130.008682505428
1.31666688e7	10.15843182206969	0.2344450352544906	-1.5580651281343003e-7	-3.693110917805743e-11	-0.031629248118453634	0.011001998846327053	-75271.41699279839	32196.440579965067
1.31963904e7	10.153783735928519	0.2344444514964655	-1.5697228746084293e-7	-2.196353521398497e-12	-0.031661022876105505	0.010987487461323152	-75462.37118892829	32262.785628214646
1.3226112e7	10.149100567495491	0.23444491939041973	-1.581658079546963e-7	3.3762591926575467e-11	-0.031693179319448095	0.010972724059540405	-75653.51831696689	32329.042320429246
1.32558336e7	10.144381503906509	0.23444647466610055	-1.5938823027694492e-7	7.100564276491212e-11	-0.03172572885315726	0.010957700726892353	-75844.86065982486	32395.20914978393
1.32855552e7	10.139625701888994	0.23444915473019337	-1.6064077925390078e-7	1.0959662210154667e-10	-0.031758683416302065	0.010942409171822367	-76036.40055358912	32461.284572836274
1.33152768e7	10.134832200230782	0.2344530031740563	-1.6192477924293292e-7	1.4960435806181965e-10	-0.03179205611526496	0.010926840388375431	-76228.14056557983	32527.266886292495
1.33449984e7	10.130000015360027	0.2344580645976645	-1.6324163288847153e-7	1.9110224743274812e-10	-0.031825860596601745	0.01091098497460447	-76420.0833197815	32593.15434740171
1.337472e7	10.125128163882906	0.23446438358974744	-1.645928200333562e-7	2.3416840787053557e-10	-0.03186011091396213	0.010894833194783264	-76612.23143997906	32658.94521354768
1.34044416e7	10.120215659240774	0.23447200491925163	-1.65979904396131e-7	2.7888607973276914e-10	-0.0318948215747597	0.010878374949008129	-76804.58755500874	32724.63773862265
1.34341632e7	10.115261398240106	0.23448097977704993	-1.6740457595534726e-7	3.2534519481898643e-10	-0.03193000837507845	0.010861599321643206	-76997.15449759201	32790.23003557748
1.34638848e7	10.110264178416532	0.23449136447660812	-1.6886865535717195e-7	3.7364281977420644e-10	-0.03196568832784242	0.010844494608268763	-77189.9353016841	32855.72007823957
1.34936064e7	10.105222802465182	0.23450321496330195	-1.7037407021666997e-7	4.2388269249387606e-10	-0.03200187896130693	0.010827048677011755	-77382.93299900043	32921.10584198087
1.3523328e7	10.10013607245744	0.23451658721845264	-1.7192286554945355e-7	4.761758473973379e-10	-0.0320385983936635	0.010809248920376796	-77576.15062221333	32986.38530150847
1.35530496e7	10.095002681532728	0.23453154333108578	-1.7351725058295768e-7	5.306425019038901e-10	-0.03207586616282204	0.010791081797120206	-77769.59138500936	33051.55630599048
1.35827712e7	10.089821172206403	0.2345481535281213	-1.751596275072222e-7	5.874134557243104e-10	-0.03211370360068614	0.010772532614383205	-77963.25877654582	33116.61651394731
1.36124928e7	10.084590089956915	0.2345664877589584	-1.7685255373948673e-7	6.466292766443347e-10	-0.03215213277629296	0.0107535860830656	-78157.15629017711	33181.563581133334
1.36422144e7	10.07930795405551	0.2345866174828715	-1.7859876611025745e-7	7.084415719156432e-10	-0.03219117676393548	0.01073422615926098	-78351.2874597336	33246.395135336155
1.3671936e7	10.073973088685024	0.2346086250813481	-1.8040126022681093e-7	7.730162955704506e-10	-0.032230860978281116	0.010714435296566628	-78545.65614506733	33311.1085786255
1.37016576e7	10.06858373533643	0.2346325973771624	-1.8226327218196775e-7	8.405337788867151e-10	-0.0322712124370871	0.010694194827322688	-78740.26635888268	33375.7012069964
1.37313792e7	10.063138131740583	0.23465862141147226	-1.8418827069114676e-7	9.111891116700546e-10	-0.032312259251498214	0.010673485223352692	-78935.12211956132	33440.170312526105
1.37611008e7	10.057634355210599	0.23468679346955115	-1.8618004236524247e-7	9.851959572754059e-10	-0.032354031914371556	0.010652285361684739	-79130.22769309675	33504.51301620998
1.37908224e7	10.052070283091036	0.23471722092774075	-1.8824274018370767e-7	1.0627892619779256e-9	-0.0323965637441686	0.010630572249731117	-79325.58768754025	33568.726201990015
1.3820544e7	10.046443781982852	0.23475001168793797	-1.903808422412672e-7	1.1442247399179197e-9	-0.032439889563969364	0.01060832173080742	-79521.20673475551	33632.80673720056
1.38502656e7	10.040752609986482	0.23478528012854005	-1.9259922796160902e-7	1.2297827749173515e-9	-0.03248404659240784	0.010585507957627175	-79717.08961589118	33696.751385818134
1.38799872e7	10.03499418151632	0.2348231604160298	-1.9490332631104895e-7	1.3197753862852788e-9	-0.032529076486016766	0.010562102205283395	-79913.24164271822	33760.55654443766
1.39097088e7	10.02916587094659	0.2348637886364753	-1.9729904007208757e-7	1.414544881292622e-9	-0.0325750231577324	0.010538074059793984	-80109.66821947486	33824.21854563184
1.39394304e7	10.02326500696697	0.23490730363679352	-1.9979280242641684e-7	1.5144676050668356e-9	-0.03262193300598189	0.010513391251627459	-80306.37481061638	33887.73368031493
1.3969152e7	10.017288461148643	0.23495387143946017	-2.0239183865658757e-7	1.6199662212851854e-9	-0.03266985850655277	0.010488017556258321	-80503.36751851102	33951.097797891816
1.39988736e7	10.01123297564679	0.23500366517705612	-2.051041018874051e-7	1.731509559532815e-9	-0.03271885588917848	0.010461914062513946	-80700.65267209562	34014.30659072219
1.40285952e7	10.005095166381453	0.2350568656232521	-2.079383633438679e-7	1.84961876000761e-9	-0.03276898542248788	0.010435038950452055	-80898.23676538416	34077.35563670253
1.40583168e7	9.998871132968278	0.23511368436414115	-2.1090452596059568e-7	1.9748832329139793e-9	-0.03282031507687098	0.010407345303919643	-81096.12700327615	34140.240021562546
1.40880384e7	9.9925568601601	0.23517433963332793	-2.1401356005583167e-7	2.107961679768065e-9	-0.03287291765510759	0.01037878268746991	-81294.33076558259	34202.954710188715
1.411776e7	9.986147922705774	0.23523907463321544	-2.1727781945742318e-7	2.249599521127061e-9	-0.032926873821989826	0.010349295294300384	-81492.85595794853	34265.49430396396
1.41474816e7	9.979639448813963	0.23530815925632567	-2.2071126541514335e-7	2.400643587602219e-9	-0.03298227310636439	0.01031882125082845	-81691.7110970907	34327.85298092322
1.41772032e7	9.973026252467745	0.23538188287460338	-2.2432963085631837e-7	2.562055193873333e-9	-0.03303921352753163	0.010287292709779804	-81890.9050767934	34390.02465917196
1.42069248e7	9.966302438452447	0.23546057808582646	-2.2815094868319744e-7	2.7349405665123203e-9	-0.03309780601671718	0.010254633099790526	-82090.44769741662	34452.002630113704
1.42366464e7	9.95946184868323	0.23554459360253244	-2.3219563758185388e-7	2.920563329296966e-9	-0.033158171554604245	0.010220758655226956	-82290.34908678611	34513.779957945066
1.4266368e7	9.952497371470516	0.23563433744017534	-2.36487382816837e-7	3.120394762463214e-9	-0.033220448750966435	0.010185573711059203	-82490.62049863815	34575.348928457606
1.42960896e7	9.945401442202153	0.23573024550429678	-2.41053365609556e-7	3.3361373406513408e-9	-0.03328479093453484	0.010148972211929378	-82691.27374467438	34636.70144264828
1.43258112e7	9.938165322761867	0.23583282780344003	-2.4592545864453804e-7	3.569796249722349e-9	-0.03335137487814778	0.010110832194777151	-82892.32193455861	34697.82850466997
1.43555328e7	9.930779484996538	0.2359426440071974	-2.511408533673363e-7	3.8237291379696065e-9	-0.03342039975363348	0.010071016088555257	-83093.77907043057	34758.72050259711
1.43852544e7	9.923232960462625	0.23606034538945078	-2.567437008855158e-7	4.100749888919562e-9	-0.033492096542598895	0.010029364611742305	-83295.66069848032	34819.366759245844
1.4414976e7	9.915513485925464	0.23618666630882865	-2.627865165883949e-7	4.404229320644338e-9	-0.03356673071556181	0.009985694647536333	-83497.98369603751	34879.75567946397
1.44446976e7	9.90760710359995	0.2363224498061051	-2.6933248657564466e-7	4.738250399649506e-9	-0.033644611312996744	0.009939793106309373	-83700.76668668381	34939.874463853645
1.44744192e7	9.899497616853465	0.23646868457248146	-2.7645863795602455e-7	5.107821917973112e-9	-0.03372610328370353	0.00989140858292939	-83904.03044034506	34999.70883300451
1.45041408e7	9.891166669705376	0.2366264997655091	-2.842593958634544e-7	5.5191317598916105e-9	-0.033811635478196635	0.00984024550632724	-84107.79780122041	35059.24307921004
1.45338624e7	9.882592445778997	0.23679725224966874	-2.928529339475421e-7	5.979973362789647e-9	-0.03390172630616367	0.00978594702164047	-84312.09473274158	35118.45934626282
1.4563584e7	9.873749203844499	0.23698255877197688	-3.023889551786341e-7	6.500291006673121e-9	-0.033997005363155024	0.00972807993104569	-84516.95061136225	35177.33742763301
1.45933056e7	9.864606201627021	0.23718436957372732	-3.1306045551049975e-7	7.092999907640213e-9	-0.03409824830041621	0.009666110795313331	-84722.39898561515	35235.854247619485
1.46230272e7	9.855126039911195	0.2374050821232288	-3.2512159312648457e-7	7.775235250470601e-9	-0.034206428715348666	0.009599370478889733	-84928.47870199855	35293.98308812847
1.46527488e7	9.845262653790376	0.2376476804258802	-3.389149297062931e-7	8.570273434555936e-9	-0.03432279053085482	0.009527004505629964	-85135.23517042729	35351.69272144563
1.46824704e7	9.83495796458222	0.23791596806839796	-3.5491590772709105e-7	9.510677937848153e-9	-0.03444896323475638	0.009447894291297979	-85342.72241013598	35408.9460090363
1.4712192e7	9.824136708190723	0.2382149310899611	-3.7380831048033454e-7	1.064366588141345e-8	-0.03458714651974617	0.009360530986050527	-85551.00598559948	35465.697889237184
1.47419136e7	9.812698681020073	0.23855128559637423	-3.966185835009588e-7	1.2040730183308334e-8	-0.034740412813270546	0.009262808571944505	-85760.16714713446	35521.89254440467
1.47716352e7	9.80050549558998	0.23893441994470696	-4.2497447753899365e-7	1.381628214927088e-8	-0.03491324791947349	0.009151654366232895	-85970.30938760749	35577.45891613468
1.48013568e7	9.787354925002408	0.2393782326121364	-4.6165657237025046e-7	1.616763223293483e-8	-0.03511262181127992	0.009022298162772861	-86181.5701891795	35632.30267528258
1.48310784e7	9.77293002737504	0.23990480870384737	-5.119255873443478e-7	1.9471935395614917e-8	-0.035350299919664215	0.008866694785672221	-86394.14193465632	35686.291937163536
1.48608e7	9.756680109600882	0.24055309692619328	-5.873786169906308e-7	2.4570108702040318e-8	-0.03564874099454887	0.008669500788342246	-86608.31529360574	35739.22764042108