0	7.764705882352941	0.29411764705882354	-4.192658212179121e-8	-2.4919053393544995e-9	0.0397674507191187	0.02928061332277836	0.	0.
99964.8	7.760511400870198	0.2938683767233863	-4.19926251587557e-8	-2.4952585745928785e-9	0.039806482783352436	0.029304682406211494	807.4921451153168	594.5058492023359
199929.6	7.756310305876949	0.29361877066041725	-4.205889945928633e-8	-2.4986222787776827e-9	0.03984561926374816	0.029328807369213027	1615.7775186635622	1189.500755814153
299894.4	7.752102574163078	0.2933688278194921	-4.212540630233833e-8	-2.501996505423409e-9	0.03988486065552244	0.029352988451065383	2424.8582472361004	1784.9858575923927
399859.2	7.74788818241132	0.2931185471457336	-4.21921469761961e-8	-2.505381308405588e-9	0.03992420745707662	0.029377225892435996	3234.7364657314624	2380.9622962655
499824.	7.7436671071899035	0.29286792757949953	-4.2259122778660865e-8	-2.508776741970236e-9	0.03996366017008165	0.029401519935424583	4045.4143179562643	2977.431217832505
599788.8	7.739439324936988	0.29261696805571846	-4.232633501737192e-8	-2.5121828607505355e-9	0.0400032192996369	0.029425870823652757	4856.893957896523	3574.3937731954843
699753.6	7.735204811954101	0.2923656675036117	-4.239378500998803e-8	-2.5155997197757467e-9	0.04004288535435037	0.029450278802307724	5669.17755025458	4171.851118426536
799718.4	7.730963544437024	0.2921140248479856	-4.2461474083782415e-8	-2.5190273744448006e-9	0.04008265884608717	0.029474744117983075	6482.2672680155	4769.804413589733
899683.2	7.7267154983693285	0.29186203900478697	-4.252940357739882e-8	-2.522465880628743e-9	0.0401225402909344	0.02949926701925883	7296.165300789407	5368.254826762921
999648.	7.722460649700274	0.2916097088885268	-4.259757483813395e-8	-2.525915294506777e-9	0.040162530207649365	0.029523847755752574	8110.873840878807	5967.203527320626
1.0996128e6	7.718198974159203	0.2913570334045446	-4.266598922494389e-8	-2.5293756727430266e-9	0.04020262911932556	0.02954848657912538	8926.395097766075	6566.65169289342
1.1995776e6	7.7139304473847545	0.29110401145439124	-4.273464810649117e-8	-2.532847072368033e-9	0.04024283755227144	0.029573183742394225	9742.731288063855	7166.600504566512
1.2995424e6	7.709655044864023	0.29085064193334287	-4.280355286218841e-8	-2.5363295508390225e-9	0.040283156036571045	0.029597939500266596	10559.884640095428	7767.051149016663
1.3995072e6	7.705372741947551	0.29059692373094154	-4.28727048820496e-8	-2.5398231660280022e-9	0.040323585105978346	0.02962275410906882	11377.857392968217	8368.004818139429
1.499472e6	7.701083513904327	0.29034285573339336	-4.294210556589594e-8	-2.5433279761733366e-9	0.040364125297445624	0.02964762782645481	12196.651791941673	8969.462706703329
1.5994368e6	7.696787335685058	0.2900884368136113	-4.301175632722361e-8	-2.546844040106077e-9	0.040404777153263925	0.02967256091269582	13016.270107243861	9571.426021534693
1.6994016e6	7.6924841821903165	0.2898336658424002	-4.308165858902233e-8	-2.5503714169994522e-9	0.04044554121869696	0.029697553629240227	13836.714613084228	10173.89597140122
1.7993664e6	7.68817402832057	0.2895785416905611	-4.315181378304644e-8	-2.553910166323613e-9	0.04048641804155174	0.029722606238447514	14657.98758367946	10776.873765073808
1.8993312e6	7.6838568488053145	0.28932306322191476	-4.322222335263204e-8	-2.557460348011411e-9	0.04052740817372426	0.0297477190045174	15480.091306119024	11380.360617332592
1.999296e6	7.679532617983975	0.28906722928402967	-4.329288875632707e-8	-2.5610220226701376e-9	0.040568512173199095	0.029772892194692216	16303.028097939437	11984.357757592064
2.0992608e6	7.6752013101573455	0.28881103872275204	-4.336381146234812e-8	-2.564595251249102e-9	0.04060973060093088	0.029798126077362968	17126.800280063	12588.866417033656
2.1992256e6	7.670862899626217	0.28855449038392794	-4.343499294802965e-8	-2.5681800950057032e-9	0.04065106402051257	0.029823420921862867	17951.410173412016	13193.887826838805
2.2991904e6	7.666517360596173	0.28829758310956755	-4.3506434701437717e-8	-2.5717766155998076e-9	0.04069251299904769	0.029848776998987657	18776.860105927048	13799.423221413974
2.3991552e6	7.662164666811677	0.28804031572271394	-4.357813822740696e-8	-2.575384875449302e-9	0.0407340781104751	0.029874194582995475	19603.152440765472	14405.473851813538
2.49912e6	7.657804791938957	0.28778268704288956	-4.3650105041457334e-8	-2.579004937363031e-9	0.040775759932166075	0.029899673949545676	20430.28954801292	15012.04097271639
2.5990848e6	7.653437709648527	0.28752469588978125	-4.372233666853096e-8	-2.5826368644656244e-9	0.04081755904419315	0.02992521537524939	21258.273797465063	15619.125838678056
2.6990496e6	7.64906339357845	0.28726634108178417	-4.379483464366544e-8	-2.586280720235622e-9	0.0408594760296792	0.029950819137873563	22087.107561264696	16226.729705317392
2.7990144e6	7.644681816926733	0.28700762141940916	-4.386760051875365e-8	-2.5899365689053407e-9	0.04090151147850573	0.02997648551856953	22916.79324451084	16834.853843607263
2.8989792e6	7.640292952685731	0.2867485356943521	-4.394063585885102e-8	-2.5936044752341153e-9	0.04094366598524838	0.030002214800620444	23747.33326911026	17443.4995328608
2.998944e6	7.635896773863106	0.28648908269886497	-4.4013942238649145e-8	-2.5972845042983693e-9	0.04098594014719224	0.03002800726823731	24578.730056025994	18052.66805202484
3.0989088e6	7.6314932534634465	0.28622926122507897	-4.408752124285379e-8	-2.6009767215121748e-9	0.04102833456451526	0.030053863206662187	25410.986026438655	18662.360680142952
3.1988736e6	7.627082364175764	0.28596907005241273	-4.416137447142408e-8	-2.6046811929376785e-9	0.04107084984314615	0.030079782903881462	26244.103624808307	19272.57870696957
3.2988384e6	7.622664078305976	0.28570850794432795	-4.423550354083273e-8	-2.608397985352217e-9	0.04111348659543332	0.03010576665101984	27078.085325484422	19883.32343662294
3.3988032e6	7.618238368172148	0.28544757366460344	-4.4309910077653475e-8	-2.6121271658656183e-9	0.04115624543657729	0.03013181474018488	27912.933602455625	20494.59617325634
3.498768e6	7.613805206092346	0.2851862659770179	-4.438459571884086e-8	-2.61586880193575e-9	0.04119912698475604	0.030157927464535394	28748.65092971053	21106.398221023017
3.5987328e6	7.609364564225923	0.28492458363899975	-4.445956211445649e-8	-2.6196229615285144e-9	0.04124213186259329	0.030184105119156538	29585.239792810546	21718.730889347862
3.6986976e6	7.604916414211921	0.28466252538666675	-4.453481093382087e-8	-2.6233897134778603e-9	0.04128526070050719	0.030210348003062014	30422.70271678472	22331.595506218997
3.7986624e6	7.600460727653833	0.28440008995435273	-4.4610343857582485e-8	-2.627169127009759e-9	0.041328514132324065	0.030236656416551162	31261.042230378414	22944.993401747633
3.8986272e6	7.595997476157179	0.28413727607646944	-4.4686162577176184e-8	-2.6309612717101035e-9	0.04137189279494749	0.030263030661001764	32100.26086219865	23558.925905985485
3.998592e6	7.591526631395972	0.2838740824903039	-4.476226879379272e-8	-2.6347662174615044e-9	0.04141539732776508	0.030289471038506967	32940.36113544441	24173.39434636387
4.0985568e6	7.5870481648306525	0.2836105079246299	-4.483866422320207e-8	-2.638584034727254e-9	0.041459028375260554	0.030315977853433797	33781.34558880723	24788.40005734602
4.1985216e6	7.582562046983644	0.2833465510694727	-4.491535060811575e-8	-2.642414795273604e-9	0.041502786593747745	0.030342551416453204	34623.21683314009	25403.94440770141
4.2984864e6	7.578068248297379	0.28308221061153577	-4.499232970393006e-8	-2.6462585713252215e-9	0.04154667264351706	0.03036919203981538	35465.97748550233	26020.028769168854
4.3984512e6	7.573566739214292	0.2828174852375227	-4.5069603277477156e-8	-2.6501154354887074e-9	0.04159068718812105	0.03039590003691476	36309.63016295323	26636.654513487167
4.498416e6	7.569057490176816	0.28255237363413704	-4.51471731071179e-8	-2.6539854607551703e-9	0.04163483089439804	0.030422675722296077	37154.17748255214	27253.823012395173
4.5983808e6	7.564540471627384	0.2822868744880823	-4.5225040982836366e-8	-2.6578687205027138e-9	0.04167910443249489	0.030449519411660773	37999.62206135837	27871.53563763169
4.6983456e6	7.5600156540084305	0.28202098648606205	-4.530320870633508e-8	-2.6617652884990124e-9	0.04172350847589053	0.03047643142187319	38845.96651643124	28489.793760935532
4.7983104e6	7.555483007762388	0.2817547083147797	-4.5381678091131235e-8	-2.6656752389038477e-9	0.041768043701418844	0.03050341207096742	39693.213464830085	29108.598754045535
4.8982752e6	7.5509425030711785	0.28148803865035826	-4.546045096711631e-8	-2.669598646535409e-9	0.04181271079171673	0.030530461679601252	40541.36554311676	29727.951997772147
4.99824e6	7.546394109059095	0.2812209761256133	-4.5539529194391224e-8	-2.6735355876808013e-9	0.04185751044269928	0.03055758057551295	41390.42546806109	30347.85491064435
5.0982048e6	7.541837794584094	0.28095351936234975	-4.5618914649949045e-8	-2.6774861393052582e-9	0.04190244335626641	0.03058476908914614	42240.39597693956	30968.308920955504
5.1981696e6	7.537273528504144	0.28068566698237307	-4.5698609223231274e-8	-2.6814503787880345e-9	0.04194751023785068	0.030612027552174195	43091.27980702773	31589.315456998665
5.2981344e6	7.53270127967722	0.2804174176074889	-4.577861481623166e-8	-2.6854283839251334e-9	0.041992711796442914	0.03063935629750781	43943.079695601155	32210.87594706689
5.3980992e6	7.5281210169612915	0.28014876985950254	-4.58589333436012e-8	-2.689420232932e-9	0.042038048744617806	0.030666755659301728	44795.798379935375	32832.991819453215
5.498064e6	7.523532709214332	0.2798797223602196	-4.59395667327529e-8	-2.6934260044465477e-9	0.04208352179855894	0.030694225972961488	45649.43859730596	33455.6645024507
5.5980288e6	7.5189363252943116	0.2796102737314455	-4.602051692396952e-8	-2.697445777531755e-9	0.04212913167808574	0.03072176757515079	46504.00308498846	34078.895424352406
5.6979936e6	7.514331834039876	0.2793404225942262	-4.610178587084622e-8	-2.7014796316988613e-9	0.042174879106859874	0.030749380803905844	47359.494581639316	34702.68601407283
5.7979584e6	7.50971920357109	0.2790701675405723	-4.618337555262089e-8	-2.7055276476302714e-9	0.04222076481899538	0.030777066002561925	48215.91587934542	35327.0377252937
5.8979232e6	7.505098401102543	0.27879950712534235	-4.626528797770244e-8	-2.709589907377431e-9	0.0422667895609107	0.03080482352084113	49073.26983900623	35951.9520440873
5.997888e6	7.500469393791946	0.2785284399009948	-4.634752516906234e-8	-2.7136664934986866e-9	0.042312954083392564	0.030832653710110097	49931.559326018854	36577.43045869994
6.0978528e6	7.495832148797016	0.27825696441998793	-4.6430089163359983e-8	-2.717757489004662e-9	0.04235925914108658	0.030860556923067526	50790.78720578041	37203.47445737794
6.1978176e6	7.491186633275463	0.2779850792347802	-4.651298201105807e-8	-2.721862977361418e-9	0.0424057054925256	0.030888533513751735	51650.956343688005	37830.08552836761
6.2977824e6	7.486532814385003	0.27771278289782997	-4.6596205776540184e-8	-2.725983042493545e-9	0.0424522939001581	0.030916583837548455	52512.06960513875	38457.26515991526
6.3977472e6	7.48187065928335	0.2774400739615955	-4.667976253822907e-8	-2.730117768787332e-9	0.04249902513037698	0.030944708251197682	53374.12985552975	39085.014840267206
6.497712e6	7.477200135128216	0.2771669509785353	-4.6763654388706116e-8	-2.734267241093936e-9	0.04254589995354826	0.03097290711280236	54237.13996025811	39713.33605766975
6.5976768e6	7.472521208905143	0.27689341249425536	-4.684788343789352e-8	-2.7384315449132856e-9	0.042592919145676124	0.031001180782805886	55101.10279721174	40342.23030603138
6.6976416e6	7.467833846425609	0.27661945700685875	-4.693245183107264e-8	-2.7426107674466616e-9	0.042640083497999075	0.03102952962967323	55966.021331643424	40971.6991197319
6.7976064e6	7.463138013018554	0.2763450829945629	-4.701736173689506e-8	-2.746804996882762e-9	0.04268739381050843	0.03105795402602521	56831.898565731564	41601.744050651105
6.8975712e6	7.458433674011838	0.2760702889355303	-4.710261533898078e-8	-2.75101432190307e-9	0.042734850887397584	0.03108645434592569	57698.73750176633	42232.3666507326
6.997536e6	7.453720794733317	0.2757950733079236	-4.7188214836027767e-8	-2.755238831684274e-9	0.042782455537082896	0.03111503096488257	58566.54114203791	42863.56847192002
7.0975008e6	7.448999340510851	0.2755194345899053	-4.727416244194302e-8	-2.7594786159015923e-9	0.042830208572235205	0.031143684259856447	59435.31248883649	43495.35106615698
7.1974656e6	7.444269276672298	0.27524337125963805	-4.7360460385973925e-8	-2.76373376473235e-9	0.0428781108098115	0.03117241460926884	60305.05454445225	44127.7159853871
7.2974304e6	7.439530568545515	0.2749668817952843	-4.744711091284092e-8	-2.7680043688595406e-9	0.042926163071086786	0.03120122239301114	61175.77031117537	44760.664781554005
7.3973952e6	7.434783181454234	0.2746899646748501	-4.7534116282948164e-8	-2.7722905194795508e-9	0.042974366181725954	0.031230107992475904	62047.4627915746	45394.19900671988
7.49736e6	7.430027080109636	0.27441261835195097	-4.7621478783560924e-8	-2.776592308955506e-9	0.04302272097767305	0.03125907179402609	62920.135032707316	46028.32023315674
7.5973248e6	7.42526222800631	0.2741348412308358	-4.770920074007229e-8	-2.7809098314646924e-9	0.04307122831107689	0.031288114192480856	63793.79017251005	46663.03007536586
7.6972896e6	7.420488588499128	0.2738566317099131	-4.779728449675716e-8	-2.785243181865973e-9	0.043119889039995474	0.03131723558500872	64668.431359821945	47298.33015308461
7.7972544e6	7.415706124942962	0.27357798818759144	-4.788573241438867e-8	-2.78959245555746e-9	0.043168704027082075	0.03134643637033785	65544.06174348213	47934.222086050344
7.8972192e6	7.410914800692683	0.2732989090622793	-4.797454687038357e-8	-2.793957748480318e-9	0.04321767413961935	0.0313757169487649	66420.68447232975	48570.70749400044
7.997184e6	7.406114579103162	0.2730193927323854	-4.8063730258949764e-8	-2.7983391571224724e-9	0.04326680024955547	0.03140507772216437	67298.30269520397	49207.787996672254
8.0971488e6	7.401305423529273	0.27273943759631813	-4.8153284991233986e-8	-2.802736778522731e-9	0.043316083233538916	0.03143451909399771	68176.91956094388	49845.46521380316
8.1971136e6	7.396487297325885	0.2724590420524861	-4.8243213495472904e-8	-2.8071507102744555e-9	0.04336552397295458	0.03146404146932314	69056.53821838865	50483.740765130526
8.2970784e6	7.391660163751358	0.27217820449552416	-4.833351821892772e-8	-2.811581050634868e-9	0.04341512335489802	0.031493645255356625	69937.1618231939	51122.61627341245
8.3970432e6	7.386823984853348	0.2718969232717036	-4.8424201648713e-8	-2.8160278997375612e-9	0.043464882283092386	0.03152333086788535	70818.79361932701	51762.093401655475
8.497008e6	7.381978721870159	0.2716151966943239	-4.851526630476789e-8	-2.8204913591671213e-9	0.04351480167411009	0.0315530987290202	71701.43691154697	52402.173841246695
8.5969728e6	7.3771243360265935	0.27133302307609036	-4.8606714725365414e-8	-2.8249715311102708e-9	0.043564882449664694	0.031582949262636995	72585.09500574731	53042.85928414779
8.6969376e6	7.372260788547453	0.27105040072970843	-4.8698549467024066e-8	-2.8294685183461878e-9	0.04361512553651644	0.031612882894307776	73469.77120782156	53684.15142232045
8.7969024e6	7.367388040657539	0.2707673279678834	-4.8790773104672984e-8	-2.8339824242506833e-9	0.0436655318665114	0.03164290005131087	74355.46882366332	54326.051947726395
8.8968672e6	7.362506053581651	0.27048380310332065	-4.8883388231817876e-8	-2.838513352800515e-9	0.04371610237662122	0.0316730011626412	75242.19115916613	54968.56255232729
8.996832e6	7.357614788544593	0.27019982444872553	-4.897639746070856e-8	-2.8430614085777847e-9	0.04376683800898279	0.031703186659020124	76129.94152022357	55611.68492808487
9.0967968e6	7.352714206771165	0.26991539031680334	-4.906980342250914e-8	-2.847626696774246e-9	0.043817739710938636	0.03173345697290655	77018.72321272918	56255.42076696081
9.1967616e6	7.347804269032016	0.2696304990024132	-4.9163608776045925e-8	-2.852209323698536e-9	0.04386880843955348	0.03176381254113087	77908.5395748892	56899.77177532887
9.2967264e6	7.342884934563814	0.2693451487389745	-4.9257816228541114e-8	-2.8568093979727213e-9	0.043920045172381905	0.031794253811191324	78799.39405719937	57544.73971089212
9.3966912e6	7.337956162289598	0.26905933774700586	-4.935242851297535e-8	-2.861427029202008e-9	0.04397145089554471	0.03182478123423254	79691.29013403461	58190.32634262367
9.496656e6	7.3330179111324085	0.2687730642470255	-4.94474483823676e-8	-2.866062327638981e-9	0.04402302660067314	0.03185539526323601	80584.2312797699	58836.533439496685
9.5966208e6	7.328070140015287	0.26848632645955195	-4.9542878609959996e-8	-2.8707154041881825e-9	0.04407477328495276	0.03188609635303122	81478.22096878015	59483.36277048427
9.6965856e6	7.323112807861272	0.26819912260510353	-4.963872198940282e-8	-2.8753863704112106e-9	0.04412669195116732	0.03191688496030702	82373.26267544032	60130.81610455956
9.7965504e6	7.318145873593405	0.2679114509041987	-4.973498133494468e-8	-2.880075338531102e-9	0.044178783607743355	0.03194776154362239	83269.35987412538	60778.895210695715
9.8965152e6	7.313169296134726	0.26762330957735586	-4.98316594816198e-8	-2.8847824214377624e-9	0.04423104926879508	0.03197872656341849	84166.51603921024	61427.60185786582
9.99648e6	7.308183034366915	0.26733469684351063	-4.992875928623914e-8	-2.8895077327392966e-9	0.044283489954580986	0.0320097804822698	85064.73464789901	62076.93781626074
1.00964448e7	7.303187046021854	0.2670456108762858	-5.0026283648991994e-8	-2.8942513880150447e-9	0.044336106702634624	0.03204092377136837	85964.0192595461	62726.90489285672
1.01964096e7	7.298181287589866	0.2667560497993703	-5.01242355157068e-8	-2.899013504927044e-9	0.04438890056884798	0.03207215691112972	86864.37352489779	63377.50493660103
1.02963744e7	7.293165715502611	0.2664660117339771	-5.0222617855389794e-8	-2.903794201910132e-9	0.044441872615730335	0.032103480384307104	87765.80109932918	64028.73979868435
1.03963392e7	7.288140286191753	0.26617549480131947	-5.0321433659301713e-8	-2.9085935981131875e-9	0.04449502391186743	0.03213489467565778	88668.30563821527	64680.61133029732
1.0496304e7	7.283104956088954	0.26588449712261064	-5.042068594116851e-8	-2.9134118134041532e-9	0.04454835553197067	0.03216640027195599	89571.89079693114	65333.121382630605
1.05962688e7	7.278059681625875	0.2655930168190638	-5.052037773739149e-8	-2.918248968375746e-9	0.04460186855692671	0.03219799766200474	90476.56023085183	65986.27180687487
1.06962336e7	7.27300441923418	0.265301052011892	-5.062051210726127e-8	-2.923105184350766e-9	0.044655564073847756	0.03222968733664943	91382.31759535236	66640.06445422073
1.07961984e7	7.267939125345531	0.2650086008223086	-5.072109213317435e-8	-2.9279805833875463e-9	0.04470944317612235	0.03226146978878923	92289.1665458078	67294.50117585891
1.08961632e7	7.2628637560873806	0.26471566135976293	-5.082212092683948e-8	-2.9328752886356618e-9	0.04476350696653893	0.032293345515177624	93197.11075872857	67949.5838322134
1.0996128e7	7.257778265812338	0.26442223166359663	-5.092360165861458e-8	-2.9377894260265004e-9	0.044817756572283506	0.03232531502512249	94106.15403782412	68605.31434082294
1.10960928e7	7.252682608250116	0.2641283097478707	-5.102553753538066e-8	-2.942723122971049e-9	0.04487219313345486	0.032357378833771315	95016.30023322758	69261.69464075782
1.11960576e7	7.247576737130649	0.26383389362663956	-5.112793178855451e-8	-2.9476765076629698e-9	0.04492681779680956	0.032389537458448074	95927.55319509647	69918.72667111483
1.12960224e7	7.242460606183874	0.26353898131395753	-5.123078767432943e-8	-2.9526497090847303e-9	0.04498163171581993	0.03242179141866781	96839.91677358837	70576.41237099076
1.13959872e7	7.237334169139724	0.2632435708238791	-5.133410847391105e-8	-2.9576428570142023e-9	0.045036636050728995	0.03245414123615042	97753.3948188608	71234.75367948238
1.1495952e7	7.232197379728136	0.26294766017045873	-5.1437897493760675e-8	-2.962656082030118e-9	0.04509183196860667	0.03248658743483474	98667.99118107134	71893.75253568655
1.15959168e7	7.227050191679045	0.26265124736775075	-5.154215806583676e-8	-2.967689515518659e-9	0.04514722064340703	0.0325191305408921	99583.70971037752	72553.41087870003
1.16958816e7	7.221892558711856	0.2623543304294196	-5.1646893548053407e-8	-2.9727432896919313e-9	0.04520280325613235	0.032551771082802536	100500.55425762347	73213.73064790161
1.17958464e7	7.216724433539662	0.2620569073300822	-5.1752107344590007e-8	-2.977817538759996e-9	0.045258581005101155	0.032584509597280605	101418.52874390135	73874.71381348913
1.18958112e7	7.211545767124632	0.26175897597488	-5.1857802921460955e-8	-2.9829123998075138e-9	0.045314555113782136	0.03261734663378067	102337.63721654953	74536.36240264015
1.1995776e7	7.206356510261403	0.2614605342620342	-5.19639837751594e-8	-2.9880280109706945e-9	0.045370726814682454	0.03265028274512782	103257.88373569956	75198.67844858031
1.20957408e7	7.2011566137446135	0.26116158008976587	-5.2070653429558706e-8	-2.9931645112531067e-9	0.04542709734768497	0.032683318486531374	104179.27236148294	75861.66398453512
1.21957056e7	7.195946028368899	0.26086211135629617	-5.2177815436182465e-8	-2.9983220405322846e-9	0.045483667960110906	0.03271645441560012	105101.80715403116	76525.32104373016
1.22956704e7	7.190724704928899	0.26056212595984624	-5.2285473374475155e-8	-3.003500739566694e-9	0.045540439906782984	0.032749691092358306	106025.49217347575	77189.65165939103
1.23956352e7	7.18549259421925	0.2602616217986372	-5.239363085207859e-8	-3.008700750002342e-9	0.04559741445008919	0.03278302907925999	106950.3314799482	77854.65786474325
1.24956e7	7.1802496470345885	0.25996059677089023	-5.2502291505108444e-8	-3.0139222143801546e-9	0.04565459286004665	0.03281646894120609	107876.32913358003	78520.34169301242
1.25955648e7	7.174995813989907	0.2596590487680018	-5.2611459002129995e-8	-3.019165276357894e-9	0.045711976416229406	0.03285001124663149	108803.48920665968	79186.70518260366
1.26955296e7	7.1697310438015425	0.25935697560744464	-5.272113707994316e-8	-3.0244300827661094e-9	0.04576956642574666	0.03288365657784613	109731.81590462479	79853.75043057266
1.27954944e7	7.164455284080299	0.2590543750625278	-5.283132952800444e-8	-3.0297167826803207e-9	0.04582736421523882	0.03291740552637607	110661.31351335507	80521.47957056624
1.28954592e7	7.159168482426041	0.25875124490605206	-5.294204016632094e-8	-3.0350255261433057e-9	0.04588537111957966	0.03295125868641379	111591.9863197107	81189.89473674785
1.2995424e7	7.153870586438634	0.25844758291081826	-5.3053272845528464e-8	-3.0403564641607693e-9	0.04594358848183157	0.03298521665476787	112523.83861055192	81858.99806328102
1.30953888e7	7.148561543717942	0.25814338684962734	-5.316503144720054e-8	-3.045709748708701e-9	0.04600201765331619	0.03301928003087993	113456.87467273891	82528.79168432922
1.31953536e7	7.143241301863831	0.2578386544952802	-5.3277319884158845e-8	-3.05108553274129e-9	0.04606065999368583	0.03305344941684194	114391.09879313185	83199.27773405593
1.32953184e7	7.137909808476166	0.2575333836205776	-5.3390142100788784e-8	-3.056483970198773e-9	0.046119516870996365	0.0330877254174134	115326.515258591	83870.45834662465
1.33952832e7	7.132567011154596	0.257227571998313	-5.3503502073362556e-8	-3.0619052160154367e-9	0.04617858966178285	0.033122108640039956	116263.12835598926	84542.3356562036
1.3495248e7	7.12721285670783	0.25692121737109075	-5.361740382701287e-8	-3.0673494270923637e-9	0.046237879759457604	0.03315659969964757	117200.94242608498	85214.91182006738
1.35952128e7	7.121847289646131	0.25661431739166823	-5.373185146814254e-8	-3.0728167641359033e-9	0.04629738859041718	0.03319119922784925	118139.96197168312	85888.18906721314
1.36951776e7	7.116470254085635	0.25630686969680855	-5.384684914508196e-8	-3.0783073893755287e-9	0.04635711759417422	0.033225907861491724	119080.19152488957	86562.1696402059
1.37951424e7	7.111081694142479	0.25599887192327475	-5.3962401040167536e-8	-3.0838214661033738e-9	0.04641706821927476	0.033260726240278746	120021.63561781024	87236.85578161073
1.38951072e7	7.105681553932798	0.25569032170782996	-5.4078511370091396e-8	-3.0893591586830203e-9	0.04647724192337728	0.033295655006790194	120964.29878255099	87912.24973399266
1.3995072e7	7.100269777572729	0.25538121668723723	-5.419518438625495e-8	-3.094920632558143e-9	0.04653764017333475	0.03333069480650081	121908.18555121776	88588.35373991677
1.40950368e7	7.094846309178407	0.25507155449825974	-5.431242437512705e-8	-3.1005060542612793e-9	0.04659826444527553	0.03336584628779984	122853.30045591643	89265.17004194808
1.41950016e7	7.08941109286597	0.25476133277766044	-5.443023565860514e-8	-3.1061155914229935e-9	0.046659116224686506	0.033401110102010016	123799.64802875284	89942.70088265162
1.42949664e7	7.083964072665525	0.2544505491590088	-5.4548622596233896e-8	-3.1117494128881993e-9	0.0467201970074127	0.03343648690393002	124747.2328074642	90620.9485069136
1.43949312e7	7.078505190718626	0.25413920120349853	-5.466758962450761e-8	-3.1174076909647525e-9	0.04678150831903494	0.03347197736287107	125696.05945917791	91299.91521540578
1.4494896e7	7.073034387396106	0.25382728640267177	-5.478714125528464e-8	-3.1230906012917116e-9	0.04684305171392336	0.03350758216206409	126646.13277690433	91979.60336492797
1.45948608e7	7.067551603007522	0.2535148022454604	-5.4907282039585304e-8	-3.1287983207569887e-9	0.046904828757095125	0.03354330198824474	127597.45755851961	92660.015314649
1.46948256e7	7.062056777862429	0.25320174622079616	-5.502801656667217e-8	-3.1345310274338655e-9	0.04696684102364509	0.03357913753129615	128550.03860189999	93341.15342373772
1.47947904e7	7.056549852270383	0.25288811581761084	-5.514934946445244e-8	-3.140288900591006e-9	0.04702909009883729	0.03361508948426927	129503.88070492168	94023.02005136303
1.48947552e7	7.051030766540939	0.2525739085248363	-5.527128539988478e-8	-3.146072120702503e-9	0.047091577578197	0.033651158543405314	130458.98866546087	94705.61755669375
1.499472e7	7.045499460983655	0.2522591218314043	-5.539382907939346e-8	-3.1518808694577157e-9	0.04715430506760539	0.03368734540815641	131415.3672813938	95388.94829889876
1.50946848e7	7.039955875908086	0.2519437532262466	-5.5516985249285964e-8	-3.1577153297714196e-9	0.047217274183393054	0.033723650781208016	132373.02135059662	96073.0146371469
1.51946496e7	7.0343999510660895	0.25162780017737935	-5.564075870847907e-8	-3.163575686504604e-9	0.04728048655847494	0.033760075371931125	133331.95570799135	96757.8189461076
1.52946144e7	7.028831623421721	0.251311260045616	-5.576515435847651e-8	-3.16946212929949e-9	0.047343943866766186	0.033796619910218095	134292.17538036295	97443.36368352297
1.53945792e7	7.0232508291145255	0.250994130158876	-5.589017716111424e-8	-3.1753748501252474e-9	0.04740764780220127	0.033833285134489785	135253.68545423803	98129.65133421187
1.5494544e7	7.0176575042857126	0.2506764078451239	-5.601583212086375e-8	-3.181314042263678e-9	0.047471600069867434	0.033870071786606774	136216.49101607598	98816.6843829831
1.55945088e7	7.012051585076487	0.2503580904323244	-5.6142124285328396e-8	-3.1872799003226916e-9	0.04753580238612523	0.03390698061190461	137180.59715233612	99504.46531464544
1.56944736e7	7.006433007628059	0.2500391752484419	-5.626905874571102e-8	-3.1932726202471808e-9	0.0476002564787149	0.03394401235921619	138146.0089494779	100192.99661400766
1.57944384e7	7.000801708081634	0.24971965962144102	-5.639664063728358e-8	-3.199292399330917e-9	0.04766496408686152	0.03398116778089657	139112.7314939607	100882.28076587859
1.58944032e7	6.995157622578421	0.2493995408792864	-5.6524875139866535e-8	-3.2053394362276097e-9	0.04772992696138357	0.03401844763284752	140080.76987224384	101572.32025506698
1.5994368e7	6.989500687232717	0.24907881634897497	-5.665376747891879e-8	-3.2114139309981958e-9	0.04779514686509526	0.034055852674707274	141050.12917247022	102263.11756704249
1.60943328e7	6.983830836420526	0.2487574832920598	-5.678332296478432e-8	-3.217516087344177e-9	0.04786062559176412	0.03409338368053104	142020.8145988676	102954.6752361037
1.61942976e7	6.978148001905793	0.2484355388689935	-5.6913547013637635e-8	-3.2236461137502495e-9	0.047926364976116596	0.034131041444388	142992.83153699283	103646.9958756916
1.62942624e7	6.972452115254973	0.2481129802321063	-5.704444509384718e-8	-3.229804220410072e-9	0.04799236686747641	0.03416882676537772	143966.18538730714	104340.0821062309
1.63942272e7	6.9667431080345255	0.24778980453372837	-5.7176022722046866e-8	-3.235990618991895e-9	0.04805863312769691	0.03420674044641734	144940.88155027182	105033.93654814623
1.6494192e7	6.9610209118109045	0.24746600892618992	-5.730828546367146e-8	-3.2422055226510667e-9	0.04812516563128031	0.03424478329426748	145916.9254263482	105728.56182186234
1.65941568e7	6.955285458150568	0.2471415905618211	-5.7441238933496186e-8	-3.2484491460432655e-9	0.048191966265499486	0.03428295611955947	146894.32241599757	106423.96054780389
1.66941216e7	6.949536678619971	0.2468165465929522	-5.7574888796186865e-8	-3.254721705337211e-9	0.04825903693052041	0.03432125973682221	147873.07791968115	107120.13534639556
1.67940864e7	6.943774504785572	0.24649087417191334	-5.7709240766852035e-8	-3.261023418228283e-9	0.04832637953952521	0.03435969496451006	148853.1973378603	107817.08883806205
1.68940512e7	6.937998867860667	0.24616457043805723	-5.78443006197899e-8	-3.267354504422479e-9	0.048393996022776616	0.034398262627244186	149834.68609378886	108514.82365248515
1.6994016e7	6.932209695932411	0.24583763241256812	-5.798007425365772e-8	-3.273715189322266e-9	0.04846188835885433	0.03443696357333283	150817.54982061422	109213.34250810236
1.70939808e7	6.926406915539296	0.24551005705602438	-5.811656765637843e-8	-3.280105701970594e-9	0.048530058557472396	0.03447579866501909	151801.79426057046	109912.64817159664
1.71939456e7	6.920590453215246	0.24518184132870333	-5.825378687013902e-8	-3.2865262730588167e-9	0.04859850864236006	0.03451476876877998	152787.4251565153	110612.74341004602
1.72939104e7	6.91476023549418	0.24485298219088228	-5.839173799189958e-8	-3.2929771349363535e-9	0.048667240651344305	0.03455387475532479	153774.44825130657	111313.63099052855
1.73938752e7	6.9089161889100215	0.24452347660283852	-5.853042717401321e-8	-3.2994585216258464e-9	0.04873625663648767	0.03459311749962587	154762.8692878021	112015.3136801223
1.749384e7	6.903058239996691	0.24419332152484943	-5.866986062485815e-8	-3.305970668837756e-9	0.048805558664229025	0.03463249788094831	155752.69400885966	112717.79424590532
1.75938048e7	6.897186315288111	0.24386251391719227	-5.881004460947593e-8	-3.312513813985636e-9	0.04887514881552478	0.03467201678288122	156743.92815733704	113421.07545495563
1.76937696e7	6.891300341316391	0.24353105074008252	-5.8950985450262414e-8	-3.319088196203658e-9	0.04894502918601235	0.034711675093379905	157736.5774761975	114125.16007438922
1.77937344e7	6.885400243158927	0.2431989289000361	-5.9092689562215063e-8	-3.3256940583385943e-9	0.049015201902647014	0.03475147371402002	158730.6478028914	114830.05090995664
1.78936992e7	6.879485942297708	0.24286614516685093	-5.923516350530477e-8	-3.332331649858515e-9	0.04908566914846769	0.03479141357378107	159726.14521816914	115535.75087107856
1.7993664e7	6.873557359716868	0.24253269629032026	-5.937841391224574e-8	-3.339001222722612e-9	0.0491564331277859	0.0348314956094658	160723.07583909415	116242.26288372799
1.80936288e7	6.867614416400541	0.2421985790202374	-5.952244747740147e-8	-3.3457030307442423e-9	0.049227496060667786	0.034871720762546896	161721.44578272998	116949.58987387794
1.81935936e7	6.861657033332865	0.24186379010639558	-5.966727095750377e-8	-3.3524373296074626e-9	0.049298860183091854	0.034912089979202705	162721.26116614012	117657.73476750145
1.82935584e7	6.855685131497971	0.24152832629858817	-5.98128911723802e-8	-3.3592043768843806e-9	0.0493705277471104	0.03495260421035003	163722.52810638808	118366.7004905715
1.83935232e7	6.849698631879996	0.2411921843466084	-5.99593150056936e-8	-3.366004432051839e-9	0.049442501021011685	0.03499326441167938	164725.25272053748	119076.4899690612
1.8493488e7	6.843697455463074	0.24085536100024957	-6.010654940568764e-8	-3.3728377565095386e-9	0.04951478228948433	0.03503407154368962	165729.44112565176	119787.10612894352
1.85934528e7	6.837681523043556	0.24051785300257625	-6.025460139052773e-8	-3.379704613860222e-9	0.04958737385594403	0.03507502657292333	166735.09945049978	120498.55190076696
1.86934176e7	6.831650752142274	0.24017965697513816	-6.040347812474878e-8	-3.3866052742142714e-9	0.04966027807842163	0.03511613049186748	167742.23403804222	121210.83030327804
1.87933824e7	6.825605057662895	0.23984076943899993	-6.055318690517396e-8	-3.3935400133043463e-9	0.04973349736258687	0.03515738431496339	168750.85141058016	121923.94443256166
1.88933472e7	6.819544354453397	0.23950118691271713	-6.070373509958755e-8	-3.400509109012802e-9	0.04980703413241906	0.03519878906218492	169760.9580951269	122637.89738709883
1.8993312e7	6.813468557361754	0.23916090591484532	-6.085513014620478e-8	-3.407512841319998e-9	0.049880890829735895	0.0352403457587107	170772.56061869566	123352.6922653704
1.90932768e7	6.807377581235945	0.23881992296394006	-6.100737955451717e-8	-3.4145514923236655e-9	0.04995506991437826	0.035282055434962295	171785.66550829963	124068.33216585731
1.91932416e7	6.801271340923945	0.23847823457855694	-6.116049090614692e-8	-3.421625346258826e-9	0.0500295738643971	0.03532391912664377	172800.27929095208	124784.82018704047
1.92932064e7	6.79514975127373	0.2381358372772515	-6.131447185571459e-8	-3.4287346895177033e-9	0.05010440517624347	0.03536593787477994	173816.40849366618	125502.15942740078
1.93931712e7	6.789012727133276	0.23779272757857928	-6.146933013171974e-8	-3.435879810669763e-9	0.05017956636495984	0.035408112725756884	174834.0596434553	126220.35298541922
1.9493136e7	6.782860182259291	0.23744890196162813	-6.162507356483031e-8	-3.4430610020413054e-9	0.05025505997716702	0.035450444738433756	175853.23933624994	126939.40398691449
1.95931008e7	6.776692025796288	0.23710435673355756	-6.178171017798041e-8	-3.4502785647309995e-9	0.05033088863289823	0.035492935007189204	176873.95447147544	127659.31568348319
1.96930656e7	6.770508165785809	0.23675908815814203	-6.193924810048504e-8	-3.457532803696941e-9	0.05040705498500855	0.03553558463933005	177896.21202655233	128380.09136133865
1.97930304e7	6.764308510272687	0.2364130924992565	-6.209769554136881e-8	-3.464824026251319e-9	0.050483561706372346	0.03557839474791406	178920.01897873747	129101.73430664888
1.98929952e7	6.7580929673017565	0.23606636602077583	-6.225706079042758e-8	-3.4721525420884284e-9	0.05056041149013451	0.035621366451813775	179945.38230528784	129824.24780558191
1.999296e7	6.751861444917851	0.23571890498657508	-6.241735221922421e-8	-3.479518663307381e-9	0.05063760704992675	0.03566450087576082	180972.3089834604	130547.6351443057
2.00929248e7	6.745613851165803	0.23537070566052912	-6.257857828209941e-8	-3.4869227044349316e-9	0.050715151120086566	0.03570779915039037	182000.80599051202	131271.89960898831
2.01928896e7	6.739350094090447	0.23502176430651292	-6.274074751719514e-8	-3.494364982448976e-9	0.050793046455879245	0.03575126241228482	183030.88030369967	131997.04448579767
2.02928544e7	6.733070081665817	0.2346720771859464	-6.290386854931927e-8	-3.5018458169062463e-9	0.05087129583456331	0.03579489180448208	184062.53890450313	132723.0730624672
2.03928192e7	6.7267737186642895	0.23432164044394818	-6.306795017199558e-8	-3.5093655345377263e-9	0.05094990209304591	0.03583868849708686	185095.78897780995	133449.98870794926
2.0492784e7	6.720460905785095	0.23397045007231174	-6.32330013725987e-8	-3.5169244705353775e-9	0.051028868139110985	0.03588265369330846	186130.63797992538	134177.79490511978
2.05927488e7	6.714131543508566	0.23361850205366375	-6.339903123483609e-8	-3.5245229630543136e-9	0.05110819690580458	0.035926788604230264	187167.09338392457	134906.49514480733
2.06927136e7	6.707785532315039	0.23326579237063097	-6.356604893425467e-8	-3.532161352937618e-9	0.05118789134904415	0.03597109444740102	188205.1626628827	135636.0929178405
2.07926784e7	6.701422772684844	0.23291231700584006	-6.373406373940507e-8	-3.539839983742535e-9	0.05126795444786893	0.03601557244688507	189244.8532898749	136366.59171504783
2.08926432e7	6.695043165098316	0.23255807194191774	-6.390308501302273e-8	-3.5475592017667646e-9	0.05134838920469396	0.036060223833311845	190286.17273797648	137097.99502725797
2.0992608e7	6.688646610035789	0.23220305316149073	-6.407312221322337e-8	-3.555319356076163e-9	0.05142919864556804	0.03610504984392737	191329.1284802625	137830.30634529947
2.10925728e7	6.6822330079775965	0.2318472566471857	-6.424418489472174e-8	-3.563120798531089e-9	0.051510385820434816	0.03615005172264414	192373.72798980816	138563.5291600009
2.11925376e7	6.675802258658207	0.2314906783552806	-6.441628272987134e-8	-3.5709638849371898e-9	0.051591953812444066	0.03619523072503381	193419.97878533904	139297.66697965536
2.12925024e7	6.669354256333957	0.2311333140420638	-6.458942563643989e-8	-3.57884898213922e-9	0.05167390579603487	0.036240588149935624	194467.88873589138	140032.72345342825
2.13924672e7	6.662888893038116	0.23077515937853998	-6.476362369436638e-8	-3.586776463229336e-9	0.05175624499829059	0.03628612531815927	195517.46586224702	140768.70229569345
2.1492432e7	6.656406060814181	0.23041621003587448	-6.493888708811748e-8	-3.594746704323875e-9	0.05183897467206838	0.03633184355765821	196568.71818502806	141505.60722097644
2.15923968e7	6.649905651705648	0.23005646168523258	-6.511522610831745e-8	-3.6027600846130717e-9	0.051922098096409755	0.03637774420365044	197621.6537248566	142243.44194380255
2.16923616e7	6.643387557756014	0.22969590999777958	-6.529265115313657e-8	-3.610816986391109e-9	0.05200561857683665	0.03642382859867511	198676.28050235467	142982.21017869728
2.17923264e7	6.636851671008775	0.22933455064468083	-6.547117272969642e-8	-3.61891779508806e-9	0.05208953944565151	0.03647009809265055	199732.6065381444	143721.91564018594
2.18922912e7	6.630297883507426	0.22897237929710154	-6.565080145549917e-8	-3.627062899300854e-9	0.05217386406224181	0.03651655404293113	200790.6398528479	144462.56204279407
2.1992256e7	6.623726087286158	0.22860939162589905	-6.583154806013089e-8	-3.635252690840313e-9	0.0522585958135031	0.036563197814428974	201850.38846760965	145204.1531012253
2.20922208e7	6.61713617149906	0.2282455831997529	-6.601342346540656e-8	-3.643487569185577e-9	0.05234373814969703	0.03661003079895231	202911.86058089926	145946.69259849697
2.21921856e7	6.610528019361341	0.22788094936858133	-6.619643887247678e-8	-3.651767946185278e-9	0.0524292946233578	0.036657054436147064	203975.06477530228	146690.18447399305
2.22921504e7	6.60390151347619	0.2275154854576031	-6.63806056192045e-8	-3.660094238038972e-9	0.052515268824063155	0.03670427017787392	205040.00967792136	147434.63268735266
2.23921152e7	6.597256536446793	0.22714918679203716	-6.656593516508256e-8	-3.6684668644385617e-9	0.05260166437114911	0.03675167948411563	206106.70391585934	148180.0411982149
2.249208e7	6.590592970876338	0.22678204869710236	-6.675243909286794e-8	-3.676886248604263e-9	0.05268848491405694	0.036799283823041914	207175.15611621886	148926.41396621885
2.25920448e7	6.583910699368013	0.22641406649801757	-6.694012911024213e-8	-3.685352817320851e-9	0.052775734132684333	0.036847084671074816	208245.3749061026	149673.75495100365
2.26920096e7	6.577209604525005	0.22604523552000164	-6.712901705149537e-8	-3.693867000974751e-9	0.052863415737742156	0.036895083512954584	209317.3689126133	150422.06811220836
2.27919744e7	6.570489568950501	0.22567555108827353	-6.731911487924139e-8	-3.7024292335909268e-9	0.05295153347111632	0.03694328184180644	210391.14676285363	151171.35740947205
2.28919392e7	6.563750474806063	0.22530500851288676	-6.751043469860158e-8	-3.71103995357428e-9	0.05304009111178912	0.0369916811621999	211466.71710998836	151921.62681195984
2.2991904e7	6.55699219814128	0.2249336028858015	-6.770298891970674e-8	-3.7196996126897585e-9	0.05312909254800415	0.03704028302888238	212544.0889863657	152672.8804362162
2.30918688e7	6.550214610983085	0.22456132914841792	-6.78967902033935e-8	-3.728408672827576e-9	0.05321854175226394	0.03708908903305412	213623.2716897071	153425.1225090711
2.31918336e7	6.543417585335171	0.22418818224049475	-6.809185135107057e-8	-3.73716759988468e-9	0.05330844273133454	0.03713810077519618	214704.27452100514	154178.3572594526
2.32917984e7	6.536600993201234	0.22381415710179078	-6.828818530599157e-8	-3.745976863782596e-9	0.05339879952633889	0.03718731986497082	215787.10678125234	154932.58891628872
2.33917632e7	6.529764706584968	0.22343924867206474	-6.848580515522039e-8	-3.7548369385106e-9	0.05348961621316915	0.037236747921297116	216871.77777144138	155687.82170850752
2.3491728e7	6.522908597490069	0.22306345189107532	-6.868472413163256e-8	-3.76374830216813e-9	0.053580896902907585	0.037286386572425494	217958.2967925648	156444.059865037
2.35916928e7	6.51603253792023	0.22268676169858131	-6.888495561594574e-8	-3.7727114370088935e-9	0.05367264574225131	0.037336237456013985	219046.6731456152	157201.3076148052
2.36916576e7	6.509136399879148	0.22230917303434145	-6.908651313878506e-8	-3.78172682948452e-9	0.05376486691394474	0.03738630221920547	220136.9161315852	157959.56918674012
2.37916224e7	6.50222005303909	0.22193068075742464	-6.928941045072558e-8	-3.7907949740911165e-9	0.05385756466719982	0.0374365825347381	221229.03519054336	158718.84886130426
2.38915872e7	6.495283358911148	0.22155127943365874	-6.949366169637595e-8	-3.799916382833593e-9	0.05395074339395697	0.0374870801415226	222323.04027327037	159479.15111944955
2.3991552e7	6.488326177549853	0.22117096357173846	-6.969928122416953e-8	-3.809091574532427e-9	0.05404440754386995	0.03753779679883211	223418.94143231446	160240.48048684662
2.40915168e7	6.481348369014374	0.22078972768050106	-6.990628354631941e-8	-3.818321072609094e-9	0.05413856160590008	0.03758873427623628	224516.74871998705	161002.841489097
2.41914816e7	6.4743497933638805	0.2204075662687838	-7.011468334129584e-8	-3.827605405144234e-9	0.05423321010886446	0.03763989435371914	225616.47218859964	161766.2386518022
2.42914464e7	6.467330310657542	0.22002447384542392	-7.032449545621057e-8	-3.836945104927813e-9	0.05432835762193163	0.037691278821765	226718.1218904636	162530.67650056386
2.43914112e7	6.460289780954526	0.2196404449192587	-7.053573490923802e-8	-3.846340709510892e-9	0.05442400875512583	0.03774288948144629	227821.7078778905	163296.15956098356
2.4491376e7	6.453228064314003	0.21925547399912534	-7.074841689208047e-8	-3.8557927612570216e-9	0.054520168159838595	0.03779472814451091	228927.24020319167	164062.6923586628
2.45913408e7	6.446145020596681	0.2188695555872819	-7.096255677843367e-8	-3.8653018077306055e-9	0.05461684053194189	0.037846796634847586	230034.72892989288	164830.27942306304
2.46913056e7	6.439040503237743	0.2184826839625289	-7.117817031449597e-8	-3.874868412164314e-9	0.054714030694264656	0.037899096832066125	231144.1845072895	165598.92542774047
2.47912704e7	6.431914358970606	0.2180948531591111	-7.1395273633857e-8	-3.8844931539492045e-9	0.0548117436021521	0.037951630674111295	232255.6178119983	166368.63521758807
2.48912352e7	6.424766434341839	0.21770605720241287	-7.161388306599675e-8	-3.894176618046976e-9	0.054909984258761105	0.0380044001119304	233369.03973698645	167139.41364601595
2.49912e7	6.4175965758980125	0.21731629011781875	-7.183401513346635e-8	-3.90391939477831e-9	0.05500875771313159	0.03805740710822577	234484.46117522105	167911.26556643398
2.50911648e7	6.410404630185696	0.21692554593071317	-7.205568655474806e-8	-3.913722079881652e-9	0.05510806906077552	0.0381106536375531	235601.8930196691	168684.19583225215
2.51911296e7	6.403190443751461	0.21653381866648058	-7.2278914247157e-8	-3.923585274574589e-9	0.055207923444277295	0.038164141686422785	236721.3461632978	169458.20929688044
2.52910944e7	6.395953863141877	0.21614110235050546	-7.250371532979947e-8	-3.933509585614458e-9	0.055308326053901756	0.03821787325340016	237842.83149907415	170233.31081372875
2.53910592e7	6.388694734903512	0.21574739100817222	-7.273010712657937e-8	-3.943495625360312e-9	0.05540928212821244	0.038271850349207485	238966.3599199653	171009.50523620716
2.5491024e7	6.381412903844357	0.2153526786063496	-7.295810722336547e-8	-3.95354401484901e-9	0.05551079697798633	0.038326075009087544	240091.9424191798	171786.7974532158
2.55909888e7	6.374108204342195	0.21495695874689758	-7.318773374396113e-8	-3.96365539877715e-9	0.05561287610425748	0.038380549354684816	241219.5906210213	172565.19259167637
2.56909536e7	6.3667804675479855	0.21456022490955312	-7.341900513388767e-8	-3.9738304332910735e-9	0.055715525103804384	0.038435275543789296	242349.31636462646	173344.6958686952
2.57909184e7	6.3594295246583785	0.2141624705752674	-7.365194006254416e-8	-3.984069780641762e-9	0.0558187496258681	0.03849025574718816	243481.13148718647	174125.3125010281
2.58908832e7	6.352055206870025	0.21376368922499156	-7.38865574280593e-8	-3.994374109341225e-9	0.05592255537345949	0.03854549214909586	244615.04782589272	174907.04770543094
2.5990848e7	6.344657345379578	0.21336387433967674	-7.412287636079752e-8	-4.004744094233632e-9	0.05602694810407618	0.03860098694726943	245751.07721793637	175689.90669865956
2.60908128e7	6.337235771383688	0.21296301940027415	-7.436091622692469e-8	-4.015180416568371e-9	0.05613193363043127	0.03865674235312528	246889.23150050876	176473.89469746978
2.61907776e7	6.3297903160790066	0.21256111788773493	-7.4600696632039e-8	-4.025683764073563e-9	0.056237517821193746	0.03871276059185594	248029.52251080112	177259.01691861745
2.62907424e7	6.322320810620665	0.21215816328169476	-7.484223742620258e-8	-4.036254831105338e-9	0.05634370660230665	0.03876904390284351	249171.96208822963	178045.27857956267
2.63907072e7	6.314827079856356	0.21175414884874355	-7.50855589100708e-8	-4.0468943298862514e-9	0.05645050604373504	0.03882559458467412	250316.56243771024	178832.68502803973
2.6490672e7	6.3073089381156064	0.2113490674821959	-7.533068197975702e-8	-4.057602997965694e-9	0.056557922419838445	0.038882415026216206	251463.3364111808	179621.2418607982
2.65906368e7	6.299766199080759	0.21094291204743382	-7.557762781639603e-8	-4.068381581113862e-9	0.05666596207564602	0.038939507636206704	252612.29691073726	180410.9546986711
2.66906016e7	6.292198676434157	0.21053567540983928	-7.582641786951843e-8	-4.079230832368763e-9	0.05677463141870702	0.0389968748386467	253763.4568384757	181201.82916249122
2.67905664e7	6.284606183858143	0.2101273504347943	-7.607707386130506e-8	-4.09015151212092e-9	0.056883936919954275	0.03905451907293349	254916.82909649206	181993.8708730916
2.68905312e7	6.276988535035059	0.20971792998768085	-7.632961779091492e-8	-4.101144388201501e-9	0.05699388511458143	0.03911244279399649	256072.42658688244	182787.08545130517
2.6990496e7	6.269345543647251	0.20930740693388097	-7.658407193889736e-8	-4.1122102359695964e-9	0.05710448260293552	0.03917064847243179	257230.26221174287	183581.4785179649
2.70904608e7	6.261677023377059	0.20889577413877664	-7.684045887168892e-8	-4.1233498384001905e-9	0.057215736051423834	0.03922913859463922	258390.34887316928	184377.05569390365
2.71904256e7	6.253982786749433	0.20848302443006264	-7.70988014848351e-8	-4.134563988318531e-9	0.057327652209631645	0.03928791567134195	259552.69953748814	185173.82262144555
2.72903904e7	6.246262633684155	0.208069150206897	-7.735912339264423e-8	-4.145853509456278e-9	0.057440238072619915	0.03934698232120482	260717.3279073906	185971.78520825133
2.73903552e7	6.2385163576869775	0.20765414363401422	-7.762144873371221e-8	-4.157219245250285e-9	0.057553500797461625	0.03940634122693806	261884.24809359133	186770.94952529945
2.749032e7	6.230743752361573	0.20723799687781055	-7.78858019600661e-8	-4.168662047406802e-9	0.057667447612984375	0.0394659950879887	263053.47420447966	187571.32164439003
2.75902848e7	6.2229446113116165	0.20682070210468237	-7.815220784559701e-8	-4.180182776212857e-9	0.05778208582214021	0.03952594662137495	264225.02034844493	188372.9076373232
2.76902496e7	6.215118728140777	0.20640225148102598	-7.84206914913561e-8	-4.1917823006401465e-9	0.05789742280307036	0.03958619856184137	265398.9006338766	189175.71357589908
2.77902144e7	6.20726589645273	0.20598263717323775	-7.869127833094693e-8	-4.203461498451152e-9	0.05801346601018677	0.039646753662016816	266575.12916916393	189979.7455319178
2.78901792e7	6.199385909851145	0.205561851347714	-7.896399413602893e-8	-4.215221256305425e-9	0.05813022297527398	0.03970761469257179	267753.7200626964	190785.00957717956
2.7990144e7	6.191478561939695	0.20513988617085102	-7.923886502192248e-8	-4.227062469867828e-9	0.058247701308608374	0.0397687844423781	268934.6874228633	191591.51178348443
2.80901088e7	6.183543640694913	0.2047167336248123	-7.951591764884295e-8	-4.238986054642901e-9	0.05836590878092346	0.039830265760114836	270118.0456727011	192399.2583290853
2.81900736e7	6.175580918300907	0.20429238514926154	-7.979517958723772e-8	-4.250992965218157e-9	0.05848485347287507	0.03989206163030283	271303.81016887777	193208.25573408566
2.82900384e7	6.167590165221406	0.20386683211311776	-8.00766788427964e-8	-4.263084169101472e-9	0.05860454357598107	0.03995417507031166	272491.996392912	194018.51057554618
2.83900032e7	6.159571151924413	0.20344006588542743	-8.036044380327436e-8	-4.275260643858788e-9	0.05872498736887945	0.04001660911761002	273682.6198261081	194830.02943046775
2.8489968e7	6.151523648877932	0.2030120778352371	-8.064650324515781e-8	-4.287523377248481e-9	0.05884619321868844	0.04007936682997859	274875.6959497703	195642.8188758511
2.85899328e7	6.143447426549967	0.20258285933159323	-8.09348863403119e-8	-4.2998733673485944e-9	0.05896816958232843	0.0401424512856923	276071.2402452028	196456.88548869715
2.86898976e7	6.1353422554085215	0.20215240174354243	-8.122562266276305e-8	-4.312311622685668e-9	0.059090925007867716	0.0402058655837042	277269.26819370984	197272.23584600666
2.87898624e7	6.127207905921599	0.20172069644013121	-8.151874219561568e-8	-4.324839162365613e-9	0.05921446813589359	0.040269612843830564	278469.79527659575	198088.8765247804
2.88898272e7	6.119044147740566	0.20128773476417114	-8.181427536753531e-8	-4.3374570178170125e-9	0.05933880771290563	0.040333696213032295	279672.8370198203	198906.81411669118
2.8989792e7	6.110850734412552	0.20085350752560022	-8.211225361427415e-8	-4.350166262912509e-9	0.05946395281864423	0.040398118980288666	280878.4098606376	199726.05552817363
2.90897568e7	6.10262741015618	0.20041800520351277	-8.241270915348192e-8	-4.3629680008858745e-9	0.05958991277142646	0.04046288452745492	282086.5308080178	200546.6078843282
2.91897216e7	6.094373919968641	0.19998121829863885	-8.271567463079477e-8	-4.375863345212171e-9	0.05971669698118408	0.0405279962537325	283297.2168350329	201368.47830180058
2.92896864e7	6.086090008847125	0.19954313731170842	-8.302118315578797e-8	-4.388853421358025e-9	0.059844314962370686	0.04059345758161605	284510.4849147549	202191.6738972364
2.93896512e7	6.0777754217888225	0.19910375274345143	-8.3329268310207e-8	-4.4019393669365065e-9	0.05997277633558435	0.04065927195710617	285726.3520202561	203016.2017872814
2.9489616e7	6.069429903790923	0.19866305509459792	-8.363996415637212e-8	-4.415122331862945e-9	0.06010209082922083	0.040725442849921335	286944.8351246084	203842.06908858122
2.95895808e7	6.061053199850618	0.1982210348658779	-8.395330524575724e-8	-4.428403478513283e-9	0.06023226828115773	0.04079197375371234	288165.951200884	204669.28291778147
2.96895456e7	6.052645052790195	0.1977776824887301	-8.426932670914758e-8	-4.441783986315388e-9	0.060363318673213054	0.0408588682027544	289389.7173410662	205497.8504293532
2.97895104e7	6.044205187149796	0.19733298778909442	-8.458806487361338e-8	-4.455265084446853e-9	0.06049525237728966	0.04092612989502075	290616.1516758431	206327.77913480104
2.98894752e7	6.035733319758182	0.19688694031943763	-8.490955688904601e-8	-4.468848030886047e-9	0.06062808000153704	0.040993762613453756	291845.27280473197	207159.07672688153
2.998944e7	6.0272291675535605	0.19643952963452746	-8.523384044767041e-8	-4.4825340973303655e-9	0.06076181227453945	0.04106177016668582	293077.0993232808	207991.7508984587
3.00894048e7	6.018692447474133	0.19599074528913166	-8.55609537981447e-8	-4.496324569628483e-9	0.06089646004889063	0.041130156390086825	294311.64982703765	208825.8093423967
3.01893696e7	6.010122876458103	0.19554057683801793	-8.589093575581547e-8	-4.510220747966721e-9	0.061032034303195204	0.04119892514600918	295548.94291155064	209661.25975155967
3.02893344e7	6.001520171443676	0.195089013835954	-8.62238257131882e-8	-4.524223947060347e-9	0.06116854614411009	0.0412680803240334	296788.99717236776	210498.1098188117
3.03892992e7	5.992884049369054	0.19463604583770758	-8.655966365063695e-8	-4.538335496342299e-9	0.061306006808424886	0.04133762584121479	298031.83120503725	211336.36723701697
3.0489264e7	5.984214221643409	0.19418166222271485	-8.689849036259489e-8	-4.552556751793473e-9	0.061444427750578075	0.04140756568487538	299277.46390282747	212176.0397959034
3.05892288e7	5.97551037789766	0.19372585164745623	-8.724034811041134e-8	-4.5668891299596636e-9	0.06158382089888333	0.04147790403916211	300525.9153961498	213017.13571443924
3.06891936e7	5.966772203105206	0.19326860259920237	-8.758527998207291e-8	-4.581334072973631e-9	0.06172419839689716	0.0415486451545315	301777.2061090821	213859.66332492087
3.07891584e7	5.957999382256095	0.19280990356565553	-8.793332972408465e-8	-4.595893039488217e-9	0.06186557253352016	0.04161979331181059	303031.35646499763	214703.6309594949
3.08891232e7	5.9491916003403755	0.192349743034518	-8.828454175470329e-8	-4.610567504938597e-9	0.06200795574568865	0.04169135282260527	304288.3868872699	215549.04695030814
3.0989088e7	5.940348542348095	0.19188810949349203	-8.863896117680532e-8	-4.625358961771863e-9	0.062151360620863565	0.04176332802958067	305548.3177992721	216395.9196295073
3.10890528e7	5.9314698932693	0.19142499143027988	-8.899663379105356e-8	-4.640268919675604e-9	0.06229579989956851	0.04183572330674537	306811.1696243776	217244.25732923902
3.11890176e7	5.9225553379677995	0.19096037732884166	-8.935760611444024e-8	-4.655298906092448e-9	0.06244128647996936	0.04190854306071491	308076.96279235446	218094.0683834299
3.12889824e7	5.9136045470697285	0.19049425522295707	-8.972192596665627e-8	-4.6704504971285255e-9	0.06258783364442054	0.041981791841365225	309345.7185025721	218945.36137090795
3.13889472e7	5.904617169679772	0.1900266124263323	-9.00896427969136e-8	-4.68572533338413e-9	0.06273545518304689	0.04205547440107569	310617.4591858438	219798.14530284348
3.1488912e7	5.895592853934008	0.1895574362093818	-9.046080687900054e-8	-4.7011250767293914e-9	0.06288416507349408	0.04212959553490367	311892.20734713547	220652.42922695258
3.15888768e7	5.886531247968518	0.18908671384252007	-9.083546928781163e-8	-4.716651408782927e-9	0.06303397746832809	0.04220416007313301	313169.9854914127	221508.22219095146
3.16888416e7	5.877431999919382	0.1886144325961615	-9.121368191528687e-8	-4.732306031185459e-9	0.0631849066980904	0.04227917288159734	314450.8161236413	222365.53324255627
3.17888064e7	5.868294757922678	0.1881405797407206	-9.159549748670993e-8	-4.748090665881931e-9	0.06333696727441723	0.04235463886200476	315734.72174878704	223224.37142948314
3.18887712e7	5.859119170114486	0.18766514254661174	-9.198096957739818e-8	-4.764007055403147e-9	0.06349017389322538	0.04243056295226147	317021.7248718158	224084.7457994483
3.1988736e7	5.84990488281682	0.18718810822850485	-9.237015270615676e-8	-4.780056967250055e-9	0.06364454146741612	0.04250695014116654	318311.84809260647	224946.66542902985
3.20887008e7	5.840651515512649	0.18670946314975603	-9.276310341461067e-8	-4.796242250370786e-9	0.06380008553915478	0.04258380566800156	319605.1154632575	225810.13986175705
3.21886656e7	5.831358674295075	0.18622919321501452	-9.315987974416685e-8	-4.812564805577407e-9	0.06395682207179115	0.04266113491854168	320901.5518217436	226675.1789252042
3.22886304e7	5.822025966236093	0.1857472843547709	-9.356054065530397e-8	-4.829026554681375e-9	0.06411476722052928	0.04273894331124476	322201.18196247716	227541.79243774244
3.23885952e7	5.812652998407697	0.1852637224995156	-9.396514608834693e-8	-4.8456294431343465e-9	0.06427393735192323	0.04281723630528063	323504.0306798708	228409.99021774303
3.248856e7	5.803239377881881	0.18477849357973916	-9.437375698378276e-8	-4.862375440366892e-9	0.0644343490477307	0.042896019400899994	324810.1227683368	229279.78208357716
3.25885248e7	5.79378471173064	0.18429158352593214	-9.478643530307122e-8	-4.879266540131567e-9	0.06459601910885167	0.042975298139802894	326119.48302228766	230151.17785361595
3.26884896e7	5.784288605237324	0.18380297821513536	-9.520324412823555e-8	-4.8963047650531635e-9	0.06475896458910457	0.043055078119865406	327432.13632818905	231024.1873724046
3.27884544e7	5.774750636874877	0.18331266268506366	-9.56242487876969e-8	-4.913492225102394e-9	0.06492320321864041	0.04313536519763199	328748.1090102139	231898.82093393008
3.28884192e7	5.765170367928408	0.1828206213968493	-9.604951648683994e-8	-4.930831095872487e-9	0.06508875325597303	0.04321616541393697	330067.4283726535	232775.08917793987
3.2988384e7	5.755547359832313	0.18232683881109718	-9.647911558113248e-8	-4.9483235800706106e-9	0.06525563320476747	0.043297484854725815	331390.12171968527	233653.00274946354
3.30883488e7	5.745881174020989	0.18183129938841228	-9.691311560740916e-8	-4.965971908400886e-9	0.06542386182086432	0.0433793296525774	332716.2163554869	234532.57229353083
3.31883136e7	5.736171371928833	0.18133398758939948	-9.735158730934379e-8	-4.983778339976808e-9	0.06559345811706861	0.043461705987121284	334045.7395842359	235413.80845517135
3.32882784e7	5.72641751499024	0.18083488787466373	-9.779460266355964e-8	-5.001745162740677e-9	0.06576444136804693	0.04354462008545229	335378.7187101098	236296.72187941472
3.33882432e7	5.716619161949312	0.18033398462327402	-9.824223502902612e-8	-5.019874700370574e-9	0.06593683116132432	0.04362807824449929	336715.1811768808	237181.3232526228
3.3488208e7	5.70677583963788	0.17983126121792606	-9.869456051825889e-8	-5.038169382830523e-9	0.06611064790552719	0.04371208707122431	338055.15613169875	238067.62379307344
3.35881728e7	5.696887058895749	0.17932670051196312	-9.915165733513732e-8	-5.056631709384551e-9	0.06628591257252278	0.04379665335576331	339398.67362421105	238955.63502844932
3.36881376e7	5.686952331057955	0.1788202853706397	-9.961360506158777e-8	-5.0752642107637884e-9	0.06646264642223201	0.04388178393716691	340745.7636834098	239845.3684832426
3.37881024e7	5.6769711674595325	0.1783119986592105	-1.0008048471129425e-7	-5.094069450932937e-9	0.0666408710168241	0.04396748570784173	342096.4563382867	240736.83568194517
3.38880672e7	5.666943079435516	0.17780182324292995	-1.00552378761822e-7	-5.113050027593356e-9	0.06682060822669597	0.04405376561401305	343450.78161783394	241630.0481490492
3.3988032e7	5.656867578004133	0.17728974197805175	-1.0102937120255494e-7	-5.132208573491636e-9	0.0670018802421257	0.044140630658793686	344808.7695664233	242525.01741309263
3.40879968e7	5.646744153168842	0.17677573708069683	-1.0151154855302435e-7	-5.15154780836487e-9	0.06718470994354095	0.04422808807439561	346170.4513214596	243421.75533059248
3.41879616e7	5.636572263918907	0.17625978977787743	-1.0199900040742151e-7	-5.171070564385428e-9	0.06736912109311087	0.0443161454085389	347535.8597085219	244320.27430351783
3.42879264e7	5.626351367086987	0.17574188121944845	-1.0249181812780127e-7	-5.190779717050205e-9	0.06755513784040289	0.044404810286845994	348905.02768474544	245220.58678335953
3.43878912e7	5.6160809195057375	0.17522199255526466	-1.029900947813123e-7	-5.210678180783392e-9	0.06774278469163564	0.04449409039534356	350277.98820726573	246122.7052216087
3.4487856e7	5.605760378007815	0.17470010493518107	-1.0349392517988944e-7	-5.2307689095402295e-9	0.06793208651700734	0.04458399348096801	351654.774233218	247026.64206975614
3.45878208e7	5.595389199425878	0.1741761995090524	-1.0400340592103359e-7	-5.251054897416033e-9	0.06812306855820775	0.044674527352064584	353035.41871973756	247932.40977929297
3.46877856e7	5.584966826726198	0.17365025701476566	-1.0451863611407918e-7	-5.271539215015063e-9	0.06831575668575376	0.044765699995382255	354419.9553307602	248840.02100359517
3.47877504e7	5.574492660804914	0.1731222568827225	-1.0503971884682903e-7	-5.292225082307814e-9	0.06851017792354404	0.04485751981646872	355808.4199627673	249749.48908744348
3.48877152e7	5.563966095846351	0.17259217831338036	-1.0556675952992961e-7	-5.3131157806301125e-9	0.06870635983063889	0.04494999534547386	357200.8489010933	250660.82751517236
3.498768e7	5.553386526036428	0.17206000050723805	-1.0609986561741872e-7	-5.334214637141002e-9	0.06890433038945994	0.045043135181041825	358597.2784310002	251574.04977110086
3.50876448e7	5.542753345561063	0.17152570266479436	-1.0663914665622429e-7	-5.355525025553682e-9	0.06910411801486889	0.045136947990869696	359997.74483775016	252489.1693395482
3.51876096e7	5.532065948606169	0.1709892639865481	-1.0718471433698674e-7	-5.37705036687117e-9	0.06930575156345105	0.04523144251224334	361402.2844066055	253406.19970483368
3.52875744e7	5.521323721737361	0.17045066345317003	-1.0773668293733243e-7	-5.398794150566031e-9	0.06950926048365925	0.045326627617412185	362810.9338021073	254325.15445328705
3.53875392e7	5.510526002426068	0.16990987856197365	-1.0829517153175675e-7	-5.420760045555687e-9	0.06971467559909957	0.04542251266985567	364223.73223001516	255246.04791919832
3.5487504e7	5.499672111695688	0.16936688626796567	-1.0886030243492167e-7	-5.442951815791784e-9	0.06992202853113075	0.04551910725079202	365640.7198134788	256168.8947487598
3.55874688e7	5.488761370788994	0.16882166353064015	-1.0943220041680987e-7	-5.4653732788558395e-9	0.0701313514032084	0.04561642101747522	367061.93666740984	257093.70958771728
3.56874336e7	5.477793100948763	0.16827418730949106	-1.1001099277595364e-7	-5.4880283074797286e-9	0.07034267685613933	0.04571446370560073	368487.4229067199	258020.50708181653
3.57873984e7	5.466766623417771	0.16772443456401254	-1.1059680940332022e-7	-5.5109208304406586e-9	0.07055603805965403	0.045813245129866065	369917.2186463201	258949.30187680305
3.58873632e7	5.455681255827745	0.16717238215101685	-1.111897830410616e-7	-5.534054843492257e-9	0.07077146879271373	0.04591277521568355	371351.36417858076	259880.1086648932
3.5987328e7	5.444536264372524	0.16661800541162658	-1.1179005193096511e-7	-5.557434542401099e-9	0.07098900436903073	0.04601306441484188	372789.90240053454	260812.94287033228
3.60872928e7	5.433330887702098	0.16606127881332686	-1.123977586871181e-7	-5.581064259280743e-9	0.07120868121640002	0.04611412350500943	374232.87769381766	261747.82039130593
3.61872576e7	5.422064365716442	0.165502176851575	-1.1301304885122251e-7	-5.604948386991694e-9	0.07143053634720983	0.04621596334152433	375680.3343896093	262684.7571199194
3.62872224e7	5.410735938315535	0.1649406740218284	-1.1363607103728959e-7	-5.62909138390669e-9	0.07165460739594887	0.04631859486860994	377132.3168190882	263623.76894827763
3.63871872e7	5.399344845399351	0.1643767448195444	-1.142669770124924e-7	-5.653497774993384e-9	0.07188093263372165	0.04642202911993035	378588.8693134335	264564.87176848605
3.6487152e7	5.387890314103112	0.16381036338038182	-1.1490592249207124e-7	-5.678172189623631e-9	0.07210955123187647	0.04652627733094775	380050.0368265581	265508.0816331381
3.65871168e7	5.376371509461288	0.16324150200711854	-1.1555307002213184e-7	-5.7031195035635535e-9	0.07234050425128384	0.04663135137557996	381515.86745969485	266453.41548213403
3.66870816e7	5.3647875805030685	0.16267013248431902	-1.162085865891891e-7	-5.728344711380004e-9	0.07257383378062271	0.04673726336760303	382986.41019065276	267400.8905432603
3.67870464e7	5.353137676402012	0.162096226599747	-1.1687264282848988e-7	-5.75385288394759e-9	0.07280958264031884	0.04684402551935574	384461.7139914396	268350.5240436124
3.68870112e7	5.3414209463316755	0.16151975614116612	-1.1754541313187104e-7	-5.7796491701841716e-9	0.07304779440313103	0.04695165014352372	385941.8278340636	269302.3332102859
3.6986976e7	5.329636539037192	0.16094069288468593	-1.1822707577560148e-7	-5.8057387996395e-9	0.07328851342102391	0.04706014965743559	387426.8007109352	270256.3352752616
3.70869408e7	5.317783562803107	0.16035900745419224	-1.1891781536020833e-7	-5.8321272024460175e-9	0.07353178564787405	0.04716953694004487	388916.6836091164	271212.54799590557
3.71869056e7	5.305861068813551	0.15977466877331917	-1.196178239874255e-7	-5.85882006095806e-9	0.07377765901695571	0.047279825486906984	390411.5304281187	272170.9899630559
3.72868704e7	5.293868106356459	0.15918764568876742	-1.2032729823814123e-7	-5.885823152299868e-9	0.07402618237013107	0.04739102892238344	391911.39519107685	273131.67982062785
3.73868352e7	5.281803724719768	0.1585979070472375	-1.2104643918724319e-7	-5.913142345154226e-9	0.07427740544154535	0.04750316098294006	393416.3319211259	274094.63621253695
3.74868e7	5.269666973128088	0.15800542169382245	-1.2177545253546955e-7	-5.940783601523289e-9	0.07453137888152903	0.047616235518126784	394926.3946442343	275059.8777832529
3.75867648e7	5.257456871520955	0.15741015764897595	-1.2251455051099964e-7	-5.968753067728501e-9	0.07478815488154296	0.047730266754505826	396441.63881328335	276027.4235423785
3.76867296e7	5.245172369631968	0.15681208088473766	-1.232639545737563e-7	-5.997057201905026e-9	0.075047788062687	0.04784526967076265	397962.1234044669	276997.29347058415
3.77866944e7	5.232812407425967	0.15621115707119923	-1.2402389201153313e-7	-6.0257025964269735e-9	0.07531033428091954	0.04796125945782306	399487.90790850145	277969.5077063202
3.78866592e7	5.2203759248677875	0.155607351878452	-1.247945955119594e-7	-6.054695951163516e-9	0.07557585045452518	0.04807825143109981	401019.0518161039	278944.08638803766
3.7986624e7	5.207861861915959	0.1550006309764411	-1.2557630332277059e-7	-6.084044075351288e-9	0.07584439459226022	0.04819626103078725	402555.61461825774	279921.04965423374
3.80865888e7	5.19526912780522	0.1543909592011585	-1.263692613522002e-7	-6.113753987497131e-9	0.07611602647103521	0.048315304102387456	404097.6572635893	280900.41799867316
3.81865536e7	5.182596549073283	0.15377829901248838	-1.2717372672169294e-7	-6.143833081962613e-9	0.07639080879044677	0.04843539737845673	405645.2447972552	281882.2130113262
3.82865184e7	5.169842940254235	0.15316261248391438	-1.279899636351823e-7	-6.174288913208046e-9	0.0766688057414218	0.04855655783916538	407198.4429136981	282866.45648548036
3.83864832e7	5.157007115882158	0.15254386168892006	-1.288182428286418e-7	-6.205129162435273e-9	0.07695008278784649	0.04867880260241764	408757.31730736146	283853.17021442344
3.8486448e7	5.1440878904911385	0.15192200870098904	-1.2965884177129392e-7	-6.236361639781903e-9	0.07723470670155437	0.04880214892378084	410321.933672688	284842.3759914431
3.85864128e7	5.1310840471009875	0.15129701475107607	-1.3051204694321984e-7	-6.267994390771769e-9	0.07752274628259682	0.048926614487788365	411892.3591895386	285834.0959527427
3.86863776e7	5.117994268591432	0.15066883825528912	-1.3137815868564905e-7	-6.300035924625143e-9	0.0778142739177857	0.04905221805047225	413468.6659179165	286828.35348841146
3.87863424e7	5.104817221799721	0.1500374371222052	-1.3225748609568974e-7	-6.332494947465095e-9	0.07810936383505711	0.04917897866888779	415050.9267654477	287825.172256948
3.88863072e7	5.091551573584644	0.14940276926089974	-1.3315034623534406e-7	-6.36538031576866e-9	0.07840809179945515	0.049306915551716464	416639.2146388327	288824.5759167092
3.8986272e7	5.078195990804992	0.14876479258044836	-1.3405706438821417e-7	-6.3987010389222415e-9	0.07871053515772561	0.04943604805888672	418233.60244477197	289826.5881260515
3.90862368e7	5.064749106168442	0.14812346409041582	-1.3497797666621198e-7	-6.432466399078753e-9	0.07901677364695368	0.04956639602103705	419834.16467960284	290831.2329010417
3.91862016e7	5.051209435604634	0.1474787375875269	-1.359134361059807e-7	-6.466686237134221e-9	0.07932689132502177	0.049697980522310524	421440.98144223046	291838.53563601605
3.92861664e7	5.037575480246117	0.1468305663836543	-1.3686380620386697e-7	-6.501370615640216e-9	0.07964097439283199	0.04983082295268304	423054.1336361709	292848.52198796824
3.93861312e7	5.0238457414654025	0.14617890379642898	-1.3782946021626663e-7	-6.536529774875408e-9	0.07995911091404072	0.04996494486512219	424673.7021544557	293861.21761201473
3.9486096e7	5.010018718557129	0.1455237030909598	-1.3881078165088072e-7	-6.572174144184309e-9	0.0802813909239411	0.050100367996091445	426299.7679858457	294876.6481813388
3.95860608e7	4.996092829345427	0.14486491536607013	-1.3980817030855056e-7	-6.608314625961031e-9	0.08060790831827884	0.050237115019860286	427932.4159598459	295894.840226853
3.96860256e7	4.982066394556252	0.14420248903020505	-1.4082204404213138e-7	-6.6449626591858885e-9	0.08093876133743556	0.05037520970874683	429571.7355720574	296915.8214533063
3.97859904e7	4.967937730359282	0.14353637234735342	-1.418528327011627e-7	-6.68212990642711e-9	0.08127405054114581	0.05051467605727766	431217.8165519028	297939.6196459585
3.98859552e7	4.953705152924191	0.14286651358150387	-1.4290097821653115e-7	-6.719828242576947e-9	0.08161387877341751	0.05065553823635285	432870.74862880475	298966.26259006956
3.998592e7	4.939366955499211	0.14219286042247636	-1.4396693672967655e-7	-6.75806984338873e-9	0.08195835177521327	0.050797820810725626	434530.62255653203	299995.77829024184
4.00858848e7	4.924921294404285	0.1415153569442704	-1.4505118768876152e-7	-6.796867608881685e-9	0.08230758098906037	0.050941549840562234	436197.5354648243	301028.1962115346
4.01858496e7	4.910366282463538	0.14083394595546245	-1.461542277187639e-7	-6.836234833765216e-9	0.0826616815103607	0.05108675199436968	437871.5866701775	302063.5463773242
4.02858144e7	4.895700032973516	0.14014857027254113	-1.4727656791064512e-7	-6.876185058695191e-9	0.08302077114437634	0.05123345412261011	439552.87547339266	303101.85880963464
4.03857792e7	4.880920644216956	0.13945917233775543	-1.484187355452466e-7	-6.9167321336687935e-9	0.08338497087000969	0.051381683403815784	441241.50185935793	304143.16366157023
4.0485744e7	4.866026075083393	0.13876569098076696	-1.495812844306427e-7	-6.957890696064541e-9	0.08375440798243965	0.051531468556826006	442937.57225762465	305187.4924786932
4.05857088e7	4.851014214455854	0.13806806312178324	-1.507647905486711e-7	-6.999675923639553e-9	0.0841292146031846	0.0516828391775558	444641.19639875833	306234.8776268271
4.06856736e7	4.835882951173671	0.1373662256731049	-1.5196984737393098e-7	-7.042103283324291e-9	0.08450952611038252	0.051835825054677605	446352.48401992756	307285.3514808443
4.07856384e7	4.820630162457091	0.13666011526011354	-1.531970674673867e-7	-7.085188581904338e-9	0.08489548153792194	0.0519904562767796	448071.5453840283	308338.9465155231
4.08856032e7	4.805253577038217	0.1359496647201928	-1.5444709437000954e-7	-7.128948510408607e-9	0.08528722713737681	0.05214676457897113	449798.4975667364	309395.6966188808
4.0985568e7	4.789750833242145	0.13523480447887176	-1.5572059918198225e-7	-7.173400434836534e-9	0.08568491516679064	0.05230478278292921	451533.46187362703	310455.63665815117
4.10855328e7	4.774119569437882	0.13451546495108613	-1.5701827421054573e-7	-7.218562058033706e-9	0.08608870179875618	0.05246454390109652	453276.55961735523	311518.8015133328
4.11854976e7	4.758357391348771	0.13379157576742173	-1.5834083655250592e-7	-7.264451559684487e-9	0.08649874809692158	0.052626081451734384	455027.91355285683	312585.2263335626
4.12854624e7	4.74246172323385	0.13306306198106765	-1.596890417747874e-7	-7.3110882106243194e-9	0.08691522403892803	0.05278943094098848	456787.6546792105	313654.9479586994
4.13854272e7	4.726429928860713	0.13232984702046224	-1.6106367528060227e-7	-7.35849190457322e-9	0.08733830569828424	0.052954628666757556	458555.91684691206	314728.0038807026
4.1485392e7	4.710259371741593	0.13159185430704987	-1.624655483571391e-7	-7.406682929354323e-9	0.08776817388793716	0.05312171110722823	460332.8339187366	315804.43159440695
4.15853568e7	4.693947325418597	0.13084900511595252	-1.6389550712244723e-7	-7.455682353718529e-9	0.08820501670532026	0.05329071580932883	462118.5437229746	316884.2693206103
4.16853216e7	4.677490863379863	0.13010121568580038	-1.6535444387738902e-7	-7.50551250448857e-9	0.08864903274433743	0.05346168250171769	463913.19316102116	317967.5571283538
4.17852864e7	4.6608870335445465	0.1293484015527736	-1.668432836132514e-7	-7.55619626237175e-9	0.08910042681718268	0.053634651337357855	465716.93035075796	319054.33537496394
4.18852512e7	4.644132875474779	0.128590478068474	-1.6836298386239842e-7	-7.607757003438796e-9	0.0895594097268578	0.05380966270097434	467529.9037669998	320144.6444708907
4.1985216e7	4.627225243920451	0.12782735620090568	-1.6991455234672061e-7	-7.660219381972736e-9	0.09002620330991705	0.05398675898677872	469352.27002816816	321238.5262805463
4.20851808e7	4.610160823130598	0.1270589426160352	-1.714990480857397e-7	-7.713609290713359e-9	0.0905010404901686	0.05416598446008817	471184.1934795073	322336.0242483338
4.21851456e7	4.592936292092264	0.1262851438155251	-1.7311756831086392e-7	-7.76795317150183e-9	0.09098416114443172	0.05434738355939843	473025.83873087366	323437.1818965953
4.22851104e7	4.575548283459961	0.12550586525951676	-1.7477125408105257e-7	-7.823278213459874e-9	0.09147581352882063	0.05453100128842749	474877.37238926184	324542.0430585377
4.23850752e7	4.557993148507044	0.12472100577910038	-1.7646131502778732e-7	-7.879613437196245e-9	0.09197626124618118	0.054716885615701975	476738.97342361946	325650.65373356803
4.248504e7	4.5402671508161285	0.12393046193654376	-1.7818901396122652e-7	-7.936988850862464e-9	0.09248577839296156	0.054905085480899604	478610.82481116086	326763.06078205124
4.25850048e7	4.5223665465850615	0.12313413013369177	-1.7995566149031433e-7	-7.995435113582047e-9	0.09300464769616174	0.05509564993181789	480493.1098432551	327879.3111094693
4.26849696e7	4.504287368616095	0.12233190172000433	-1.8176263992366134e-7	-8.054984567692941e-9	0.09353316712285845	0.055288630326903405	482386.02145902836	328999.4531523227
4.27849344e7	4.4860254249944385	0.12152366264702147	-1.836114071565343e-7	-8.115671275899204e-9	0.09407165059103453	0.05548408033899855	484289.7625375691	330123.53716468636
4.28848992e7	4.467576515119672	0.1207092986178227	-1.8550347840744673e-7	-8.177530046134372e-9	0.09462042231277958	0.0556820536726143	486204.536371875	331251.6135059182
4.2984864e7	4.4489362938333485	0.11988869217638815	-1.8744044316495364e-7	-8.24059711202003e-9	0.09517982128110222	0.05588260542802593	488130.55242431414	332383.7334325693
4.30848288e7	4.430100084683674	0.11906171826011075	-1.894239888258054e-7	-8.304911073617973e-9	0.09575020754119916	0.056085794024659914	490068.0345392565	333519.9505670683
4.31847936e7	4.411063172216484	0.11822825080538585	-1.9145587481823288e-7	-8.370511520864173e-9	0.09633195431788347	0.05629167809355754	492017.20832411345	334660.3188995088
4.32847584e7	4.3918207078575175	0.11738816090924119	-1.9353794650112665e-7	-8.437439538055772e-9	0.09692545149382986	0.056500317393123736	493978.30499504274	335804.89319106005
4.33847232e7	4.372367472682383	0.11654131136996969	-1.95672165932325e-7	-8.505738933416828e-9	0.09753111371554155	0.05671177525736113	495951.57169092324	336953.7306678263
4.3484688e7	4.352698184936682	0.11568756348582537	-1.9786058423987925e-7	-8.575454742223726e-9	0.09814937200797462	0.05692611527904927	497937.2583255472	338106.8890479022
4.35846528e7	4.332807397444657	0.11482677514595746	-2.0010535801164353e-7	-8.646633802369186e-9	0.09878067778538824	0.057143402295752654	499935.6216982264	339264.4269163971
4.36846176e7	4.312689239333191	0.1139587949507309	-2.024087849372765e-7	-8.71932614072406e-9	0.0994255120682881	0.05736370505391702	501946.9366530676	340426.40550446406
4.37845824e7	4.292337775779798	0.1130834699616622	-2.0477327028722607e-7	-8.793583149296486e-9	0.10008437542550513	0.05758709227472818	503971.4808583706	341592.8865470896
4.38845472e7	4.271746856670702	0.11220064290800288	-2.0720135081640959e-7	-8.86945845127632e-9	0.10075779386074622	0.05781363412757345	506009.54090456385	342763.93281132705
4.3984512e7	4.250909862413065	0.11131014651300063	-2.096957330976629e-7	-8.947009326261315e-9	0.10144632846401845	0.05804340482845961	508061.42317021126	343939.60976114083
4.40844768e7	4.229820110157688	0.11041181202405405	-2.1225925448758228e-7	-9.02629456268736e-9	0.10215056380023106	0.05827647812483712	510127.43678996	345119.983321692
4.41844416e7	4.208470542710705	0.10950546318350711	-2.1489492929254782e-7	-9.107376253740711e-9	0.10287111956281167	0.0585129304471251	512207.9065375021	346305.1211409816
4.42844064e7	4.1868536853579235	0.10859091495841915	-2.176059653542788e-7	-9.190320102098209e-9	0.10360865395137003	0.05875284118822533	514303.17464259715	347495.093172814
4.43843712e7	4.164961974165465	0.10766798055840224	-2.2039573435453265e-7	-9.275193637705773e-9	0.1043638545426606	0.05899628891186725	516413.58693298686	348689.96979307587
4.4484336e7	4.142787278693144	0.1067364620336081	-2.2326784393775488e-7	-9.3620690469764e-9	0.10513745645888502	0.05924335625192826	518539.5124904702	349889.8239171348
4.45843008e7	4.12032119724574	0.10579615572500274	-2.2622611439602662e-7	-9.45102150685692e-9	0.10593023474325518	0.05949412642036586	520681.3319293435	351094.7298948151
4.46842656e7	4.097554960123431	0.10484685108612923	-2.292746054682059e-7	-9.542129876816009e-9	0.10674301008493357	0.05974868389874743	522839.44089321524	352304.7634155028
4.47842304e7	4.074479222720853	0.10388832625269405	-2.3241766068120597e-7	-9.635478001975e-9	0.10757665894828473	0.06000711631188195	525014.2585657719	353520.0027391964
4.48841952e7	4.051084447805532	0.1029203557264307	-2.3565987370649557e-7	-9.731152477794184e-9	0.10843210302176724	0.06026950979727049	527206.2119815313	354740.5268574037
4.498416e7	4.027360355350201	0.10194270011581465	-2.390061831329666e-7	-9.829246146840526e-9	0.1093103322203961	0.06053595450487049	529415.7584592908	355966.4174582895
4.50841248e7	4.003296374954793	0.10095511445001835	-2.4246183202394487e-7	-9.929855329361431e-9	0.11021239207861522	0.06080653905888441	531643.3671471198	357197.75741458946
4.51840896e7	3.9788812215210685	0.09995734093121154	-2.4603245160355633e-7	-1.0033082634585893e-8	0.11113940328613625	0.06108135452708534	533889.5359723377	358434.63181661326
4.52840544e7	3.9541031511894604	0.098949113183019	-2.497240515337332e-7	-1.0139035411535616e-8	0.11209255676500829	0.061360490842131375	536154.7815345032	359677.1274136689
4.53840192e7	3.9289497334419377	0.09793015301795305	-2.53543082567436e-7	-1.0247827255921876e-8	0.1130731271201771	0.061644038403526565	538439.6478156176	360925.3327237749
4.5483984e7	3.9034078688253833	0.0969001701379427	-2.574964671364296e-7	-1.0359578018631955e-8	0.11408247758482307	0.061932086864658	540744.7057785501	362179.33839545713
4.55839488e7	3.877463818120403	0.09585886375813953	-2.615916309918185e-7	-1.047441368793141e-8	0.11512206491367898	0.06222472361234947	543070.5517300745	363439.2363472368
4.56839136e7	3.8511029109916635	0.094805916915837	-2.6583658961705404e-7	-1.0592468386257938e-8	0.1161934577425673	0.06252203561692318	545417.8191776567	364705.1209801979
4.57838784e7	3.824309889575122	0.09374100334563516	-2.702399388623742e-7	-1.0713882042343226e-8	0.11729833045401208	0.06282410404653466	547787.1647943304	365977.08763275406
4.58838432e7	3.7970683297953256	0.09266377761121936	-2.7481099914114606e-7	-1.0838804490673242e-8	0.11843849504312803	0.06313100880884956	550179.2914254655	367255.2339784285
4.5983808e7	3.7693610975468026	0.09157388331541017	-2.795597976390873e-7	-1.0967392155962457e-8	0.11961589206287573	0.06344282137657545	552594.9297938747	368539.6586358592
4.60837728e7	3.7411697531474473	0.09047094356601075	-2.844972322551501e-7	-1.1099812366351636e-8	0.12083262606935134	0.06375960885225032	555034.8619595957	369830.4621650072
4.61837376e7	3.712474976083154	0.08935456851570328	-2.896350710341924e-7	-1.1236240049817896e-8	0.12209095984698189	0.06408142637327831	557499.9043818663	371127.74587065016
4.62837024e7	3.6832560185399834	0.08822434695693425	-2.949861286698553e-7	-1.1376861678725453e-8	0.12339335135891626	0.06440831970664972	559990.92928255	372431.6124771586
4.63836672e7	3.6534909055884337	0.08707985047011997	-3.0056432363025085e-7	-1.1521873491048495e-8	0.1247424606668859	0.06474031903252242	562508.8564235397	373742.1652017158
4.6483632e7	3.6231562213901563	0.0859206301976678	-3.0638482041009405e-7	-1.1671482663241714e-8	0.12614117672418043	0.06507743657597556	565054.6615381347	375059.50796224194
4.65835968e7	3.5922268242919557	0.08474621457937602	-3.124642029798948e-7	-1.1825909289438168e-8	0.12759265040223217	0.06541966411676972	567629.3867726723	376383.7444273798
4.66835616e7	3.5606760933552852	0.08355611233150913	-3.188205615676533e-7	-1.1985383347401055e-8	0.1291003058394422	0.06576696372858676	570234.1313567088	377714.97817563306
4.67835264e7	3.528475232699447	0.0823498052146524	-3.2547378437074296e-7	-1.2150149912262974e-8	0.1306678990049084	0.0661192674410058	572870.0778677227	379053.31141614955
4.68834912e7	3.4955935550460144	0.08112675241090374	-3.3244567913177745e-7	-1.2320465401463139e-8	0.13229953451724752	0.06647646481546655	575538.481634194	380398.84454960504
4.6983456e7	3.4619980284774643	0.07988638559076788	-3.397602693259496e-7	-1.2496599975538344e-8	0.1339997219022012	0.0668383966112484	578240.6873411618	381751.6755498388
4.70834208e7	3.427653056903393	0.07862810858961482	-3.474440780000206e-7	-1.2678837787418573e-8	0.1357734267473906	0.0672048436195658	580978.1368486526	383111.8983848731
4.71833856e7	3.3925203190806115	0.07735129703076375	-3.5552643608242885e-7	-1.2867476037345714e-8	0.13762612536448313	0.06757551210710028	583752.3759806773	384479.60175857216
4.72833504e7	3.356558412834229	0.07605529583517483	-3.6403987920803474e-7	-1.306282530861835e-8	0.13956387723519187	0.06795001784416616	586565.0669197123	385854.86783755635
4.73833152e7	3.319722373592948	0.07473941718645995	-3.7302063259158026e-7	-1.3265210896761505e-8	0.14159341428925631	0.06832786702263129	589418.0065797236	387237.7694059522
4.748328e7	3.2819635518670225	0.07340294149720054	-3.825090769891005e-7	-1.3474969525046304e-8	0.14372222245698157	0.06870842812698436	592313.1305976831	388628.36823115934
4.75832448e7	3.2432290087814466	0.07204511454609687	-3.92550409598633e-7	-1.3692450275591537e-8	0.14595866305672683	0.06909090189137895	595252.5359522927	390026.7116704385
4.76832096e7	3.20346097853894	0.07066514619385765	-4.031953921922981e-7	-1.391801408473739e-8	0.14831210845809398	0.06947428183374417	598238.5006798877	391432.82882002584
4.77831744e7	3.162596306136787	0.0692622099193509	-4.145012285924694e-7	-1.415203262548752e-8	0.15079310038259552	0.06985730395428755	601273.5046355929	392846.7256519317
4.78831392e7	3.1205657474586825	0.06783544151030127	-4.2653263102492004e-7	-1.439488764117034e-8	0.1534135423894922	0.07023838351369625	604360.2553012826	394268.37931225664
4.7983104e7	3.077293165518731	0.06638393815830539	-4.393631072878458e-7	-1.4646970610558781e-8	0.15618693126751265	0.07061553428829233	607501.717357976	395697.73084910295
4.80830688e7	3.032694579236672	0.06490675742515248	-4.5307653385722556e-7	-1.4908683382410262e-8	0.15912863843562186	0.0709862649789233	610701.1475740036	397134.67612559046
4.81830336e7	2.9866770599210093	0.06340291618312008	-4.677690874012682e-7	-1.5180440221316738e-8	0.16225625262327806	0.07134744504413544	613962.1354003308	398579.05447298114
4.82829984e7	2.9391373141346775	0.06187138882005264	-4.835516839605755e-7	-1.5462674169239138e-8	0.16559000923057376	0.07169513048342176	617288.6547332379	400030.63353416894
4.83829632e7	2.8899601174508875	0.06031110526229656	-5.005530123502203e-7	-1.5755846751260328e-8	0.1691533148949683	0.07202433330139463	620685.1202732938	401489.0910391771
4.8482928e7	2.8390162881468908	0.05872094690461527	-5.189234589319778e-7	-1.6060467514166753e-8	0.17297341454486045	0.07232871586137452	624156.4615466	402953.9896223108
4.85828928e7	2.78616039651694	0.05709974094584784	-5.388401470515083e-7	-1.6377125021279173e-8	0.17708222252241249	0.07260017854939103	627708.2036280326	404424.74748424225
4.86828576e7	2.7312276239631004	0.05544624914404696	-5.605137423152896e-7	-1.670654653735305e-8	0.18151741053112255	0.07282830001659064	631346.5786823713	405900.59490294365
4.87828224e7	2.6740301001944826	0.053759149923465505	-5.841976076015683e-7	-1.704969993151457e-8	0.18632379801760746	0.07299956211713313	635078.6514411283	407380.5212750835
4.88827872e7	2.6143519765608403	0.05203700515132564	-6.102007419631244e-7	-1.740798848319237e-8	0.19155520267873635	0.07309626295700003	638912.4838483424	408863.20130438486
4.8982752e7	2.551942877556752	0.05027819922547002	-6.389066725570739e-7	-1.778363165385144e-8	0.19727693193551946	0.0730949612398953	642857.3451243362	410346.8942161642
4.90827168e7	2.486509395595351	0.04848082681866046	-6.70802099132106e-7	-1.818042813885855e-8	0.20356916652951856	0.07296420039461056	646923.9691179306	411829.3091453314
4.91826816e7	2.4177023391410892	0.046642459447199865	-7.06523469578342e-7	-1.86053452787809e-8	0.21053179764329608	0.07266108873750862	651124.9112164289	413307.4054280057
4.92826464e7	2.3450983190438572	0.044759688380334686	-7.469370289956425e-7	-1.907181889411166e-8	0.2182914409181658	0.07212598480519604	655475.0093028321	414777.11414724024
4.93826112e7	2.2681702906142256	0.04282718810056478	-7.932882336395802e-7	-1.9606537302538278e-8	0.22701217604419063	0.07127387789049826	659992.0257327339	416232.91955326434
4.9482576e7	2.1862356827363856	0.040835760603015595	-8.475081760757756e-7	-2.0262964510049058e-8	0.2369131528003562	0.06997956514886844	664697.5799935921	417667.2004037585
4.95825408e7	2.0983585586572664	0.03876852134781105	-9.129147758676333e-7	-2.1147608948253804e-8	0.24829974194473503	0.068050063285417	669618.5392744426	419069.1737137847
4.96825056e7	2.0031338215407613	0.036593226235259305	-9.96078089024168e-7	-2.247492920864496e-8	0.26162652830444727	0.06516682527442309	674789.3288851486	420423.0082917971
4.97824704e7	1.8981192447095396	0.034244860011584666	-1.1129851679623758e-6	-2.4737457317469863e-8	0.27765074399500816	0.06074043844744006	680256.2669907785	421704.04743767955
4.98824352e7	1.777835091163913	0.03156862873123992	-1.318727357756225e-6	-2.9465379570565517e-8	0.2979409235120868	0.053408792066586476	686087.7030471514	422869.40610902186
4.99824e7	1.6195444766691265	0.02831227456874758	-2.1136310872036155e-6	-2.8590963736818032e-8	0.3283656161489202	0.037231285964371266	692412.4531508742	423819.07169929676